1 0.12 0.452 0.017 0.038
1 0.141 0.441 0.017 0.034
1 0.176 0.416 0.016 0.029
1 0.146 0.534 0.043 0.081
1 0.043 0.474 0.031 0.066
1 0.093 0.482 0.02 0.037
1 0.072 0.507 0.027 0.047
1 0.104 0.389 0.016 0.028
1 0.078 0.408 0.016 0.037
1 0.051 0.41 0.017 0.032
1 0.328 0.534 0.039 0.067
1 0.251 0.486 0.026 0.056
1 0.329 0.434 0.019 0.037
1 0.382 0.449 0.017 0.034
1 0.43 0.53 0.045 0.085
1 0.53 0.54 0.047 0.082
1 0.567 0.48 0.012 0.022
1 0.475 0.492 0.026 0.056
1 0.525 0.653 0.072 0.114
1 0.813 0.534 0.076 0.13
1 0.767 0.465 0.012 0.037
1 0.835 0.455 0.017 0.035
1 0.875 0.48 0.013 0.025
1 0.599 0.506 0.03 0.048
1 0.203 0.509 0.026 0.051
1 0.167 0.479 0.022 0.035
1 0.105 0.455 0.022 0.035
1 0.013 0.401 0.015 0.029
1 0.745 0.536 0.03 0.056
1 0.507 0.515 0.022 0.044
1 0.005 0.519 0.01 0.037
