1 0.017 0.333 0.005 0.008
1 0.306 0.303 0.035 0.053
1 0.492 0.314 0.04 0.065
1 0.533 0.286 0.012 0.018
1 0.519 0.294 0.011 0.016
1 0.567 0.309 0.015 0.022
1 0.648 0.309 0.013 0.018
1 0.687 0.269 0.012 0.017
1 0.681 0.301 0.011 0.017
1 0.661 0.321 0.01 0.02
1 0.714 0.322 0.011 0.023
1 0.725 0.323 0.015 0.023
1 0.751 0.32 0.014 0.023
1 0.771 0.326 0.012 0.023
1 0.774 0.298 0.011 0.018
1 0.828 0.31 0.01 0.021
1 0.836 0.305 0.015 0.023
1 0.836 0.326 0.016 0.027
1 0.883 0.333 0.014 0.025
1 0.926 0.333 0.019 0.03
1 0.938 0.307 0.019 0.033
1 0.927 0.417 0.011 0.018
1 0.587 0.313 0.015 0.02
1 0.585 0.29 0.012 0.021
1 0.628 0.284 0.034 0.062
1 0.99 0.297 0.013 0.021
