1 0.252 0.52 0.01 0.017
1 0.157 0.462 0.009 0.015
1 0.106 0.427 0.01 0.017
1 0.302 0.407 0.008 0.016
1 0.256 0.351 0.007 0.015
1 0.339 0.344 0.006 0.012
1 0.365 0.442 0.008 0.013
1 0.419 0.333 0.006 0.013
1 0.452 0.383 0.008 0.015
1 0.511 0.318 0.007 0.012
1 0.488 0.354 0.008 0.015
1 0.629 0.31 0.007 0.013
1 0.603 0.339 0.008 0.016
1 0.582 0.31 0.007 0.013
1 0.638 0.396 0.008 0.013
1 0.728 0.31 0.006 0.012
1 0.682 0.316 0.007 0.012
1 0.849 0.293 0.006 0.012
1 0.782 0.296 0.007 0.012
1 0.778 0.344 0.008 0.015
1 0.838 0.362 0.008 0.012
1 0.958 0.345 0.008 0.016
1 0.853 0.415 0.009 0.013
1 0.551 0.372 0.008 0.012
1 0.494 0.426 0.01 0.015
1 0.498 0.493 0.01 0.017
1 0.56 0.45 0.009 0.016
1 0.65 0.461 0.01 0.016
1 0.622 0.412 0.009 0.016
1 0.694 0.372 0.007 0.013
1 0.728 0.416 0.008 0.013
1 0.719 0.391 0.008 0.013
1 0.757 0.491 0.009 0.015
1 0.188 0.746 0.015 0.034
1 0.596 0.71 0.012 0.02
1 0.72 0.671 0.013 0.028
1 0.957 0.631 0.015 0.032
1 0.862 0.649 0.014 0.031
1 0.98 0.504 0.011 0.017
1 0.465 0.736 0.014 0.023
1 0.606 0.566 0.009 0.013
1 0.873 0.465 0.009 0.015
1 0.773 0.426 0.01 0.013
