1 0.026 0.647 0.013 0.026
1 0.046 0.693 0.01 0.024
1 0.07 0.686 0.011 0.024
1 0.064 0.651 0.011 0.024
1 0.042 0.618 0.01 0.028
1 0.074 0.593 0.012 0.023
1 0.071 0.721 0.012 0.026
1 0.115 0.701 0.012 0.03
1 0.065 0.562 0.008 0.023
1 0.021 0.568 0.011 0.024
1 0.067 0.519 0.009 0.024
1 0.108 0.651 0.011 0.028
1 0.118 0.624 0.011 0.026
1 0.094 0.553 0.01 0.019
1 0.132 0.552 0.011 0.024
1 0.146 0.643 0.012 0.026
1 0.105 0.522 0.01 0.023
1 0.137 0.589 0.011 0.024
1 0.173 0.585 0.011 0.024
1 0.174 0.642 0.011 0.024
1 0.188 0.681 0.013 0.026
1 0.199 0.636 0.01 0.03
1 0.214 0.629 0.011 0.026
1 0.042 0.766 0.013 0.028
1 0.101 0.891 0.012 0.024
1 0.088 0.763 0.013 0.03
1 0.024 0.758 0.013 0.03
1 0.136 0.78 0.01 0.024
1 0.127 0.769 0.009 0.024
1 0.215 0.739 0.012 0.026
1 0.041 0.499 0.009 0.023
1 0.029 0.419 0.011 0.019
1 0.02 0.462 0.011 0.024
1 0.043 0.466 0.01 0.019
1 0.059 0.43 0.009 0.023
1 0.065 0.469 0.011 0.024
1 0.074 0.508 0.01 0.023
1 0.088 0.457 0.01 0.021
1 0.073 0.465 0.008 0.017
1 0.093 0.478 0.01 0.023
1 0.119 0.494 0.011 0.023
1 0.138 0.48 0.01 0.023
1 0.15 0.512 0.011 0.024
1 0.156 0.508 0.007 0.019
1 0.151 0.451 0.01 0.024
1 0.117 0.443 0.011 0.024
1 0.106 0.44 0.011 0.019
1 0.065 0.4 0.01 0.023
1 0.086 0.417 0.009 0.021
1 0.11 0.407 0.011 0.023
1 0.129 0.413 0.009 0.021
1 0.146 0.43 0.01 0.023
1 0.158 0.421 0.007 0.019
1 0.012 0.496 0.008 0.026
1 0.007 0.474 0.006 0.017
1 0.165 0.659 0.012 0.023
1 0.196 0.713 0.008 0.023
1 0.196 0.596 0.011 0.026
1 0.233 0.608 0.011 0.028
1 0.23 0.678 0.008 0.019
1 0.255 0.689 0.011 0.024
1 0.243 0.576 0.01 0.023
1 0.288 0.7 0.009 0.024
1 0.267 0.672 0.01 0.024
1 0.259 0.632 0.01 0.021
1 0.287 0.582 0.011 0.026
1 0.173 0.42 0.011 0.024
1 0.186 0.408 0.01 0.024
1 0.198 0.427 0.011 0.021
1 0.19 0.454 0.01 0.023
1 0.174 0.495 0.01 0.024
1 0.187 0.493 0.01 0.024
1 0.206 0.475 0.01 0.026
1 0.195 0.543 0.011 0.026
1 0.218 0.529 0.011 0.023
1 0.209 0.463 0.009 0.019
1 0.221 0.437 0.01 0.023
1 0.212 0.411 0.01 0.021
1 0.24 0.4 0.01 0.023
1 0.252 0.427 0.011 0.021
1 0.234 0.493 0.012 0.024
1 0.239 0.474 0.009 0.017
1 0.251 0.485 0.01 0.023
1 0.255 0.535 0.011 0.024
1 0.268 0.518 0.011 0.026
1 0.273 0.48 0.011 0.023
1 0.274 0.456 0.01 0.019
1 0.275 0.403 0.01 0.024
1 0.171 0.532 0.01 0.016
1 0.119 0.596 0.007 0.012
1 0.227 0.759 0.013 0.031
1 0.315 0.458 0.011 0.024
1 0.292 0.43 0.008 0.023
1 0.294 0.42 0.009 0.021
1 0.316 0.439 0.008 0.017
1 0.326 0.434 0.01 0.024
1 0.355 0.454 0.009 0.023
1 0.35 0.479 0.009 0.021
1 0.342 0.403 0.009 0.021
1 0.364 0.418 0.01 0.024
1 0.298 0.615 0.011 0.023
1 0.318 0.584 0.011 0.023
1 0.3 0.55 0.01 0.021
1 0.339 0.545 0.011 0.024
1 0.361 0.579 0.012 0.026
1 0.302 0.524 0.01 0.021
1 0.335 0.505 0.011 0.024
1 0.369 0.509 0.01 0.024
1 0.37 0.549 0.011 0.024
1 0.389 0.534 0.011 0.026
1 0.387 0.569 0.01 0.026
1 0.392 0.593 0.011 0.023
1 0.4 0.556 0.012 0.026
1 0.425 0.587 0.011 0.024
1 0.425 0.562 0.011 0.023
1 0.421 0.548 0.01 0.023
1 0.337 0.686 0.012 0.021
1 0.338 0.745 0.012 0.028
1 0.39 0.655 0.011 0.026
1 0.391 0.637 0.012 0.024
1 0.357 0.639 0.007 0.021
1 0.431 0.688 0.012 0.028
1 0.403 0.718 0.01 0.026
1 0.318 0.632 0.013 0.028
1 0.44 0.619 0.01 0.023
1 0.445 0.634 0.009 0.021
1 0.301 0.663 0.012 0.024
1 0.275 0.649 0.01 0.017
1 0.236 0.738 0.01 0.024
1 0.261 0.747 0.007 0.016
1 0.267 0.731 0.006 0.014
1 0.375 0.39 0.011 0.026
1 0.39 0.462 0.009 0.021
1 0.405 0.396 0.01 0.021
1 0.429 0.433 0.01 0.023
1 0.434 0.421 0.012 0.023
1 0.462 0.426 0.01 0.023
1 0.462 0.392 0.01 0.021
1 0.445 0.411 0.009 0.021
1 0.41 0.489 0.011 0.026
1 0.418 0.483 0.01 0.024
1 0.448 0.487 0.011 0.026
1 0.437 0.541 0.009 0.019
1 0.451 0.56 0.011 0.023
1 0.474 0.579 0.011 0.026
1 0.485 0.53 0.011 0.024
1 0.49 0.482 0.01 0.023
1 0.5 0.469 0.009 0.024
1 0.498 0.562 0.009 0.021
1 0.527 0.533 0.01 0.028
1 0.527 0.516 0.01 0.023
1 0.531 0.484 0.009 0.021
1 0.398 0.431 0.008 0.017
1 0.48 0.396 0.009 0.021
1 0.495 0.418 0.01 0.023
1 0.5 0.405 0.007 0.016
1 0.547 0.547 0.011 0.024
1 0.525 0.431 0.009 0.021
1 0.541 0.396 0.009 0.021
1 0.55 0.443 0.009 0.024
1 0.555 0.475 0.009 0.019
1 0.559 0.501 0.01 0.023
1 0.565 0.569 0.01 0.023
1 0.581 0.563 0.008 0.019
1 0.595 0.553 0.01 0.023
1 0.589 0.566 0.007 0.014
1 0.591 0.516 0.009 0.019
1 0.592 0.48 0.01 0.023
1 0.579 0.422 0.009 0.021
1 0.572 0.383 0.011 0.023
1 0.588 0.413 0.011 0.024
1 0.598 0.401 0.01 0.021
1 0.6 0.448 0.011 0.024
1 0.524 0.58 0.009 0.021
1 0.638 0.562 0.012 0.026
1 0.61 0.556 0.01 0.024
1 0.645 0.602 0.01 0.023
1 0.616 0.485 0.01 0.019
1 0.613 0.421 0.01 0.019
1 0.63 0.449 0.009 0.019
1 0.631 0.424 0.008 0.021
1 0.63 0.378 0.01 0.024
1 0.67 0.43 0.011 0.023
1 0.654 0.489 0.008 0.019
1 0.684 0.451 0.009 0.021
1 0.683 0.522 0.008 0.016
1 0.659 0.556 0.011 0.024
1 0.687 0.563 0.009 0.023
1 0.683 0.6 0.01 0.023
1 0.664 0.39 0.01 0.023
1 0.689 0.415 0.009 0.021
1 0.653 0.523 0.01 0.023
1 0.687 0.503 0.007 0.017
1 0.716 0.4 0.01 0.023
1 0.74 0.421 0.011 0.023
1 0.748 0.396 0.01 0.021
1 0.723 0.459 0.009 0.023
1 0.761 0.468 0.011 0.023
1 0.777 0.434 0.008 0.021
1 0.739 0.458 0.011 0.024
1 0.721 0.493 0.01 0.021
1 0.707 0.475 0.008 0.019
1 0.734 0.485 0.007 0.019
1 0.791 0.503 0.01 0.019
1 0.805 0.441 0.011 0.021
1 0.717 0.511 0.01 0.019
1 0.459 0.687 0.013 0.026
1 0.675 0.646 0.009 0.017
1 0.696 0.589 0.011 0.021
1 0.824 0.493 0.009 0.021
1 0.788 0.523 0.008 0.021
1 0.809 0.555 0.011 0.023
1 0.948 0.643 0.012 0.026
1 0.932 0.637 0.01 0.024
1 0.88 0.62 0.011 0.024
1 0.935 0.56 0.013 0.023
1 0.956 0.579 0.008 0.023
1 0.91 0.606 0.01 0.024
1 0.884 0.588 0.01 0.023
1 0.876 0.565 0.007 0.019
1 0.864 0.538 0.01 0.021
1 0.85 0.566 0.011 0.024
1 0.829 0.6 0.012 0.026
1 0.826 0.635 0.012 0.028
1 0.794 0.571 0.012 0.024
1 0.787 0.555 0.009 0.019
1 0.801 0.536 0.008 0.016
1 0.78 0.635 0.012 0.023
1 0.788 0.637 0.007 0.017
1 0.763 0.634 0.01 0.024
1 0.783 0.59 0.011 0.024
1 0.778 0.53 0.009 0.023
1 0.885 0.557 0.007 0.017
1 0.743 0.557 0.01 0.021
1 0.758 0.556 0.007 0.017
1 0.733 0.589 0.007 0.026
1 0.767 0.507 0.009 0.021
1 0.713 0.561 0.009 0.024
1 0.725 0.549 0.009 0.023
1 0.66 0.614 0.01 0.023
1 0.989 0.639 0.012 0.024
1 0.961 0.67 0.011 0.021
1 0.985 0.57 0.009 0.019
1 0.718 0.43 0.006 0.016
1 0.702 0.455 0.007 0.014
1 0.72 0.62 0.014 0.028
1 0.737 0.661 0.012 0.028
1 0.722 0.684 0.011 0.024
1 0.777 0.704 0.013 0.026
1 0.91 0.672 0.012 0.028
1 0.882 0.689 0.011 0.024
1 0.858 0.684 0.01 0.024
1 0.848 0.701 0.01 0.026
1 0.831 0.694 0.009 0.026
1 0.823 0.688 0.011 0.026
1 0.625 0.572 0.01 0.023
1 0.597 0.526 0.009 0.021
1 0.816 0.582 0.01 0.024
1 0.872 0.651 0.011 0.028
1 0.902 0.652 0.01 0.023
1 0.315 0.413 0.01 0.017
1 0.332 0.6 0.009 0.019
1 0.417 0.643 0.006 0.023
1 0.422 0.633 0.008 0.019
1 0.219 0.558 0.008 0.019
1 0.232 0.654 0.012 0.019
1 0.515 0.395 0.006 0.016
1 0.284 0.44 0.009 0.019
1 0.967 0.632 0.008 0.021
1 0.97 0.597 0.008 0.021
1 0.814 0.464 0.007 0.019
1 0.958 0.703 0.011 0.021
