1 0.037 0.303 0.017 0.029
1 0.133 0.316 0.027 0.053
1 0.141 0.266 0.013 0.035
1 0.188 0.295 0.023 0.069
1 0.284 0.255 0.016 0.029
1 0.306 0.256 0.024 0.07
1 0.415 0.296 0.012 0.032
1 0.444 0.294 0.008 0.023
1 0.45 0.26 0.012 0.028
1 0.488 0.237 0.005 0.012
1 0.5 0.244 0.007 0.016
1 0.533 0.211 0.037 0.085
1 0.632 0.304 0.017 0.034
1 0.681 0.37 0.009 0.022
1 0.697 0.367 0.009 0.018
1 0.701 0.28 0.007 0.016
1 0.713 0.277 0.011 0.023
1 0.744 0.411 0.009 0.012
1 0.765 0.367 0.009 0.023
1 0.755 0.25 0.009 0.018
1 0.813 0.277 0.008 0.02
1 0.859 0.271 0.052 0.111
1 0.906 0.267 0.01 0.019
1 0.945 0.247 0.007 0.012
1 0.94 0.298 0.009 0.016
1 0.979 0.269 0.01 0.016
1 0.619 0.261 0.012 0.026
1 0.816 0.228 0.006 0.012
