1 0.027 0.05 0.008 0.013
1 0.049 0.047 0.007 0.012
1 0.068 0.052 0.007 0.012
1 0.065 0.036 0.004 0.006
1 0.021 0.108 0.007 0.01
1 0.01 0.193 0.007 0.015
1 0.033 0.186 0.008 0.015
1 0.06 0.209 0.008 0.019
1 0.08 0.195 0.007 0.015
1 0.095 0.194 0.008 0.016
1 0.099 0.178 0.009 0.013
1 0.086 0.101 0.008 0.013
1 0.092 0.1 0.007 0.013
1 0.011 0.246 0.008 0.015
1 0.031 0.243 0.008 0.016
1 0.026 0.268 0.009 0.016
1 0.05 0.269 0.006 0.012
1 0.065 0.271 0.007 0.016
1 0.079 0.281 0.007 0.013
1 0.081 0.3 0.009 0.013
1 0.029 0.291 0.008 0.012
1 0.029 0.312 0.009 0.016
1 0.006 0.315 0.006 0.009
1 0.042 0.344 0.007 0.013
1 0.022 0.382 0.01 0.019
1 0.034 0.393 0.007 0.013
1 0.066 0.377 0.006 0.01
1 0.038 0.475 0.008 0.013
1 0.034 0.418 0.008 0.01
1 0.106 0.392 0.007 0.012
1 0.092 0.387 0.009 0.012
1 0.121 0.379 0.007 0.015
1 0.109 0.359 0.006 0.015
1 0.091 0.355 0.008 0.013
1 0.112 0.305 0.009 0.016
1 0.128 0.288 0.008 0.017
1 0.117 0.267 0.009 0.019
1 0.151 0.286 0.008 0.016
1 0.148 0.259 0.005 0.009
1 0.192 0.28 0.009 0.013
1 0.193 0.257 0.007 0.015
1 0.165 0.211 0.008 0.012
1 0.187 0.198 0.011 0.015
1 0.206 0.206 0.007 0.016
1 0.224 0.211 0.007 0.012
1 0.215 0.195 0.007 0.01
1 0.145 0.193 0.008 0.01
1 0.124 0.198 0.008 0.012
1 0.124 0.169 0.008 0.013
1 0.157 0.164 0.008 0.013
1 0.141 0.132 0.007 0.009
1 0.126 0.142 0.006 0.015
1 0.177 0.13 0.008 0.013
1 0.182 0.116 0.007 0.009
1 0.157 0.137 0.006 0.009
1 0.148 0.078 0.006 0.01
1 0.157 0.078 0.006 0.015
1 0.21 0.066 0.008 0.016
1 0.224 0.128 0.007 0.012
1 0.241 0.105 0.008 0.016
1 0.239 0.078 0.008 0.015
1 0.255 0.073 0.008 0.015
1 0.238 0.054 0.007 0.012
1 0.26 0.118 0.006 0.006
1 0.256 0.137 0.008 0.016
1 0.239 0.14 0.005 0.006
1 0.276 0.132 0.007 0.007
1 0.271 0.101 0.007 0.01
1 0.292 0.063 0.006 0.013
1 0.322 0.107 0.008 0.01
1 0.329 0.061 0.006 0.009
1 0.348 0.057 0.007 0.013
1 0.343 0.084 0.007 0.012
1 0.294 0.14 0.009 0.013
1 0.321 0.146 0.007 0.01
1 0.319 0.182 0.007 0.012
1 0.323 0.175 0.007 0.01
1 0.3 0.214 0.009 0.012
1 0.323 0.204 0.008 0.013
1 0.315 0.257 0.005 0.01
1 0.316 0.233 0.007 0.012
1 0.257 0.251 0.008 0.013
1 0.228 0.287 0.008 0.016
1 0.242 0.214 0.007 0.01
1 0.223 0.316 0.007 0.01
1 0.213 0.326 0.008 0.013
1 0.221 0.36 0.008 0.01
1 0.223 0.379 0.007 0.013
1 0.217 0.408 0.008 0.01
1 0.226 0.443 0.006 0.012
1 0.238 0.428 0.009 0.013
1 0.242 0.457 0.006 0.016
1 0.23 0.472 0.008 0.015
1 0.168 0.474 0.009 0.009
1 0.135 0.475 0.009 0.016
1 0.118 0.468 0.009 0.012
1 0.178 0.432 0.008 0.013
1 0.209 0.432 0.008 0.013
1 0.202 0.427 0.009 0.013
1 0.188 0.393 0.008 0.016
1 0.174 0.344 0.007 0.017
1 0.176 0.307 0.008 0.013
1 0.161 0.32 0.008 0.016
1 0.154 0.347 0.007 0.017
1 0.253 0.275 0.007 0.016
1 0.281 0.358 0.01 0.017
1 0.259 0.39 0.006 0.019
1 0.305 0.33 0.011 0.02
1 0.313 0.308 0.009 0.015
1 0.342 0.326 0.008 0.013
1 0.347 0.353 0.009 0.015
1 0.355 0.356 0.009 0.017
1 0.337 0.381 0.01 0.02
1 0.382 0.385 0.01 0.017
1 0.406 0.383 0.009 0.019
1 0.427 0.303 0.008 0.013
1 0.459 0.316 0.008 0.016
1 0.475 0.316 0.008 0.019
1 0.409 0.326 0.01 0.016
1 0.404 0.285 0.008 0.017
1 0.373 0.295 0.009 0.015
1 0.373 0.278 0.008 0.012
1 0.355 0.265 0.008 0.009
1 0.36 0.217 0.007 0.013
1 0.356 0.232 0.006 0.01
1 0.364 0.213 0.006 0.013
1 0.381 0.208 0.007 0.015
1 0.4 0.202 0.008 0.015
1 0.402 0.187 0.009 0.016
1 0.378 0.189 0.008 0.012
1 0.384 0.174 0.007 0.015
1 0.362 0.189 0.007 0.012
1 0.349 0.174 0.009 0.013
1 0.364 0.111 0.009 0.013
1 0.4 0.129 0.007 0.01
1 0.404 0.099 0.007 0.012
1 0.411 0.06 0.006 0.012
1 0.387 0.088 0.007 0.01
1 0.381 0.07 0.007 0.013
1 0.442 0.085 0.008 0.01
1 0.428 0.126 0.008 0.013
1 0.455 0.097 0.007 0.009
1 0.45 0.068 0.007 0.013
1 0.478 0.068 0.007 0.012
1 0.435 0.14 0.007 0.012
1 0.442 0.141 0.006 0.009
1 0.445 0.158 0.007 0.009
1 0.423 0.174 0.009 0.015
1 0.46 0.189 0.01 0.012
1 0.476 0.16 0.007 0.012
1 0.469 0.208 0.008 0.012
1 0.415 0.226 0.008 0.013
1 0.129 0.407 0.008 0.012
1 0.505 0.081 0.009 0.012
1 0.536 0.062 0.007 0.01
1 0.509 0.101 0.005 0.01
1 0.532 0.116 0.006 0.012
1 0.523 0.103 0.006 0.012
1 0.525 0.129 0.005 0.012
1 0.508 0.134 0.007 0.012
1 0.529 0.181 0.008 0.016
1 0.501 0.198 0.008 0.012
1 0.529 0.203 0.008 0.016
1 0.547 0.201 0.01 0.012
1 0.552 0.175 0.007 0.01
1 0.557 0.161 0.007 0.007
1 0.556 0.146 0.004 0.01
1 0.561 0.126 0.007 0.012
1 0.551 0.118 0.007 0.013
1 0.558 0.105 0.007 0.01
1 0.566 0.094 0.007 0.012
1 0.58 0.11 0.008 0.01
1 0.583 0.145 0.007 0.009
1 0.609 0.131 0.007 0.012
1 0.601 0.102 0.007 0.012
1 0.618 0.125 0.006 0.012
1 0.581 0.179 0.006 0.006
1 0.611 0.19 0.006 0.007
1 0.614 0.178 0.007 0.007
1 0.629 0.176 0.009 0.012
1 0.638 0.151 0.009 0.015
1 0.658 0.15 0.007 0.01
1 0.668 0.126 0.006 0.01
1 0.672 0.102 0.006 0.012
1 0.673 0.08 0.005 0.009
1 0.661 0.062 0.009 0.015
1 0.639 0.112 0.007 0.015
1 0.641 0.131 0.007 0.012
1 0.637 0.195 0.007 0.015
1 0.65 0.209 0.007 0.015
1 0.677 0.228 0.007 0.012
1 0.636 0.251 0.007 0.012
1 0.6 0.223 0.008 0.016
1 0.581 0.207 0.006 0.01
1 0.578 0.234 0.008 0.015
1 0.56 0.216 0.008 0.013
1 0.545 0.216 0.006 0.01
1 0.529 0.222 0.005 0.01
1 0.543 0.274 0.007 0.01
1 0.543 0.306 0.008 0.016
1 0.565 0.285 0.006 0.012
1 0.562 0.246 0.004 0.009
1 0.569 0.234 0.003 0.009
1 0.55 0.344 0.007 0.013
1 0.551 0.366 0.006 0.016
1 0.517 0.324 0.01 0.017
1 0.505 0.386 0.008 0.016
1 0.493 0.412 0.008 0.016
1 0.51 0.416 0.012 0.016
1 0.648 0.334 0.009 0.013
1 0.645 0.362 0.007 0.012
1 0.638 0.363 0.007 0.012
1 0.685 0.36 0.007 0.015
1 0.701 0.367 0.007 0.013
1 0.695 0.398 0.008 0.013
1 0.718 0.35 0.008 0.013
1 0.714 0.317 0.008 0.015
1 0.696 0.331 0.006 0.013
1 0.673 0.285 0.007 0.017
1 0.699 0.21 0.008 0.013
1 0.685 0.212 0.006 0.015
1 0.697 0.184 0.007 0.016
1 0.686 0.188 0.008 0.01
1 0.695 0.157 0.008 0.015
1 0.702 0.143 0.007 0.013
1 0.729 0.172 0.007 0.016
1 0.724 0.198 0.006 0.012
1 0.721 0.225 0.009 0.013
1 0.735 0.242 0.006 0.013
1 0.744 0.257 0.006 0.012
1 0.744 0.206 0.007 0.013
1 0.757 0.172 0.007 0.017
1 0.734 0.305 0.008 0.013
1 0.751 0.323 0.008 0.016
1 0.779 0.415 0.009 0.022
1 0.789 0.362 0.008 0.015
1 0.782 0.38 0.008 0.019
1 0.807 0.339 0.008 0.019
1 0.828 0.374 0.006 0.01
1 0.892 0.363 0.007 0.012
1 0.901 0.371 0.009 0.016
1 0.891 0.305 0.006 0.015
1 0.897 0.275 0.006 0.016
1 0.831 0.299 0.008 0.012
1 0.838 0.269 0.009 0.02
1 0.849 0.29 0.007 0.019
1 0.815 0.262 0.007 0.012
1 0.811 0.25 0.008 0.012
1 0.793 0.267 0.006 0.015
1 0.792 0.241 0.008 0.013
1 0.799 0.224 0.008 0.012
1 0.812 0.192 0.007 0.015
1 0.838 0.193 0.008 0.012
1 0.857 0.192 0.009 0.017
1 0.847 0.14 0.008 0.012
1 0.846 0.121 0.005 0.009
1 0.868 0.148 0.005 0.012
1 0.878 0.153 0.008 0.012
1 0.877 0.191 0.007 0.01
1 0.891 0.23 0.008 0.013
1 0.911 0.161 0.005 0.015
1 0.888 0.068 0.007 0.01
1 0.892 0.19 0.008 0.013
1 0.82 0.169 0.009 0.015
1 0.789 0.17 0.006 0.009
1 0.787 0.21 0.007 0.01
1 0.753 0.149 0.007 0.01
1 0.769 0.132 0.006 0.01
1 0.753 0.124 0.007 0.012
1 0.747 0.11 0.008 0.015
1 0.759 0.088 0.008 0.016
1 0.73 0.084 0.009 0.015
1 0.779 0.093 0.008 0.012
1 0.797 0.084 0.007 0.01
1 0.779 0.115 0.007 0.012
1 0.511 0.149 0.006 0.013
1 0.837 0.219 0.007 0.015
1 0.774 0.27 0.009 0.013
1 0.857 0.446 0.008 0.015
1 0.655 0.418 0.008 0.019
1 0.617 0.209 0.008 0.012
1 0.93 0.095 0.007 0.013
1 0.946 0.127 0.009 0.016
1 0.977 0.126 0.006 0.009
1 0.978 0.149 0.005 0.007
1 0.984 0.185 0.006 0.012
1 0.991 0.195 0.008 0.012
1 0.973 0.219 0.007 0.009
1 0.956 0.217 0.006 0.009
1 0.959 0.233 0.005 0.012
1 0.976 0.258 0.008 0.013
1 0.961 0.269 0.005 0.009
1 0.953 0.27 0.008 0.013
1 0.979 0.329 0.008 0.013
1 0.99 0.358 0.006 0.013
1 0.973 0.368 0.006 0.009
1 0.973 0.392 0.009 0.013
1 0.941 0.327 0.007 0.012
1 0.941 0.312 0.008 0.012
1 0.927 0.276 0.005 0.009
1 0.937 0.272 0.006 0.012
1 0.914 0.268 0.009 0.016
1 0.923 0.242 0.008 0.016
1 0.943 0.249 0.008 0.009
1 0.922 0.202 0.008 0.012
1 0.923 0.174 0.009 0.016
1 0.934 0.389 0.006 0.013
1 0.95 0.391 0.006 0.012
1 0.914 0.409 0.009 0.016
1 0.923 0.414 0.008 0.016
1 0.933 0.442 0.005 0.009
1 0.953 0.475 0.009 0.012
1 0.981 0.512 0.004 0.012
1 0.992 0.502 0.005 0.013
1 0.963 0.541 0.007 0.012
1 0.964 0.523 0.008 0.01
1 0.95 0.56 0.009 0.016
1 0.958 0.583 0.009 0.017
1 0.982 0.602 0.006 0.013
1 0.922 0.564 0.009 0.017
1 0.923 0.533 0.009 0.015
1 0.909 0.557 0.008 0.017
1 0.897 0.528 0.009 0.017
1 0.902 0.503 0.006 0.009
1 0.888 0.517 0.009 0.017
1 0.912 0.523 0.009 0.013
1 0.922 0.498 0.007 0.016
1 0.93 0.509 0.007 0.017
1 0.924 0.451 0.006 0.015
1 0.88 0.275 0.005 0.017
1 0.893 0.248 0.006 0.01
1 0.975 0.573 0.007 0.015
1 0.925 0.606 0.007 0.017
1 0.979 0.161 0.006 0.013
1 0.837 0.114 0.006 0.013
1 0.933 0.219 0.006 0.012
1 0.888 0.55 0.01 0.019
1 0.485 0.395 0.007 0.015
1 0.567 0.457 0.009 0.013
1 0.688 0.473 0.013 0.019
1 0.735 0.488 0.011 0.019
1 0.337 0.683 0.008 0.02
1 0.484 0.698 0.01 0.019
1 0.614 0.699 0.009 0.02
1 0.706 0.708 0.008 0.015
1 0.031 0.515 0.006 0.016
1 0.054 0.517 0.007 0.012
1 0.113 0.525 0.007 0.015
1 0.144 0.506 0.006 0.012
1 0.202 0.491 0.01 0.013
1 0.239 0.517 0.007 0.013
1 0.241 0.503 0.008 0.012
1 0.233 0.499 0.008 0.015
1 0.063 0.471 0.009 0.012
1 0.075 0.623 0.008 0.013
1 0.035 0.708 0.011 0.017
1 0.231 0.674 0.006 0.013
1 0.941 0.68 0.009 0.016
1 0.971 0.714 0.008 0.012
1 0.979 0.967 0.007 0.017
1 0.531 0.81 0.007 0.017
1 0.19 0.761 0.007 0.016
1 0.749 0.406 0.009 0.017
1 0.813 0.361 0.008 0.013
1 0.812 0.376 0.008 0.019
1 0.806 0.418 0.009 0.016
1 0.79 0.337 0.006 0.015
1 0.221 0.73 0.01 0.019
1 0.012 0.773 0.012 0.026
1 0.005 0.799 0.008 0.016
1 0.058 0.755 0.011 0.022
1 0.042 0.794 0.009 0.02
1 0.128 0.541 0.009 0.015
1 0.076 0.509 0.009 0.012
1 0.065 0.408 0.008 0.012
1 0.074 0.43 0.009 0.016
1 0.045 0.421 0.007 0.01
1 0.058 0.442 0.007 0.015
1 0.035 0.444 0.009 0.013
1 0.012 0.445 0.009 0.015
1 0.087 0.131 0.007 0.015
1 0.129 0.189 0.006 0.015
1 0.141 0.172 0.006 0.012
1 0.483 0.145 0.006 0.009
1 0.49 0.181 0.007 0.01
1 0.441 0.194 0.007 0.016
1 0.453 0.234 0.007 0.012
1 0.448 0.251 0.006 0.01
1 0.47 0.23 0.007 0.012
1 0.433 0.27 0.007 0.009
1 0.502 0.216 0.007 0.013
1 0.49 0.227 0.007 0.013
1 0.292 0.125 0.006 0.012
1 0.647 0.086 0.008 0.013
