1 0.851 0.339 0.007 0.013
1 0.866 0.331 0.007 0.009
1 0.732 0.324 0.009 0.016
1 0.726 0.349 0.012 0.018
1 0.711 0.326 0.006 0.009
1 0.676 0.314 0.009 0.014
1 0.673 0.346 0.015 0.022
1 0.644 0.329 0.012 0.02
1 0.599 0.344 0.015 0.022
1 0.573 0.324 0.006 0.009
1 0.551 0.337 0.01 0.017
1 0.525 0.314 0.01 0.013
1 0.48 0.313 0.008 0.014
1 0.459 0.313 0.014 0.022
1 0.422 0.315 0.015 0.023
1 0.384 0.303 0.007 0.01
1 0.318 0.307 0.015 0.026
1 0.283 0.303 0.007 0.014
1 0.221 0.324 0.014 0.025
1 0.204 0.298 0.015 0.026
1 0.134 0.29 0.016 0.023
