1 0.814 0.277 0.025 0.034
1 0.867 0.279 0.012 0.022
1 0.939 0.306 0.003 0.005
1 0.436 0.294 0.016 0.017
1 0.092 0.244 0.03 0.033
1 0.143 0.275 0.023 0.035
1 0.233 0.294 0.021 0.029
1 0.257 0.34 0.026 0.035
1 0.293 0.288 0.024 0.035
1 0.321 0.311 0.019 0.023
1 0.008 0.284 0.012 0.023
1 0.438 0.318 0.02 0.023
1 0.492 0.288 0.023 0.033
1 0.55 0.302 0.037 0.047
1 0.58 0.301 0.01 0.016
1 0.601 0.286 0.016 0.025
1 0.635 0.303 0.026 0.027
1 0.673 0.307 0.026 0.036
1 0.718 0.274 0.019 0.025
1 0.748 0.309 0.021 0.027
1 0.03 0.311 0.01 0.014
