1 0.454 0.58 0.026 0.044
1 0.562 0.59 0.022 0.04
1 0.513 0.545 0.021 0.038
1 0.586 0.554 0.019 0.043
1 0.104 0.531 0.021 0.046
1 0.615 0.596 0.021 0.038
1 0.541 0.594 0.012 0.037
1 0.673 0.443 0.018 0.037
1 0.214 0.888 0.039 0.081
1 0.089 0.091 0.019 0.041
1 0.197 0.087 0.021 0.043
1 0.878 0.594 0.015 0.04
1 0.938 0.597 0.013 0.028
1 0.891 0.592 0.009 0.018
1 0.824 0.602 0.013 0.021
1 0.846 0.587 0.01 0.021
1 0.935 0.943 0.034 0.072
1 0.451 0.064 0.023 0.048
1 0.488 0.096 0.023 0.046
1 0.554 0.112 0.022 0.04
1 0.888 0.269 0.014 0.023
1 0.99 0.329 0.013 0.026
1 0.778 0.917 0.018 0.066
1 0.905 0.279 0.011 0.021
1 0.967 0.896 0.04 0.059
1 0.331 0.568 0.022 0.044
1 0.782 0.259 0.012 0.019
1 0.944 0.325 0.014 0.021
1 0.191 0.111 0.021 0.037
1 0.226 0.703 0.026 0.046
1 0.857 0.284 0.014 0.028
