1 0.102 0.841 0.006 0.01
1 0.035 0.829 0.007 0.009
1 0.013 0.821 0.007 0.01
1 0.023 0.823 0.008 0.015
1 0.011 0.84 0.007 0.01
1 0.083 0.846 0.006 0.01
1 0.088 0.827 0.004 0.009
1 0.117 0.837 0.005 0.007
1 0.141 0.851 0.005 0.01
1 0.129 0.849 0.006 0.012
1 0.156 0.854 0.006 0.012
1 0.17 0.854 0.005 0.01
1 0.14 0.836 0.006 0.012
1 0.167 0.826 0.005 0.009
1 0.21 0.82 0.005 0.009
1 0.2 0.807 0.006 0.01
1 0.244 0.849 0.005 0.009
1 0.263 0.839 0.006 0.009
1 0.28 0.825 0.008 0.013
1 0.297 0.845 0.006 0.012
1 0.324 0.846 0.004 0.009
1 0.334 0.85 0.006 0.01
1 0.348 0.82 0.007 0.012
1 0.362 0.813 0.007 0.012
1 0.421 0.835 0.006 0.012
1 0.441 0.825 0.005 0.01
1 0.431 0.836 0.004 0.009
1 0.49 0.788 0.009 0.015
1 0.575 0.821 0.006 0.012
1 0.604 0.809 0.008 0.013
1 0.523 0.81 0.008 0.013
1 0.639 0.807 0.009 0.013
1 0.667 0.81 0.007 0.012
1 0.546 0.843 0.006 0.009
1 0.508 0.848 0.005 0.009
1 0.725 0.827 0.007 0.013
1 0.749 0.832 0.005 0.01
1 0.769 0.835 0.006 0.01
1 0.794 0.831 0.004 0.007
1 0.783 0.844 0.004 0.007
1 0.695 0.829 0.005 0.007
1 0.817 0.843 0.004 0.007
1 0.828 0.838 0.004 0.007
1 0.838 0.846 0.004 0.007
1 0.869 0.84 0.005 0.007
1 0.86 0.85 0.004 0.007
1 0.892 0.852 0.004 0.006
1 0.811 0.842 0.005 0.009
