1 0.021 0.05 0.021 0.035
1 0.98 0.611 0.021 0.027
1 0.914 0.527 0.02 0.035
1 0.769 0.563 0.02 0.031
1 0.807 0.539 0.02 0.038
1 0.727 0.494 0.026 0.047
1 0.732 0.354 0.02 0.031
1 0.769 0.404 0.019 0.033
1 0.765 0.365 0.013 0.026
1 0.781 0.283 0.021 0.036
1 0.812 0.265 0.023 0.042
1 0.855 0.273 0.024 0.039
1 0.901 0.31 0.026 0.046
1 0.969 0.263 0.028 0.046
1 0.961 0.139 0.021 0.036
1 0.842 0.207 0.015 0.022
1 0.892 0.096 0.023 0.038
1 0.977 0.064 0.02 0.033
1 0.958 0.04 0.02 0.034
1 0.537 0.198 0.019 0.039
1 0.76 0.224 0.017 0.027
1 0.737 0.178 0.024 0.03
1 0.617 0.094 0.02 0.04
1 0.581 0.106 0.017 0.033
1 0.583 0.079 0.021 0.035
1 0.626 0.047 0.013 0.029
1 0.723 0.021 0.023 0.042
1 0.7 0.014 0.023 0.029
1 0.551 0.055 0.018 0.026
