1 0.125 0.873 0.02 0.044
1 0.043 0.849 0.017 0.039
1 0.232 0.838 0.011 0.023
1 0.168 0.871 0.014 0.034
1 0.19 0.912 0.016 0.036
1 0.233 0.811 0.012 0.025
1 0.242 0.722 0.01 0.025
1 0.183 0.723 0.01 0.023
1 0.159 0.752 0.013 0.026
1 0.128 0.732 0.01 0.025
1 0.146 0.786 0.012 0.025
1 0.123 0.803 0.011 0.023
1 0.102 0.78 0.009 0.023
1 0.091 0.731 0.01 0.025
1 0.056 0.711 0.01 0.026
1 0.356 0.869 0.018 0.042
1 0.299 0.869 0.021 0.051
1 0.266 0.866 0.02 0.042
1 0.364 0.815 0.012 0.026
1 0.337 0.814 0.011 0.025
1 0.309 0.818 0.012 0.026
1 0.393 0.823 0.01 0.02
1 0.383 0.755 0.012 0.025
1 0.261 0.818 0.011 0.023
1 0.324 0.791 0.011 0.022
1 0.383 0.788 0.009 0.019
1 0.287 0.813 0.013 0.023
1 0.298 0.793 0.01 0.02
1 0.28 0.845 0.012 0.02
1 0.417 0.747 0.01 0.019
1 0.433 0.741 0.012 0.022
1 0.475 0.743 0.011 0.02
1 0.504 0.742 0.014 0.022
1 0.496 0.721 0.014 0.026
1 0.513 0.712 0.011 0.016
1 0.496 0.771 0.011 0.02
1 0.567 0.742 0.012 0.026
1 0.572 0.788 0.011 0.025
1 0.566 0.793 0.009 0.025
1 0.59 0.837 0.01 0.022
1 0.487 0.817 0.012 0.025
1 0.531 0.785 0.011 0.025
1 0.464 0.847 0.012 0.029
1 0.505 0.89 0.021 0.048
1 0.424 0.875 0.02 0.045
1 0.411 0.875 0.021 0.042
1 0.574 0.878 0.018 0.034
1 0.59 0.918 0.02 0.039
1 0.462 0.769 0.011 0.025
1 0.507 0.791 0.01 0.02
1 0.516 0.776 0.01 0.025
1 0.562 0.84 0.01 0.022
1 0.412 0.814 0.011 0.022
1 0.436 0.797 0.009 0.018
1 0.592 0.65 0.012 0.02
1 0.622 0.646 0.01 0.025
1 0.635 0.658 0.012 0.02
1 0.632 0.68 0.012 0.022
1 0.683 0.652 0.011 0.022
1 0.704 0.695 0.011 0.023
1 0.589 0.711 0.01 0.023
1 0.651 0.758 0.011 0.025
1 0.707 0.757 0.013 0.028
1 0.674 0.807 0.015 0.031
1 0.61 0.827 0.015 0.028
1 0.594 0.806 0.014 0.029
1 0.69 0.804 0.012 0.028
1 0.667 0.785 0.011 0.023
1 0.613 0.719 0.013 0.025
1 0.66 0.725 0.01 0.022
1 0.606 0.763 0.013 0.022
1 0.679 0.744 0.011 0.028
1 0.715 0.84 0.021 0.042
1 0.635 0.863 0.024 0.05
1 0.753 0.775 0.015 0.026
1 0.812 0.761 0.014 0.025
1 0.786 0.793 0.012 0.022
1 0.727 0.763 0.013 0.025
1 0.735 0.804 0.012 0.026
1 0.839 0.657 0.012 0.026
1 0.829 0.644 0.01 0.02
1 0.808 0.652 0.012 0.025
1 0.826 0.604 0.01 0.022
1 0.774 0.626 0.007 0.02
1 0.739 0.626 0.011 0.026
1 0.795 0.736 0.013 0.025
1 0.767 0.742 0.013 0.025
1 0.764 0.715 0.011 0.025
1 0.759 0.693 0.012 0.028
1 0.824 0.684 0.01 0.028
1 0.836 0.755 0.01 0.025
1 0.731 0.734 0.009 0.025
1 0.738 0.741 0.009 0.022
1 0.747 0.76 0.011 0.025
1 0.807 0.613 0.011 0.023
1 0.839 0.608 0.011 0.022
1 0.731 0.636 0.01 0.023
1 0.784 0.728 0.008 0.022
1 0.703 0.615 0.012 0.02
1 0.748 0.677 0.01 0.022
1 0.811 0.709 0.011 0.022
1 0.679 0.618 0.008 0.016
1 0.679 0.638 0.01 0.023
1 0.941 0.766 0.015 0.025
1 0.866 0.783 0.013 0.028
1 0.854 0.796 0.011 0.023
1 0.909 0.782 0.014 0.028
1 0.945 0.731 0.013 0.025
1 0.914 0.705 0.012 0.026
1 0.948 0.707 0.013 0.018
1 0.876 0.753 0.016 0.026
1 0.878 0.688 0.013 0.026
1 0.891 0.68 0.011 0.026
1 0.857 0.686 0.013 0.023
1 0.848 0.717 0.01 0.023
1 0.868 0.869 0.023 0.047
1 0.934 0.749 0.012 0.023
1 0.915 0.866 0.018 0.031
1 0.622 0.804 0.013 0.022
1 0.972 0.644 0.013 0.023
1 0.963 0.616 0.014 0.026
1 0.993 0.619 0.011 0.023
1 0.921 0.636 0.012 0.023
1 0.932 0.615 0.013 0.026
1 0.977 0.572 0.011 0.026
1 0.884 0.65 0.012 0.02
1 0.907 0.623 0.012 0.029
1 0.89 0.627 0.011 0.022
1 0.865 0.624 0.011 0.025
1 0.908 0.597 0.011 0.02
1 0.946 0.575 0.01 0.02
1 0.992 0.53 0.011 0.023
1 0.975 0.532 0.013 0.025
1 0.922 0.579 0.013 0.025
1 0.919 0.553 0.012 0.022
1 0.905 0.575 0.01 0.02
1 0.911 0.528 0.012 0.023
1 0.894 0.535 0.012 0.022
1 0.861 0.538 0.012 0.022
1 0.856 0.579 0.013 0.013
1 0.767 0.565 0.01 0.023
1 0.802 0.539 0.013 0.025
1 0.795 0.574 0.011 0.023
1 0.81 0.587 0.011 0.023
1 0.829 0.566 0.009 0.022
1 0.976 0.509 0.01 0.018
1 0.99 0.438 0.011 0.02
1 0.941 0.46 0.011 0.023
1 0.963 0.491 0.01 0.022
1 0.996 0.48 0.008 0.02
1 0.95 0.505 0.011 0.02
1 0.946 0.539 0.014 0.023
1 0.938 0.493 0.01 0.019
1 0.951 0.293 0.009 0.019
1 0.979 0.283 0.01 0.015
1 0.944 0.323 0.01 0.015
1 0.918 0.362 0.01 0.018
1 0.89 0.377 0.011 0.019
1 0.878 0.398 0.012 0.022
1 0.862 0.336 0.01 0.02
1 0.912 0.318 0.011 0.022
1 0.899 0.298 0.01 0.018
1 0.89 0.284 0.01 0.019
1 0.93 0.299 0.008 0.013
1 0.821 0.323 0.01 0.022
1 0.857 0.296 0.012 0.02
1 0.879 0.332 0.009 0.019
1 0.797 0.338 0.01 0.019
1 0.795 0.417 0.01 0.022
1 0.804 0.376 0.009 0.019
1 0.85 0.359 0.009 0.018
1 0.835 0.415 0.009 0.019
1 0.819 0.296 0.008 0.018
1 0.767 0.36 0.008 0.016
1 0.77 0.411 0.01 0.022
1 0.725 0.451 0.01 0.02
1 0.81 0.456 0.011 0.022
1 0.781 0.461 0.01 0.022
1 0.757 0.453 0.01 0.023
1 0.735 0.345 0.01 0.019
1 0.757 0.338 0.009 0.016
1 0.677 0.321 0.011 0.018
1 0.703 0.345 0.009 0.02
1 0.73 0.372 0.009 0.02
1 0.724 0.407 0.011 0.019
1 0.743 0.404 0.012 0.023
1 0.687 0.391 0.011 0.019
1 0.689 0.415 0.009 0.022
1 0.648 0.496 0.009 0.019
1 0.728 0.488 0.008 0.019
1 0.697 0.458 0.011 0.02
1 0.625 0.386 0.009 0.019
1 0.662 0.385 0.009 0.02
1 0.676 0.346 0.008 0.018
1 0.589 0.362 0.008 0.018
1 0.614 0.353 0.009 0.02
1 0.635 0.363 0.008 0.019
1 0.601 0.404 0.01 0.02
1 0.578 0.398 0.01 0.019
1 0.631 0.537 0.011 0.02
1 0.638 0.464 0.011 0.018
1 0.413 0.528 0.011 0.019
1 0.359 0.543 0.009 0.02
1 0.134 0.684 0.011 0.022
1 0.225 0.673 0.012 0.023
1 0.185 0.69 0.01 0.022
1 0.283 0.69 0.009 0.022
1 0.335 0.64 0.011 0.022
1 0.285 0.649 0.012 0.022
1 0.339 0.677 0.01 0.025
1 0.434 0.64 0.013 0.022
1 0.385 0.636 0.012 0.023
1 0.932 0.116 0.009 0.019
1 0.939 0.144 0.008 0.016
1 0.914 0.117 0.009 0.02
1 0.905 0.143 0.01 0.02
1 0.869 0.125 0.008 0.016
1 0.888 0.114 0.008 0.018
1 0.898 0.105 0.008 0.018
1 0.919 0.104 0.009 0.018
1 0.918 0.186 0.009 0.019
1 0.834 0.161 0.01 0.019
1 0.835 0.207 0.009 0.019
1 0.879 0.15 0.008 0.018
1 0.864 0.176 0.01 0.019
1 0.887 0.199 0.009 0.018
1 0.864 0.109 0.009 0.016
1 0.83 0.126 0.008 0.02
1 0.765 0.174 0.009 0.018
1 0.869 0.069 0.009 0.016
1 0.925 0.035 0.009 0.015
1 0.907 0.039 0.009 0.016
1 0.888 0.061 0.009 0.018
1 0.878 0.038 0.007 0.018
1 0.896 0.031 0.008 0.016
1 0.922 0.006 0.01 0.012
1 0.903 0.018 0.007 0.015
1 0.879 0.009 0.008 0.015
1 0.867 0.01 0.009 0.018
1 0.859 0.014 0.008 0.013
1 0.817 0.05 0.007 0.016
1 0.848 0.094 0.009 0.016
1 0.846 0.075 0.009 0.013
1 0.86 0.067 0.007 0.015
1 0.855 0.047 0.008 0.015
1 0.827 0.033 0.008 0.016
1 0.792 0.064 0.009 0.016
1 0.769 0.014 0.008 0.016
1 0.786 0.01 0.01 0.015
1 0.814 0.02 0.008 0.015
1 0.803 0.119 0.008 0.016
1 0.825 0.078 0.009 0.016
1 0.837 0.061 0.007 0.015
1 0.812 0.175 0.01 0.018
1 0.79 0.177 0.009 0.019
1 0.78 0.156 0.01 0.018
1 0.796 0.161 0.01 0.019
1 0.784 0.139 0.008 0.016
1 0.769 0.107 0.008 0.016
1 0.777 0.028 0.009 0.018
1 0.817 0.132 0.009 0.016
1 0.858 0.161 0.009 0.018
1 0.844 0.188 0.007 0.018
1 0.929 0.074 0.007 0.018
1 0.983 0.143 0.009 0.02
1 0.968 0.186 0.01 0.019
1 0.987 0.18 0.008 0.019
1 0.947 0.176 0.012 0.022
1 0.965 0.152 0.01 0.02
1 0.979 0.102 0.01 0.02
1 0.954 0.11 0.009 0.016
1 0.996 0.077 0.009 0.02
1 0.978 0.065 0.01 0.022
1 0.991 0.023 0.008 0.018
1 0.967 0.023 0.01 0.019
1 0.958 0.039 0.009 0.019
1 0.949 0.082 0.007 0.016
1 0.937 0.08 0.009 0.018
1 0.934 0.018 0.008 0.015
1 0.748 0.044 0.008 0.018
1 0.738 0.104 0.01 0.018
1 0.72 0.087 0.008 0.016
1 0.699 0.086 0.009 0.018
1 0.678 0.091 0.008 0.016
1 0.759 0.078 0.009 0.019
1 0.759 0.148 0.009 0.019
1 0.745 0.176 0.008 0.016
1 0.73 0.162 0.008 0.018
1 0.754 0.139 0.008 0.016
1 0.68 0.196 0.012 0.02
1 0.646 0.18 0.009 0.016
1 0.693 0.166 0.008 0.018
1 0.676 0.122 0.008 0.016
1 0.66 0.134 0.009 0.019
1 0.69 0.071 0.008 0.016
1 0.7 0.059 0.009 0.019
1 0.712 0.038 0.009 0.018
1 0.732 0.029 0.009 0.018
1 0.746 0.015 0.008 0.016
1 0.665 0.062 0.008 0.016
1 0.673 0.023 0.008 0.018
1 0.684 0.041 0.008 0.015
1 0.684 0.064 0.007 0.015
1 0.658 0.045 0.009 0.018
1 0.626 0.145 0.009 0.016
1 0.62 0.177 0.009 0.018
1 0.654 0.161 0.009 0.018
1 0.632 0.169 0.009 0.019
1 0.623 0.08 0.009 0.018
1 0.643 0.105 0.009 0.015
1 0.627 0.046 0.008 0.013
1 0.632 0.021 0.007 0.016
1 0.619 0.015 0.008 0.018
1 0.639 0.081 0.007 0.019
1 0.64 0.129 0.009 0.019
1 0.721 0.109 0.009 0.02
1 0.69 0.215 0.009 0.015
1 0.674 0.149 0.01 0.018
1 0.665 0.215 0.009 0.018
1 0.652 0.221 0.01 0.019
1 0.648 0.206 0.01 0.018
1 0.59 0.188 0.009 0.019
1 0.585 0.212 0.008 0.016
1 0.57 0.185 0.009 0.018
1 0.586 0.165 0.011 0.02
1 0.564 0.223 0.01 0.02
1 0.581 0.242 0.01 0.019
1 0.63 0.264 0.01 0.02
1 0.592 0.264 0.01 0.02
1 0.593 0.242 0.009 0.016
1 0.553 0.285 0.009 0.019
1 0.557 0.269 0.009 0.018
1 0.559 0.257 0.009 0.02
1 0.573 0.172 0.009 0.019
1 0.58 0.201 0.008 0.02
1 0.599 0.19 0.008 0.018
1 0.616 0.239 0.008 0.015
1 0.628 0.242 0.009 0.016
1 0.596 0.144 0.008 0.013
1 0.557 0.155 0.008 0.018
1 0.881 0.52 0.011 0.023
1 0.855 0.52 0.009 0.018
1 0.84 0.536 0.012 0.022
1 0.745 0.315 0.011 0.019
1 0.722 0.314 0.01 0.018
1 0.697 0.315 0.011 0.018
1 0.625 0.314 0.009 0.02
1 0.66 0.356 0.01 0.02
1 0.65 0.319 0.011 0.019
1 0.771 0.306 0.009 0.016
1 0.785 0.312 0.009 0.013
1 0.123 0.05 0.007 0.013
1 0.039 0.076 0.008 0.015
1 0.093 0.107 0.008 0.015
1 0.129 0.092 0.009 0.018
1 0.071 0.035 0.007 0.015
1 0.083 0.036 0.006 0.016
1 0.081 0.081 0.008 0.013
1 0.064 0.109 0.008 0.016
1 0.05 0.123 0.008 0.015
1 0.029 0.138 0.009 0.016
1 0.118 0.131 0.008 0.016
1 0.136 0.13 0.009 0.018
1 0.139 0.097 0.009 0.019
1 0.073 0.072 0.008 0.016
1 0.06 0.083 0.009 0.015
1 0.096 0.137 0.007 0.015
1 0.105 0.101 0.007 0.013
1 0.101 0.096 0.008 0.018
1 0.021 0.099 0.006 0.015
1 0.019 0.062 0.007 0.013
1 0.131 0.058 0.008 0.016
1 0.071 0.123 0.007 0.013
1 0.012 0.126 0.007 0.016
1 0.114 0.028 0.008 0.013
1 0.029 0.074 0.008 0.015
1 0.047 0.072 0.006 0.016
1 0.08 0.147 0.007 0.013
1 0.095 0.021 0.007 0.016
1 0.048 0.044 0.008 0.015
1 0.158 0.033 0.007 0.013
1 0.204 0.032 0.008 0.015
1 0.222 0.123 0.007 0.016
1 0.223 0.111 0.008 0.015
1 0.209 0.111 0.008 0.015
1 0.149 0.48 0.01 0.018
1 0.161 0.488 0.009 0.016
1 0.151 0.506 0.009 0.016
1 0.142 0.509 0.01 0.018
1 0.175 0.488 0.009 0.015
1 0.12 0.533 0.008 0.018
1 0.096 0.544 0.012 0.022
1 0.084 0.561 0.009 0.019
1 0.063 0.561 0.01 0.019
1 0.168 0.441 0.009 0.018
1 0.187 0.426 0.01 0.02
1 0.148 0.428 0.01 0.019
1 0.099 0.411 0.008 0.016
1 0.153 0.468 0.008 0.016
1 0.092 0.498 0.01 0.02
1 0.078 0.538 0.009 0.019
1 0.041 0.554 0.01 0.019
1 0.031 0.561 0.009 0.02
1 0.173 0.509 0.009 0.016
1 0.077 0.513 0.009 0.016
1 0.043 0.526 0.011 0.019
1 0.025 0.469 0.011 0.019
1 0.02 0.499 0.01 0.019
1 0.069 0.477 0.01 0.019
1 0.069 0.463 0.011 0.018
1 0.132 0.464 0.009 0.016
1 0.126 0.442 0.01 0.016
1 0.125 0.501 0.009 0.016
1 0.109 0.494 0.009 0.016
1 0.11 0.461 0.009 0.018
1 0.096 0.442 0.009 0.016
1 0.084 0.448 0.009 0.018
1 0.064 0.43 0.01 0.019
1 0.098 0.463 0.009 0.015
1 0.054 0.45 0.008 0.018
1 0.046 0.442 0.01 0.016
1 0.034 0.451 0.01 0.018
1 0.058 0.528 0.01 0.019
1 0.133 0.42 0.01 0.018
1 0.131 0.397 0.009 0.018
1 0.168 0.419 0.009 0.018
1 0.177 0.385 0.01 0.018
1 0.15 0.385 0.01 0.018
1 0.099 0.386 0.01 0.019
1 0.071 0.41 0.009 0.018
1 0.07 0.395 0.008 0.013
1 0.058 0.393 0.008 0.016
1 0.075 0.382 0.008 0.016
1 0.049 0.414 0.009 0.019
1 0.035 0.39 0.009 0.018
1 0.023 0.382 0.009 0.016
1 0.089 0.382 0.008 0.015
1 0.118 0.385 0.01 0.018
1 0.125 0.486 0.009 0.018
1 0.052 0.474 0.009 0.016
1 0.04 0.491 0.009 0.013
1 0.053 0.489 0.009 0.015
1 0.022 0.531 0.008 0.018
1 0.035 0.518 0.009 0.018
1 0.044 0.51 0.009 0.019
1 0.064 0.51 0.009 0.016
1 0.143 0.48 0.008 0.018
1 0.027 0.544 0.009 0.016
1 0.021 0.407 0.006 0.016
1 0.025 0.447 0.009 0.015
1 0.275 0.491 0.009 0.018
1 0.305 0.444 0.011 0.02
1 0.306 0.41 0.011 0.02
1 0.266 0.427 0.009 0.016
1 0.261 0.459 0.008 0.016
1 0.277 0.459 0.009 0.016
1 0.252 0.482 0.011 0.02
1 0.253 0.459 0.008 0.016
1 0.242 0.43 0.01 0.019
1 0.252 0.428 0.01 0.019
1 0.265 0.402 0.009 0.019
1 0.283 0.393 0.01 0.018
1 0.312 0.369 0.01 0.022
1 0.281 0.364 0.011 0.018
1 0.208 0.473 0.011 0.02
1 0.223 0.463 0.011 0.02
1 0.217 0.472 0.009 0.018
1 0.21 0.431 0.011 0.02
1 0.234 0.426 0.009 0.016
1 0.241 0.404 0.01 0.019
1 0.223 0.407 0.01 0.02
1 0.205 0.399 0.01 0.018
1 0.244 0.381 0.009 0.02
1 0.214 0.384 0.01 0.018
1 0.217 0.367 0.009 0.016
1 0.245 0.36 0.01 0.016
1 0.202 0.369 0.01 0.016
1 0.186 0.37 0.009 0.016
1 0.191 0.465 0.009 0.016
1 0.167 0.361 0.01 0.016
1 0.324 0.447 0.009 0.02
1 0.349 0.42 0.009 0.019
1 0.568 0.436 0.008 0.019
1 0.53 0.393 0.011 0.019
1 0.554 0.395 0.011 0.019
1 0.43 0.367 0.011 0.019
1 0.532 0.346 0.01 0.02
1 0.517 0.345 0.01 0.019
1 0.495 0.351 0.01 0.019
1 0.499 0.399 0.01 0.019
1 0.39 0.401 0.01 0.019
1 0.407 0.371 0.01 0.018
1 0.381 0.386 0.009 0.019
1 0.362 0.396 0.011 0.02
1 0.358 0.377 0.009 0.019
1 0.333 0.412 0.011 0.022
1 0.319 0.397 0.01 0.018
1 0.553 0.358 0.012 0.022
1 0.422 0.353 0.011 0.02
1 0.477 0.361 0.009 0.019
1 0.445 0.436 0.011 0.02
1 0.51 0.439 0.01 0.02
1 0.543 0.423 0.011 0.02
1 0.473 0.436 0.01 0.019
1 0.484 0.453 0.011 0.02
1 0.414 0.445 0.011 0.02
1 0.388 0.371 0.008 0.015
1 0.338 0.357 0.01 0.019
1 0.366 0.355 0.009 0.02
1 0.359 0.349 0.009 0.018
1 0.476 0.343 0.01 0.018
1 0.446 0.336 0.009 0.015
1 0.407 0.335 0.01 0.019
1 0.295 0.339 0.008 0.018
1 0.31 0.351 0.009 0.016
1 0.32 0.335 0.01 0.016
1 0.328 0.331 0.008 0.015
1 0.34 0.338 0.01 0.016
1 0.427 0.481 0.01 0.019
1 0.159 0.075 0.006 0.013
1 0.176 0.071 0.008 0.013
1 0.198 0.153 0.009 0.015
1 0.169 0.155 0.008 0.013
1 0.173 0.143 0.007 0.015
1 0.2 0.123 0.008 0.015
1 0.141 0.154 0.009 0.016
1 0.154 0.147 0.008 0.016
1 0.153 0.131 0.009 0.016
1 0.182 0.045 0.006 0.015
1 0.196 0.184 0.008 0.015
1 0.202 0.17 0.009 0.016
1 0.166 0.18 0.008 0.018
1 0.152 0.229 0.009 0.018
1 0.177 0.215 0.009 0.016
1 0.184 0.253 0.009 0.019
1 0.106 0.167 0.007 0.013
1 0.083 0.171 0.008 0.018
1 0.208 0.077 0.006 0.013
1 0.188 0.096 0.008 0.016
1 0.053 0.172 0.008 0.015
1 0.115 0.177 0.008 0.013
1 0.172 0.121 0.008 0.015
1 0.196 0.215 0.008 0.015
1 0.199 0.204 0.009 0.016
1 0.125 0.189 0.009 0.016
1 0.13 0.221 0.01 0.016
1 0.13 0.239 0.01 0.018
1 0.104 0.208 0.008 0.016
1 0.062 0.216 0.008 0.015
1 0.052 0.223 0.008 0.018
1 0.135 0.185 0.007 0.015
1 0.162 0.208 0.008 0.016
1 0.077 0.187 0.008 0.018
1 0.042 0.181 0.008 0.015
1 0.076 0.248 0.009 0.018
1 0.016 0.186 0.007 0.016
1 0.01 0.15 0.006 0.016
1 0.065 0.164 0.007 0.016
1 0.125 0.167 0.007 0.016
1 0.146 0.255 0.008 0.016
1 0.05 0.249 0.01 0.016
1 0.117 0.233 0.008 0.016
1 0.15 0.191 0.007 0.015
1 0.106 0.223 0.009 0.015
1 0.085 0.233 0.009 0.016
1 0.037 0.234 0.007 0.018
1 0.032 0.254 0.009 0.015
1 0.19 0.064 0.006 0.01
1 0.028 0.209 0.008 0.013
1 0.014 0.253 0.008 0.018
1 0.065 0.247 0.009 0.016
1 0.102 0.252 0.009 0.016
1 0.049 0.192 0.008 0.013
1 0.535 0.284 0.008 0.016
1 0.522 0.319 0.008 0.016
1 0.505 0.302 0.01 0.018
1 0.502 0.282 0.009 0.018
1 0.492 0.243 0.009 0.019
1 0.482 0.249 0.01 0.019
1 0.518 0.261 0.01 0.022
1 0.478 0.301 0.01 0.019
1 0.487 0.293 0.007 0.022
1 0.47 0.267 0.01 0.02
1 0.465 0.254 0.01 0.018
1 0.474 0.223 0.009 0.019
1 0.492 0.219 0.009 0.018
1 0.446 0.307 0.008 0.018
1 0.521 0.239 0.008 0.016
1 0.415 0.28 0.01 0.02
1 0.413 0.246 0.008 0.019
1 0.435 0.259 0.009 0.019
1 0.46 0.23 0.01 0.019
1 0.438 0.232 0.01 0.015
1 0.446 0.248 0.009 0.018
1 0.523 0.192 0.007 0.016
1 0.549 0.189 0.008 0.019
1 0.507 0.192 0.009 0.019
1 0.439 0.204 0.01 0.019
1 0.424 0.178 0.008 0.018
1 0.412 0.233 0.01 0.019
1 0.411 0.204 0.01 0.019
1 0.457 0.191 0.011 0.019
1 0.486 0.18 0.01 0.018
1 0.539 0.266 0.008 0.013
1 0.526 0.295 0.008 0.015
1 0.456 0.288 0.007 0.018
1 0.612 0.048 0.009 0.018
1 0.591 0.072 0.008 0.013
1 0.609 0.133 0.008 0.018
1 0.547 0.133 0.007 0.012
1 0.533 0.152 0.009 0.015
1 0.502 0.15 0.009 0.019
1 0.53 0.114 0.008 0.018
1 0.539 0.101 0.008 0.016
1 0.571 0.062 0.008 0.016
1 0.599 0.056 0.008 0.019
1 0.475 0.123 0.009 0.016
1 0.455 0.059 0.008 0.016
1 0.448 0.035 0.008 0.015
1 0.512 0.055 0.008 0.016
1 0.563 0.109 0.007 0.013
1 0.454 0.131 0.008 0.016
1 0.453 0.155 0.008 0.018
1 0.479 0.146 0.008 0.018
1 0.51 0.115 0.009 0.018
1 0.604 0.091 0.008 0.016
1 0.554 0.031 0.007 0.016
1 0.475 0.045 0.008 0.015
1 0.482 0.077 0.008 0.016
1 0.591 0.131 0.008 0.015
1 0.429 0.075 0.009 0.016
1 0.419 0.058 0.009 0.016
1 0.423 0.034 0.008 0.016
1 0.419 0.15 0.009 0.018
1 0.423 0.123 0.008 0.016
1 0.451 0.101 0.008 0.018
1 0.401 0.054 0.007 0.015
1 0.382 0.012 0.007 0.016
1 0.346 0.121 0.008 0.018
1 0.364 0.136 0.008 0.019
1 0.4 0.254 0.008 0.018
1 0.39 0.235 0.009 0.018
1 0.387 0.215 0.008 0.018
1 0.4 0.189 0.008 0.016
1 0.401 0.163 0.01 0.019
1 0.366 0.102 0.009 0.015
1 0.388 0.1 0.007 0.016
1 0.284 0.182 0.008 0.018
1 0.295 0.191 0.008 0.016
1 0.323 0.157 0.008 0.013
1 0.337 0.138 0.01 0.016
1 0.329 0.12 0.008 0.016
1 0.4 0.074 0.008 0.015
1 0.326 0.103 0.007 0.013
1 0.403 0.037 0.007 0.013
1 0.189 0.015 0.007 0.015
1 0.181 0.008 0.008 0.013
1 0.243 0.047 0.007 0.015
1 0.22 0.018 0.007 0.013
1 0.265 0.045 0.008 0.015
1 0.259 0.031 0.007 0.013
1 0.287 0.047 0.007 0.016
1 0.347 0.044 0.007 0.015
1 0.311 0.06 0.008 0.012
1 0.326 0.05 0.008 0.018
1 0.313 0.027 0.007 0.013
1 0.363 0.02 0.008 0.013
1 0.381 0.031 0.009 0.015
1 0.365 0.036 0.008 0.013
1 0.375 0.051 0.009 0.018
1 0.398 0.012 0.009 0.016
1 0.459 0.012 0.008 0.018
1 0.441 0.082 0.008 0.015
1 0.379 0.08 0.008 0.016
1 0.295 0.099 0.007 0.015
1 0.236 0.035 0.009 0.018
1 0.295 0.026 0.007 0.013
1 0.285 0.02 0.008 0.016
1 0.273 0.022 0.008 0.015
1 0.249 0.078 0.008 0.013
1 0.221 0.059 0.008 0.016
1 0.386 0.143 0.008 0.015
1 0.355 0.174 0.008 0.015
1 0.443 0.161 0.007 0.015
1 0.438 0.145 0.008 0.012
1 0.386 0.167 0.009 0.013
1 0.346 0.1 0.007 0.013
1 0.378 0.12 0.009 0.015
1 0.32 0.124 0.007 0.015
1 0.275 0.103 0.008 0.016
1 0.23 0.091 0.008 0.015
1 0.218 0.096 0.007 0.018
1 0.248 0.097 0.008 0.016
1 0.254 0.115 0.008 0.015
1 0.346 0.212 0.008 0.016
1 0.302 0.158 0.007 0.015
1 0.278 0.128 0.008 0.015
1 0.225 0.146 0.007 0.012
1 0.246 0.15 0.007 0.012
1 0.265 0.152 0.007 0.015
1 0.286 0.164 0.008 0.015
1 0.286 0.147 0.009 0.013
1 0.367 0.172 0.008 0.013
1 0.369 0.208 0.008 0.013
1 0.372 0.224 0.008 0.013
1 0.356 0.242 0.01 0.018
1 0.333 0.221 0.01 0.016
1 0.268 0.176 0.008 0.016
1 0.231 0.173 0.009 0.013
1 0.213 0.204 0.008 0.015
1 0.254 0.207 0.009 0.016
1 0.247 0.185 0.009 0.018
1 0.262 0.193 0.008 0.016
1 0.337 0.25 0.008 0.013
1 0.378 0.255 0.008 0.018
1 0.395 0.291 0.009 0.016
1 0.388 0.303 0.009 0.016
1 0.375 0.283 0.01 0.018
1 0.372 0.312 0.009 0.018
1 0.353 0.282 0.009 0.016
1 0.359 0.261 0.009 0.019
1 0.348 0.318 0.01 0.016
1 0.344 0.307 0.009 0.013
1 0.319 0.307 0.009 0.019
1 0.282 0.333 0.009 0.015
1 0.274 0.332 0.008 0.016
1 0.261 0.336 0.009 0.016
1 0.251 0.328 0.01 0.018
1 0.231 0.314 0.01 0.015
1 0.212 0.325 0.008 0.013
1 0.197 0.344 0.008 0.013
1 0.188 0.326 0.01 0.019
1 0.171 0.318 0.009 0.015
1 0.189 0.289 0.009 0.018
1 0.18 0.293 0.008 0.015
1 0.328 0.288 0.008 0.016
1 0.32 0.289 0.008 0.015
1 0.301 0.285 0.007 0.018
1 0.309 0.264 0.009 0.016
1 0.315 0.247 0.008 0.016
1 0.288 0.274 0.009 0.02
1 0.27 0.299 0.011 0.019
1 0.252 0.299 0.009 0.018
1 0.275 0.275 0.009 0.019
1 0.257 0.267 0.009 0.018
1 0.237 0.294 0.008 0.016
1 0.224 0.28 0.008 0.016
1 0.244 0.276 0.01 0.018
1 0.214 0.288 0.008 0.013
1 0.21 0.272 0.008 0.016
1 0.293 0.253 0.009 0.016
1 0.297 0.233 0.007 0.013
1 0.226 0.204 0.009 0.015
1 0.278 0.234 0.007 0.015
1 0.292 0.215 0.009 0.016
1 0.232 0.253 0.008 0.016
1 0.169 0.259 0.008 0.016
1 0.139 0.288 0.008 0.015
1 0.141 0.27 0.007 0.015
1 0.154 0.318 0.008 0.016
1 0.151 0.357 0.009 0.016
1 0.129 0.372 0.008 0.016
1 0.113 0.376 0.011 0.019
1 0.115 0.288 0.008 0.016
1 0.122 0.281 0.008 0.016
1 0.135 0.329 0.008 0.016
1 0.099 0.301 0.008 0.016
1 0.093 0.301 0.008 0.015
1 0.075 0.321 0.008 0.015
1 0.074 0.355 0.008 0.016
1 0.113 0.344 0.008 0.016
1 0.096 0.353 0.009 0.019
1 0.036 0.335 0.009 0.016
1 0.059 0.315 0.009 0.018
1 0.108 0.278 0.009 0.016
1 0.09 0.258 0.009 0.016
1 0.206 0.255 0.008 0.016
1 0.09 0.283 0.007 0.015
1 0.079 0.269 0.009 0.019
1 0.077 0.302 0.007 0.015
1 0.058 0.286 0.01 0.018
1 0.058 0.274 0.01 0.013
1 0.037 0.273 0.008 0.015
1 0.036 0.293 0.009 0.016
1 0.015 0.282 0.008 0.015
1 0.055 0.336 0.008 0.018
1 0.02 0.43 0.01 0.019
1 0.017 0.453 0.009 0.016
1 0.508 0.012 0.009 0.016
1 0.528 0.072 0.008 0.013
1 0.495 0.048 0.007 0.015
1 0.549 0.545 0.01 0.025
1 0.73 0.061 0.012 0.016
1 0.203 0.892 0.018 0.038
1 0.821 0.092 0.011 0.018
1 0.009 0.891 0.018 0.029
1 0.003 0.039 0.007 0.015
1 0.015 0.55 0.012 0.019
1 0.222 0.558 0.011 0.022
1 0.341 0.498 0.008 0.018
1 0.004 0.445 0.007 0.013
1 0.005 0.401 0.008 0.013
1 0.004 0.343 0.008 0.015
1 0.007 0.325 0.009 0.019
1 0.005 0.286 0.009 0.015
1 0.009 0.481 0.009 0.013
1 0.003 0.518 0.007 0.018
1 0.003 0.169 0.007 0.012
1 0.009 0.22 0.01 0.015
1 0.042 0.159 0.008 0.015
1 0.156 0.055 0.008 0.013
