1 0.029 0.396 0.018 0.031
1 0.083 0.411 0.044 0.078
1 0.116 0.382 0.015 0.034
1 0.178 0.348 0.021 0.039
1 0.182 0.395 0.021 0.046
1 0.211 0.441 0.039 0.066
1 0.219 0.382 0.021 0.034
1 0.25 0.36 0.009 0.014
1 0.266 0.406 0.019 0.033
1 0.259 0.381 0.013 0.022
1 0.326 0.449 0.06 0.098
1 0.39 0.375 0.017 0.029
1 0.387 0.346 0.016 0.026
1 0.443 0.365 0.02 0.036
1 0.412 0.354 0.009 0.013
1 0.299 0.361 0.01 0.017
1 0.502 0.392 0.043 0.076
1 0.571 0.387 0.031 0.064
1 0.615 0.369 0.011 0.022
1 0.641 0.381 0.019 0.038
1 0.67 0.464 0.044 0.073
1 0.707 0.352 0.037 0.073
1 0.737 0.407 0.023 0.048
1 0.901 0.462 0.055 0.112
1 0.938 0.357 0.031 0.059
1 0.992 0.378 0.017 0.033
1 0.968 0.38 0.02 0.034
