1 0.009 0.669 0.007 0.013
1 0.023 0.669 0.007 0.016
1 0.042 0.657 0.008 0.02
1 0.058 0.65 0.006 0.014
1 0.079 0.645 0.015 0.03
1 0.122 0.653 0.011 0.02
1 0.142 0.632 0.007 0.012
1 0.096 0.624 0.009 0.016
1 0.085 0.621 0.006 0.01
1 0.074 0.618 0.006 0.009
1 0.078 0.595 0.006 0.008
1 0.087 0.592 0.007 0.01
1 0.103 0.594 0.006 0.013
1 0.114 0.611 0.006 0.01
1 0.126 0.603 0.006 0.013
1 0.159 0.592 0.003 0.01
1 0.17 0.603 0.007 0.01
1 0.172 0.585 0.005 0.01
1 0.168 0.569 0.006 0.01
1 0.151 0.587 0.007 0.012
1 0.108 0.574 0.004 0.007
1 0.098 0.576 0.006 0.008
1 0.052 0.591 0.009 0.013
1 0.063 0.59 0.006 0.013
1 0.086 0.569 0.006 0.01
1 0.052 0.57 0.006 0.009
1 0.028 0.574 0.006 0.01
1 0.023 0.6 0.007 0.012
1 0.012 0.583 0.006 0.013
1 0.016 0.575 0.006 0.009
1 0.004 0.602 0.005 0.013
1 0.042 0.698 0.008 0.021
1 0.033 0.708 0.009 0.018
1 0.009 0.716 0.01 0.026
1 0.058 0.725 0.012 0.025
1 0.079 0.719 0.011 0.026
1 0.113 0.693 0.008 0.018
1 0.207 0.626 0.021 0.03
1 0.252 0.663 0.014 0.023
1 0.247 0.636 0.009 0.012
1 0.243 0.558 0.004 0.007
1 0.249 0.572 0.003 0.008
1 0.252 0.539 0.005 0.008
1 0.244 0.534 0.004 0.008
1 0.222 0.553 0.003 0.007
1 0.189 0.551 0.004 0.008
1 0.269 0.589 0.005 0.008
1 0.241 0.588 0.005 0.009
1 0.237 0.6 0.004 0.01
1 0.296 0.599 0.014 0.031
1 0.321 0.607 0.016 0.033
1 0.383 0.665 0.017 0.027
1 0.26 0.628 0.008 0.018
1 0.302 0.568 0.004 0.01
1 0.462 0.403 0.023 0.038
1 0.652 0.629 0.016 0.023
1 0.695 0.665 0.012 0.022
1 0.721 0.652 0.015 0.025
1 0.741 0.648 0.018 0.027
1 0.651 0.574 0.009 0.016
1 0.665 0.61 0.006 0.017
1 0.607 0.591 0.004 0.008
1 0.611 0.596 0.005 0.008
1 0.739 0.497 0.005 0.007
1 0.75 0.536 0.004 0.005
1 0.714 0.562 0.004 0.008
1 0.756 0.561 0.004 0.005
1 0.782 0.619 0.006 0.007
1 0.778 0.636 0.004 0.009
1 0.831 0.622 0.006 0.012
1 0.846 0.6 0.004 0.016
1 0.813 0.645 0.006 0.012
1 0.799 0.712 0.008 0.014
1 0.811 0.682 0.007 0.01
1 0.832 0.713 0.011 0.025
1 0.869 0.696 0.009 0.022
1 0.897 0.713 0.017 0.027
1 0.87 0.773 0.012 0.017
1 0.933 0.708 0.015 0.034
1 0.926 0.684 0.013 0.02
1 0.978 0.634 0.01 0.023
1 0.963 0.747 0.012 0.022
1 0.921 0.733 0.014 0.023
1 0.918 0.587 0.006 0.008
1 0.89 0.618 0.004 0.009
1 0.879 0.576 0.004 0.008
1 0.942 0.618 0.008 0.01
1 0.965 0.607 0.005 0.01
1 0.939 0.577 0.004 0.008
1 0.95 0.57 0.004 0.009
1 0.792 0.639 0.006 0.009
1 0.994 0.777 0.012 0.03
1 0.996 0.618 0.008 0.017
1 0.977 0.591 0.009 0.016
1 0.896 0.646 0.01 0.016
1 0.931 0.644 0.005 0.012
1 0.894 0.581 0.006 0.012
