1 0.244 0.488 0.025 0.041
1 0.18 0.553 0.024 0.042
1 0.133 0.565 0.027 0.047
1 0.169 0.437 0.021 0.039
1 0.124 0.427 0.014 0.028
1 0.186 0.409 0.017 0.033
1 0.295 0.394 0.019 0.033
1 0.248 0.407 0.017 0.031
1 0.208 0.383 0.009 0.023
1 0.2 0.415 0.013 0.023
1 0.064 0.382 0.017 0.034
1 0.076 0.346 0.012 0.022
1 0.079 0.318 0.011 0.025
1 0.123 0.336 0.012 0.023
1 0.138 0.344 0.012 0.025
1 0.147 0.353 0.011 0.023
1 0.151 0.329 0.01 0.023
1 0.181 0.318 0.011 0.022
1 0.206 0.317 0.01 0.017
1 0.192 0.309 0.011 0.017
1 0.312 0.391 0.014 0.028
1 0.33 0.383 0.013 0.025
1 0.375 0.385 0.011 0.019
1 0.389 0.412 0.013 0.027
1 0.42 0.39 0.015 0.027
1 0.438 0.393 0.016 0.034
1 0.46 0.388 0.012 0.028
1 0.458 0.345 0.011 0.023
1 0.4 0.339 0.012 0.023
1 0.355 0.326 0.009 0.016
1 0.229 0.381 0.012 0.023
1 0.28 0.359 0.01 0.02
1 0.261 0.289 0.009 0.017
1 0.249 0.285 0.011 0.019
1 0.283 0.292 0.01 0.017
1 0.195 0.195 0.009 0.017
1 0.322 0.294 0.011 0.019
1 0.344 0.304 0.011 0.019
1 0.363 0.284 0.009 0.017
1 0.375 0.29 0.007 0.016
1 0.386 0.288 0.008 0.016
1 0.421 0.308 0.01 0.017
1 0.42 0.294 0.01 0.019
1 0.469 0.288 0.008 0.016
1 0.48 0.271 0.007 0.016
1 0.492 0.281 0.006 0.011
1 0.486 0.269 0.006 0.016
1 0.496 0.333 0.01 0.019
1 0.48 0.333 0.011 0.02
1 0.487 0.371 0.013 0.022
1 0.495 0.423 0.015 0.028
1 0.531 0.396 0.014 0.025
1 0.523 0.394 0.012 0.027
1 0.555 0.372 0.012 0.027
1 0.58 0.434 0.017 0.03
1 0.622 0.423 0.017 0.028
1 0.661 0.421 0.015 0.028
1 0.594 0.403 0.012 0.023
1 0.569 0.388 0.014 0.028
1 0.582 0.388 0.011 0.025
1 0.628 0.369 0.013 0.023
1 0.664 0.372 0.013 0.023
1 0.692 0.38 0.014 0.025
1 0.718 0.398 0.014 0.027
1 0.738 0.39 0.013 0.027
1 0.757 0.477 0.015 0.031
1 0.763 0.377 0.011 0.022
1 0.679 0.344 0.013 0.027
1 0.626 0.35 0.009 0.02
1 0.604 0.341 0.015 0.022
1 0.76 0.35 0.01 0.02
1 0.726 0.333 0.01 0.019
1 0.744 0.295 0.006 0.014
1 0.553 0.263 0.008 0.013
1 0.564 0.247 0.006 0.009
1 0.566 0.292 0.007 0.014
1 0.574 0.278 0.006 0.011
1 0.656 0.261 0.005 0.011
1 0.781 0.451 0.017 0.034
1 0.811 0.423 0.014 0.03
1 0.828 0.397 0.015 0.027
1 0.851 0.408 0.014 0.023
1 0.884 0.422 0.017 0.036
1 0.926 0.424 0.014 0.025
1 0.957 0.419 0.014 0.028
1 0.987 0.404 0.012 0.025
1 0.894 0.385 0.012 0.025
1 0.876 0.391 0.012 0.022
1 0.877 0.36 0.007 0.016
1 0.893 0.326 0.009 0.02
1 0.856 0.336 0.01 0.02
1 0.844 0.338 0.008 0.019
1 0.883 0.33 0.007 0.016
1 0.866 0.332 0.007 0.016
1 0.882 0.299 0.008 0.016
1 0.77 0.326 0.009 0.02
1 0.97 0.334 0.009 0.02
1 0.994 0.382 0.008 0.019
1 0.991 0.337 0.008 0.02
1 0.912 0.368 0.013 0.028
1 0.667 0.328 0.007 0.017
1 0.677 0.322 0.009 0.017
1 0.675 0.259 0.007 0.008
1 0.3 0.347 0.013 0.025
1 0.577 0.351 0.012 0.025
1 0.089 0.529 0.01 0.022
1 0.004 0.527 0.008 0.02
1 0.784 0.39 0.011 0.017
1 0.977 0.337 0.009 0.017
1 0.356 0.43 0.013 0.025
1 0.352 0.413 0.012 0.022
1 0.557 0.268 0.007 0.013
1 0.488 0.402 0.01 0.019
1 0.091 0.352 0.01 0.022
1 0.795 0.365 0.012 0.023
1 0.717 0.379 0.012 0.025
