1 0.888 0.44 0.016 0.022
1 0.93 0.427 0.013 0.019
1 0.977 0.401 0.015 0.022
1 0.988 0.382 0.012 0.017
1 0.814 0.405 0.013 0.018
1 0.828 0.385 0.015 0.019
1 0.777 0.392 0.016 0.026
1 0.743 0.418 0.017 0.025
1 0.708 0.437 0.019 0.025
1 0.672 0.406 0.011 0.021
1 0.635 0.411 0.015 0.022
1 0.644 0.349 0.01 0.013
1 0.661 0.386 0.011 0.014
1 0.646 0.391 0.01 0.013
1 0.587 0.459 0.015 0.019
1 0.536 0.447 0.017 0.026
1 0.425 0.523 0.022 0.027
1 0.506 0.416 0.014 0.025
1 0.417 0.427 0.015 0.021
1 0.443 0.436 0.014 0.021
1 0.459 0.378 0.011 0.016
1 0.5 0.377 0.011 0.014
1 0.536 0.362 0.012 0.017
1 0.581 0.345 0.009 0.016
1 0.605 0.397 0.015 0.021
1 0.47 0.361 0.01 0.013
1 0.417 0.364 0.011 0.017
1 0.428 0.386 0.013 0.017
1 0.382 0.393 0.012 0.017
1 0.392 0.371 0.009 0.016
1 0.046 0.442 0.016 0.019
1 0.099 0.497 0.014 0.026
1 0.145 0.438 0.014 0.025
1 0.197 0.448 0.016 0.021
1 0.187 0.389 0.009 0.014
1 0.239 0.42 0.01 0.017
1 0.272 0.43 0.012 0.018
1 0.286 0.394 0.011 0.019
1 0.334 0.394 0.011 0.018
1 0.349 0.456 0.016 0.026
1 0.848 0.495 0.019 0.03
