1 0.843 0.235 0.025 0.043
1 0.937 0.196 0.028 0.051
1 0.866 0.555 0.034 0.049
1 0.771 0.552 0.031 0.047
1 0.65 0.548 0.028 0.053
1 0.498 0.619 0.03 0.046
1 0.473 0.507 0.031 0.043
1 0.579 0.52 0.032 0.038
1 0.399 0.497 0.024 0.049
1 0.281 0.511 0.029 0.053
1 0.186 0.507 0.033 0.051
1 0.168 0.22 0.03 0.044
1 0.263 0.221 0.023 0.052
1 0.412 0.296 0.021 0.035
1 0.472 0.361 0.028 0.04
1 0.633 0.385 0.027 0.036
1 0.723 0.329 0.026 0.035
1 0.594 0.227 0.022 0.036
1 0.651 0.252 0.025 0.038
1 0.532 0.237 0.023 0.034
