1 0.013 0.587 0.01 0.016
1 0.025 0.601 0.012 0.018
1 0.05 0.598 0.01 0.012
1 0.125 0.6 0.009 0.013
1 0.138 0.598 0.012 0.019
1 0.008 0.676 0.01 0.027
1 0.111 0.602 0.006 0.011
1 0.357 0.409 0.017 0.039
1 0.508 0.473 0.016 0.041
1 0.574 0.609 0.011 0.017
1 0.615 0.623 0.014 0.018
1 0.645 0.618 0.009 0.016
1 0.638 0.619 0.007 0.015
1 0.684 0.642 0.013 0.018
1 0.678 0.61 0.012 0.016
1 0.833 0.635 0.011 0.023
1 0.865 0.641 0.013 0.021
1 0.881 0.642 0.008 0.017
1 0.915 0.635 0.012 0.023
1 0.93 0.645 0.01 0.021
1 0.922 0.686 0.013 0.023
1 0.863 0.752 0.014 0.023
1 0.919 0.743 0.015 0.024
1 0.951 0.777 0.015 0.018
1 0.997 0.77 0.007 0.022
1 0.959 0.674 0.012 0.017
1 0.961 0.653 0.012 0.018
1 0.906 0.638 0.009 0.012
1 0.535 0.851 0.032 0.128
