1 0.12 0.726 0.011 0.021
1 0.136 0.735 0.008 0.015
1 0.159 0.732 0.01 0.018
1 0.18 0.747 0.009 0.015
1 0.194 0.726 0.008 0.018
1 0.211 0.736 0.01 0.016
1 0.228 0.735 0.01 0.018
1 0.253 0.758 0.009 0.018
1 0.266 0.753 0.008 0.016
1 0.284 0.736 0.01 0.016
1 0.305 0.741 0.008 0.018
1 0.33 0.738 0.011 0.018
1 0.366 0.738 0.008 0.015
1 0.375 0.739 0.011 0.018
1 0.401 0.742 0.005 0.015
1 0.412 0.74 0.008 0.016
1 0.456 0.736 0.012 0.019
1 0.496 0.727 0.011 0.019
1 0.529 0.721 0.011 0.019
1 0.56 0.723 0.009 0.018
1 0.586 0.73 0.01 0.019
1 0.627 0.736 0.01 0.016
1 0.821 0.388 0.014 0.019
1 0.894 0.401 0.011 0.025
1 0.957 0.475 0.014 0.016
1 0.076 0.725 0.01 0.018
