1 0.92 0.356 0.024 0.038
1 0.949 0.32 0.013 0.022
1 0.873 0.288 0.016 0.023
1 0.921 0.236 0.011 0.016
1 0.915 0.16 0.013 0.021
1 0.857 0.231 0.015 0.022
1 0.83 0.279 0.016 0.033
1 0.806 0.346 0.022 0.033
1 0.846 0.461 0.021 0.034
1 0.752 0.415 0.018 0.03
1 0.73 0.454 0.015 0.026
1 0.737 0.323 0.015 0.029
1 0.773 0.309 0.014 0.026
1 0.717 0.161 0.015 0.022
1 0.765 0.176 0.013 0.014
1 0.634 0.371 0.021 0.039
1 0.528 0.426 0.022 0.035
1 0.471 0.342 0.024 0.039
1 0.466 0.272 0.02 0.029
1 0.415 0.324 0.02 0.033
1 0.42 0.271 0.02 0.03
1 0.418 0.245 0.014 0.022
1 0.385 0.239 0.016 0.025
1 0.353 0.32 0.021 0.034
1 0.333 0.249 0.013 0.021
1 0.539 0.175 0.013 0.025
1 0.522 0.148 0.015 0.022
1 0.407 0.145 0.016 0.02
1 0.574 0.252 0.014 0.022
1 0.259 0.15 0.014 0.023
1 0.213 0.135 0.015 0.022
1 0.191 0.281 0.019 0.029
1 0.209 0.256 0.012 0.02
1 0.281 0.276 0.021 0.031
1 0.267 0.352 0.023 0.035
1 0.259 0.311 0.017 0.029
1 0.163 0.439 0.025 0.033
1 0.1 0.296 0.026 0.039
1 0.028 0.484 0.027 0.039
1 0.033 0.268 0.022 0.035
1 0.06 0.13 0.016 0.025
1 0.016 0.157 0.012 0.017
1 0.217 0.214 0.013 0.021
