1 0.019 0.493 0.003 0.007
1 0.027 0.496 0.003 0.005
1 0.042 0.491 0.003 0.005
1 0.05 0.493 0.004 0.005
1 0.065 0.488 0.004 0.007
1 0.076 0.493 0.002 0.005
1 0.097 0.488 0.003 0.005
1 0.107 0.487 0.004 0.005
1 0.114 0.498 0.006 0.012
1 0.127 0.497 0.008 0.009
1 0.145 0.488 0.007 0.014
1 0.168 0.49 0.01 0.014
1 0.185 0.487 0.011 0.018
1 0.198 0.478 0.009 0.013
1 0.225 0.498 0.011 0.017
1 0.256 0.488 0.011 0.017
1 0.272 0.49 0.007 0.012
1 0.29 0.486 0.009 0.016
1 0.301 0.487 0.012 0.018
1 0.087 0.488 0.004 0.007
1 0.333 0.497 0.013 0.022
1 0.361 0.48 0.012 0.022
1 0.371 0.482 0.008 0.016
1 0.397 0.473 0.01 0.02
1 0.428 0.46 0.021 0.035
1 0.446 0.467 0.008 0.013
1 0.457 0.491 0.01 0.016
1 0.479 0.478 0.007 0.013
1 0.485 0.49 0.006 0.013
1 0.495 0.477 0.006 0.01
1 0.466 0.469 0.003 0.005
1 0.548 0.469 0.017 0.03
1 0.608 0.473 0.007 0.016
1 0.622 0.475 0.01 0.016
1 0.655 0.476 0.016 0.025
1 0.639 0.472 0.014 0.027
1 0.683 0.467 0.009 0.018
1 0.702 0.459 0.011 0.02
1 0.727 0.477 0.013 0.021
1 0.762 0.45 0.016 0.03
1 0.815 0.484 0.01 0.018
1 0.773 0.478 0.01 0.018
1 0.858 0.453 0.013 0.029
1 0.887 0.462 0.012 0.021
1 0.951 0.458 0.014 0.026
1 0.995 0.49 0.011 0.034
