1 0.366 0.456 0.038 0.067
1 0.277 0.541 0.039 0.07
1 0.38 0.259 0.031 0.063
1 0.45 0.079 0.025 0.051
1 0.388 0.124 0.03 0.054
1 0.548 0.078 0.027 0.054
1 0.499 0.129 0.031 0.051
1 0.447 0.2 0.032 0.051
1 0.491 0.269 0.035 0.068
1 0.557 0.214 0.028 0.058
1 0.438 0.358 0.038 0.059
1 0.572 0.353 0.036 0.055
1 0.632 0.435 0.033 0.064
1 0.507 0.431 0.043 0.07
1 0.58 0.552 0.04 0.072
1 0.441 0.528 0.038 0.068
1 0.651 0.078 0.027 0.051
1 0.711 0.121 0.031 0.052
1 0.777 0.193 0.029 0.052
1 0.834 0.148 0.025 0.055
1 0.604 0.135 0.033 0.055
1 0.668 0.213 0.031 0.058
1 0.609 0.264 0.031 0.054
1 0.726 0.263 0.03 0.059
1 0.838 0.263 0.034 0.062
1 0.812 0.357 0.036 0.066
1 0.693 0.336 0.036 0.068
1 0.765 0.432 0.04 0.064
1 0.902 0.438 0.035 0.068
1 0.844 0.512 0.04 0.075
1 0.709 0.552 0.039 0.075
1 0.176 0.137 0.027 0.056
1 0.346 0.072 0.027 0.055
1 0.28 0.145 0.027 0.051
1 0.323 0.194 0.031 0.056
1 0.21 0.21 0.032 0.052
1 0.263 0.259 0.033 0.063
1 0.306 0.318 0.033 0.064
1 0.134 0.241 0.031 0.06
1 0.169 0.35 0.038 0.063
1 0.094 0.449 0.037 0.072
1 0.131 0.51 0.042 0.075
1 0.227 0.422 0.039 0.075
