1 0.026 0.323 0.04 0.068
1 0.094 0.358 0.028 0.049
1 0.079 0.345 0.023 0.036
1 0.231 0.411 0.028 0.047
1 0.25 0.416 0.018 0.033
1 0.315 0.5 0.03 0.052
1 0.302 0.439 0.025 0.039
1 0.322 0.387 0.024 0.034
1 0.391 0.458 0.027 0.048
1 0.429 0.503 0.03 0.053
1 0.385 0.342 0.009 0.033
1 0.461 0.389 0.01 0.022
1 0.491 0.355 0.014 0.03
1 0.584 0.44 0.037 0.06
1 0.529 0.437 0.026 0.048
1 0.551 0.419 0.025 0.046
1 0.495 0.413 0.018 0.034
1 0.487 0.451 0.017 0.027
1 0.535 0.349 0.02 0.036
1 0.555 0.344 0.023 0.047
1 0.636 0.408 0.027 0.04
1 0.613 0.414 0.015 0.023
1 0.668 0.43 0.03 0.052
1 0.712 0.426 0.02 0.039
1 0.677 0.335 0.013 0.027
1 0.754 0.333 0.013 0.025
1 0.764 0.412 0.029 0.053
1 0.782 0.357 0.023 0.039
1 0.816 0.334 0.017 0.027
1 0.86 0.338 0.026 0.038
1 0.86 0.458 0.027 0.036
1 0.894 0.346 0.018 0.034
1 0.708 0.35 0.011 0.014
1 0.765 0.338 0.012 0.027
1 0.925 0.236 0.035 0.074
1 0.572 0.332 0.017 0.036
