1 0.257 0.709 0.008 0.009
1 0.293 0.698 0.004 0.01
1 0.389 0.699 0.004 0.009
1 0.409 0.729 0.004 0.014
1 0.454 0.684 0.007 0.017
1 0.496 0.733 0.006 0.014
1 0.516 0.681 0.005 0.014
1 0.535 0.632 0.004 0.014
1 0.638 0.648 0.005 0.01
1 0.679 0.637 0.005 0.014
1 0.694 0.634 0.005 0.01
1 0.677 0.74 0.007 0.01
1 0.736 0.676 0.006 0.012
1 0.769 0.624 0.006 0.012
1 0.186 0.618 0.004 0.01
1 0.221 0.618 0.005 0.01
1 0.253 0.622 0.006 0.009
1 0.302 0.613 0.004 0.007
1 0.317 0.568 0.003 0.007
1 0.283 0.563 0.003 0.005
1 0.243 0.567 0.005 0.005
1 0.204 0.564 0.003 0.003
1 0.157 0.562 0.003 0.003
1 0.333 0.639 0.005 0.007
1 0.353 0.622 0.003 0.007
1 0.378 0.623 0.005 0.01
1 0.361 0.576 0.006 0.009
1 0.462 0.636 0.004 0.009
1 0.449 0.624 0.004 0.009
1 0.46 0.576 0.003 0.009
1 0.438 0.574 0.006 0.012
1 0.501 0.559 0.002 0.007
1 0.662 0.636 0.002 0.009
1 0.612 0.585 0.003 0.007
1 0.668 0.579 0.003 0.005
1 0.714 0.578 0.003 0.007
1 0.745 0.579 0.003 0.009
1 0.784 0.635 0.004 0.007
1 0.801 0.639 0.004 0.01
1 0.819 0.632 0.005 0.01
1 0.848 0.641 0.005 0.01
1 0.881 0.632 0.004 0.01
1 0.9 0.644 0.004 0.007
1 0.931 0.63 0.004 0.014
1 0.975 0.639 0.005 0.01
1 0.961 0.586 0.004 0.005
1 0.919 0.591 0.002 0.009
1 0.834 0.58 0.002 0.007
1 0.725 0.646 0.005 0.007
1 0.102 0.626 0.003 0.009
1 0.122 0.631 0.005 0.009
1 0.517 0.56 0.003 0.005
1 0.535 0.559 0.004 0.007
1 0.563 0.563 0.003 0.005
