1 0.005 0.669 0.01 0.026
1 0.057 0.643 0.014 0.02
1 0.099 0.632 0.005 0.008
1 0.117 0.629 0.006 0.008
1 0.162 0.612 0.007 0.009
1 0.163 0.627 0.007 0.011
1 0.211 0.644 0.013 0.019
1 0.292 0.679 0.021 0.025
1 0.337 0.618 0.008 0.011
1 0.286 0.634 0.008 0.011
1 0.374 0.62 0.011 0.015
1 0.413 0.694 0.035 0.045
1 0.02 0.711 0.026 0.035
1 0.512 0.62 0.005 0.007
1 0.507 0.618 0.004 0.008
1 0.543 0.63 0.011 0.013
1 0.59 0.633 0.022 0.032
1 0.617 0.635 0.011 0.013
1 0.649 0.616 0.005 0.009
1 0.679 0.62 0.011 0.014
1 0.711 0.629 0.017 0.022
1 0.757 0.641 0.015 0.018
1 0.778 0.625 0.009 0.01
1 0.802 0.628 0.013 0.015
1 0.83 0.619 0.013 0.012
1 0.878 0.62 0.008 0.013
1 0.93 0.617 0.005 0.008
1 0.895 0.606 0.006 0.008
1 0.909 0.604 0.006 0.008
1 0.848 0.613 0.008 0.01
