1 0.965 0.592 0.004 0.011
1 0.963 0.646 0.005 0.011
1 0.975 0.595 0.004 0.009
1 0.851 0.593 0.009 0.018
1 0.806 0.556 0.007 0.011
1 0.772 0.593 0.009 0.018
1 0.758 0.549 0.008 0.009
1 0.723 0.585 0.01 0.018
1 0.699 0.527 0.008 0.017
1 0.646 0.569 0.008 0.014
1 0.628 0.62 0.004 0.011
1 0.6 0.631 0.006 0.012
1 0.561 0.635 0.007 0.014
1 0.14 0.572 0.009 0.017
1 0.215 0.537 0.019 0.041
1 0.271 0.562 0.014 0.034
1 0.34 0.563 0.012 0.023
1 0.356 0.58 0.014 0.029
1 0.415 0.557 0.016 0.035
1 0.453 0.596 0.011 0.021
1 0.547 0.62 0.005 0.009
