1 0.79 0.458 0.023 0.043
1 0.695 0.414 0.008 0.013
1 0.494 0.472 0.021 0.03
1 0.571 0.475 0.021 0.031
1 0.484 0.413 0.008 0.013
1 0.439 0.42 0.009 0.014
1 0.421 0.419 0.007 0.014
1 0.4 0.423 0.008 0.013
1 0.385 0.427 0.008 0.013
1 0.373 0.432 0.006 0.01
1 0.354 0.434 0.008 0.012
1 0.33 0.436 0.007 0.013
1 0.309 0.467 0.017 0.03
1 0.214 0.477 0.016 0.026
1 0.157 0.488 0.012 0.025
1 0.101 0.535 0.012 0.021
1 0.085 0.507 0.007 0.012
1 0.123 0.519 0.012 0.014
1 0.078 0.547 0.014 0.023
1 0.053 0.51 0.007 0.014
1 0.016 0.514 0.006 0.009
1 0.005 0.535 0.01 0.017
