1 0.435 0.844 0.014 0.022
1 0.327 0.839 0.016 0.024
1 0.202 0.835 0.014 0.024
1 0.086 0.843 0.016 0.024
1 0.101 0.615 0.015 0.022
1 0.529 0.889 0.017 0.028
1 0.57 0.825 0.015 0.021
1 0.688 0.802 0.017 0.025
1 0.788 0.833 0.018 0.022
1 0.877 0.808 0.016 0.022
1 0.889 0.748 0.015 0.021
1 0.833 0.706 0.013 0.02
1 0.802 0.682 0.012 0.018
1 0.738 0.635 0.011 0.018
1 0.73 0.613 0.009 0.018
1 0.707 0.589 0.011 0.018
1 0.633 0.547 0.01 0.017
1 0.823 0.501 0.01 0.014
1 0.752 0.484 0.011 0.017
1 0.702 0.463 0.009 0.014
1 0.636 0.45 0.008 0.012
1 0.568 0.435 0.008 0.013
1 0.531 0.46 0.008 0.013
1 0.566 0.502 0.007 0.013
1 0.226 0.472 0.01 0.013
1 0.216 0.322 0.006 0.012
1 0.18 0.291 0.006 0.011
1 0.199 0.274 0.006 0.011
1 0.487 0.272 0.006 0.009
1 0.438 0.267 0.006 0.009
1 0.414 0.271 0.006 0.009
1 0.397 0.271 0.006 0.011
1 0.367 0.269 0.006 0.009
1 0.51 0.285 0.005 0.009
1 0.503 0.43 0.007 0.012
