1 0.08 0.293 0.007 0.01
1 0.083 0.321 0.014 0.022
1 0.116 0.286 0.011 0.02
1 0.138 0.348 0.015 0.02
1 0.166 0.337 0.014 0.022
1 0.201 0.292 0.01 0.016
1 0.185 0.357 0.015 0.022
1 0.248 0.373 0.018 0.02
1 0.305 0.356 0.016 0.022
1 0.328 0.397 0.016 0.026
1 0.388 0.378 0.017 0.025
1 0.407 0.395 0.021 0.027
1 0.437 0.389 0.021 0.022
1 0.52 0.439 0.021 0.023
1 0.639 0.431 0.022 0.029
1 0.646 0.308 0.017 0.033
1 0.786 0.458 0.022 0.039
1 0.53 0.416 0.016 0.022
1 0.034 0.296 0.011 0.02
1 0.008 0.312 0.011 0.02
1 0.025 0.29 0.012 0.021
