1 0.351 0.054 0.011 0.02
1 0.417 0.043 0.01 0.02
1 0.394 0.18 0.013 0.024
1 0.377 0.25 0.013 0.024
1 0.357 0.332 0.017 0.028
1 0.261 0.366 0.021 0.033
1 0.504 0.145 0.013 0.02
1 0.54 0.089 0.009 0.02
1 0.589 0.092 0.013 0.025
1 0.619 0.072 0.01 0.023
1 0.687 0.144 0.01 0.019
1 0.739 0.092 0.011 0.02
1 0.796 0.107 0.01 0.02
1 0.857 0.067 0.011 0.02
1 0.869 0.16 0.017 0.028
1 0.815 0.172 0.015 0.029
1 0.793 0.137 0.017 0.03
1 0.837 0.168 0.016 0.024
1 0.817 0.141 0.013 0.025
1 0.937 0.127 0.02 0.034
1 0.983 0.123 0.024 0.042
1 0.667 0.385 0.016 0.029
1 0.35 0.43 0.018 0.028
1 0.353 0.496 0.016 0.028
1 0.293 0.613 0.021 0.028
1 0.321 0.538 0.021 0.038
1 0.018 0.726 0.02 0.023
1 0.164 0.842 0.023 0.034
1 0.231 0.725 0.015 0.02
1 0.74 0.593 0.019 0.033
1 0.746 0.698 0.022 0.042
1 0.766 0.826 0.018 0.034
1 0.57 0.16 0.012 0.013
1 0.313 0.051 0.012 0.02
1 0.317 0.087 0.015 0.021
1 0.094 0.965 0.025 0.03
