1 0.855 0.443 0.012 0.022
1 0.832 0.428 0.012 0.026
1 0.796 0.44 0.014 0.031
1 0.773 0.436 0.008 0.016
1 0.933 0.423 0.014 0.026
1 0.912 0.447 0.012 0.022
1 0.953 0.443 0.01 0.016
1 0.99 0.442 0.01 0.023
1 0.896 0.433 0.007 0.015
1 0.713 0.444 0.009 0.018
1 0.665 0.458 0.03 0.057
1 0.688 0.459 0.018 0.04
1 0.624 0.438 0.011 0.026
1 0.745 0.434 0.007 0.01
1 0.583 0.412 0.021 0.04
1 0.553 0.471 0.028 0.05
1 0.492 0.425 0.034 0.067
1 0.454 0.412 0.025 0.04
1 0.37 0.431 0.029 0.051
1 0.299 0.427 0.024 0.045
1 0.54 0.423 0.008 0.012
1 0.51 0.427 0.007 0.016
1 0.184 0.427 0.015 0.028
1 0.127 0.407 0.018 0.032
1 0.019 0.395 0.013 0.037
1 0.103 0.392 0.012 0.032
1 0.04 0.393 0.013 0.022
1 0.612 0.305 0.014 0.025
1 0.736 0.439 0.008 0.013
1 0.054 0.4 0.01 0.018
1 0.82 0.472 0.029 0.048
