1 0.051 0.24 0.015 0.046
1 0.111 0.284 0.021 0.056
1 0.167 0.342 0.018 0.051
1 0.201 0.64 0.009 0.029
1 0.249 0.22 0.025 0.053
1 0.203 0.394 0.013 0.039
1 0.204 0.432 0.007 0.029
1 0.304 0.361 0.011 0.051
1 0.393 0.3 0.021 0.072
1 0.413 0.312 0.015 0.048
1 0.553 0.293 0.02 0.06
1 0.462 0.527 0.007 0.029
1 0.489 0.575 0.009 0.024
1 0.515 0.522 0.007 0.029
1 0.491 0.687 0.005 0.022
1 0.482 0.673 0.006 0.027
1 0.618 0.254 0.02 0.043
1 0.697 0.255 0.021 0.051
1 0.782 0.292 0.019 0.043
1 0.832 0.283 0.024 0.058
1 0.967 0.472 0.017 0.036
1 0.929 0.537 0.006 0.027
1 0.947 0.519 0.01 0.029
