1 0.013 0.595 0.01 0.015
1 0.025 0.61 0.007 0.012
1 0.046 0.604 0.007 0.011
1 0.065 0.585 0.01 0.014
1 0.021 0.534 0.006 0.008
1 0.132 0.605 0.012 0.019
1 0.168 0.583 0.011 0.019
1 0.099 0.589 0.007 0.014
1 0.105 0.564 0.007 0.012
1 0.16 0.57 0.009 0.015
1 0.15 0.57 0.008 0.012
1 0.183 0.595 0.01 0.018
1 0.185 0.57 0.009 0.016
1 0.193 0.572 0.006 0.012
1 0.236 0.622 0.02 0.03
1 0.256 0.622 0.026 0.038
1 0.286 0.639 0.028 0.048
1 0.313 0.583 0.014 0.022
1 0.357 0.583 0.02 0.027
1 0.311 0.662 0.04 0.053
1 0.425 0.677 0.049 0.078
1 0.368 0.628 0.024 0.034
1 0.406 0.593 0.026 0.036
1 0.456 0.61 0.028 0.042
1 0.496 0.581 0.02 0.031
1 0.475 0.598 0.019 0.03
1 0.517 0.541 0.008 0.014
1 0.536 0.538 0.009 0.015
1 0.575 0.558 0.011 0.02
1 0.602 0.581 0.021 0.031
1 0.596 0.533 0.009 0.014
1 0.618 0.512 0.009 0.016
1 0.631 0.508 0.006 0.011
1 0.589 0.518 0.007 0.01
1 0.578 0.507 0.007 0.011
1 0.556 0.512 0.007 0.012
1 0.606 0.516 0.007 0.008
1 0.61 0.536 0.009 0.015
1 0.699 0.276 0.007 0.008
1 0.716 0.278 0.005 0.01
1 0.739 0.281 0.006 0.01
1 0.752 0.269 0.006 0.011
1 0.778 0.262 0.005 0.008
1 0.788 0.261 0.007 0.011
1 0.799 0.256 0.007 0.012
1 0.818 0.258 0.004 0.008
1 0.84 0.252 0.008 0.012
1 0.848 0.245 0.008 0.016
1 0.896 0.242 0.008 0.014
1 0.86 0.253 0.008 0.011
1 0.914 0.217 0.007 0.012
1 0.665 0.533 0.011 0.019
1 0.646 0.504 0.004 0.008
1 0.666 0.505 0.007 0.011
1 0.687 0.507 0.005 0.011
1 0.702 0.525 0.007 0.011
1 0.698 0.49 0.006 0.01
1 0.732 0.497 0.008 0.014
1 0.762 0.49 0.006 0.012
1 0.803 0.493 0.007 0.014
1 0.782 0.526 0.007 0.014
1 0.785 0.524 0.006 0.015
1 0.742 0.529 0.011 0.018
1 0.733 0.51 0.007 0.015
1 0.75 0.506 0.009 0.01
1 0.828 0.528 0.009 0.018
1 0.8 0.561 0.016 0.026
1 0.834 0.505 0.008 0.012
1 0.862 0.528 0.015 0.023
1 0.854 0.492 0.006 0.015
1 0.969 0.539 0.015 0.029
1 0.924 0.499 0.007 0.011
1 0.958 0.496 0.008 0.011
1 0.974 0.5 0.008 0.011
1 0.994 0.505 0.012 0.016
1 0.483 0.816 0.06 0.104
1 0.542 0.622 0.036 0.057
1 0.57 0.599 0.016 0.023
1 0.642 0.638 0.046 0.066
1 0.678 0.583 0.021 0.031
1 0.717 0.609 0.031 0.052
1 0.763 0.597 0.028 0.046
1 0.839 0.696 0.064 0.094
1 0.879 0.633 0.037 0.064
1 0.684 0.816 0.099 0.164
1 0.879 0.5 0.007 0.011
1 0.877 0.488 0.007 0.011
1 0.8 0.514 0.007 0.012
1 0.788 0.498 0.008 0.012
1 0.781 0.499 0.007 0.014
1 0.121 0.582 0.01 0.014
1 0.017 0.583 0.006 0.011
