1 0.237 0.279 0.033 0.07
1 0.182 0.407 0.039 0.1
1 0.018 0.169 0.01 0.013
1 0.026 0.189 0.009 0.014
1 0.059 0.172 0.01 0.016
1 0.059 0.154 0.011 0.016
1 0.073 0.171 0.01 0.014
1 0.102 0.174 0.009 0.014
1 0.119 0.167 0.008 0.013
1 0.136 0.186 0.011 0.017
1 0.146 0.169 0.01 0.016
1 0.182 0.161 0.009 0.014
1 0.212 0.166 0.01 0.017
1 0.222 0.21 0.022 0.043
1 0.235 0.159 0.011 0.026
1 0.246 0.165 0.009 0.018
1 0.279 0.185 0.017 0.031
1 0.319 0.155 0.008 0.01
1 0.331 0.176 0.011 0.018
1 0.347 0.201 0.016 0.031
1 0.353 0.148 0.007 0.01
1 0.375 0.164 0.009 0.016
1 0.41 0.149 0.01 0.017
1 0.397 0.145 0.007 0.008
1 0.412 0.217 0.016 0.031
1 0.419 0.207 0.014 0.029
1 0.44 0.186 0.016 0.022
1 0.444 0.248 0.012 0.035
1 0.477 0.165 0.008 0.012
1 0.5 0.191 0.017 0.021
1 0.523 0.155 0.012 0.016
1 0.532 0.16 0.015 0.031
1 0.551 0.193 0.015 0.031
1 0.578 0.146 0.01 0.021
1 0.597 0.169 0.015 0.025
1 0.604 0.206 0.013 0.034
1 0.294 0.158 0.008 0.012
1 0.456 0.139 0.007 0.01
1 0.448 0.148 0.006 0.01
1 0.641 0.148 0.01 0.012
1 0.634 0.178 0.014 0.021
1 0.679 0.154 0.013 0.018
1 0.697 0.148 0.01 0.023
1 0.71 0.167 0.014 0.027
1 0.732 0.187 0.015 0.025
1 0.75 0.174 0.012 0.023
1 0.735 0.139 0.01 0.017
1 0.757 0.148 0.008 0.013
1 0.765 0.159 0.01 0.016
1 0.79 0.179 0.016 0.03
1 0.821 0.165 0.013 0.021
1 0.836 0.132 0.01 0.013
1 0.775 0.374 0.027 0.06
1 0.952 0.369 0.033 0.077
1 0.938 0.191 0.027 0.04
1 0.901 0.16 0.012 0.017
1 0.762 0.523 0.046 0.089
1 0.875 0.523 0.055 0.133
1 0.286 0.641 0.043 0.124
1 0.982 0.243 0.014 0.042
