1 0.317 0.178 0.021 0.031
1 0.211 0.412 0.018 0.036
1 0.131 0.309 0.016 0.029
1 0.85 0.059 0.02 0.029
1 0.776 0.051 0.025 0.036
1 0.739 0.135 0.022 0.033
1 0.695 0.107 0.024 0.043
1 0.686 0.054 0.021 0.036
1 0.783 0.12 0.016 0.029
1 0.613 0.092 0.022 0.04
1 0.627 0.025 0.021 0.033
1 0.396 0.123 0.023 0.042
1 0.256 0.119 0.028 0.047
1 0.379 0.06 0.023 0.036
1 0.479 0.074 0.023 0.036
1 0.4 0.023 0.021 0.032
1 0.294 0.022 0.02 0.033
1 0.806 0.013 0.027 0.026
1 0.179 0.157 0.023 0.037
1 0.127 0.179 0.019 0.033
1 0.568 0.047 0.02 0.031
1 0.589 0.053 0.022 0.037
1 0.492 0.034 0.018 0.029
1 0.628 0.148 0.02 0.035
1 0.61 0.43 0.02 0.042
1 0.967 0.352 0.028 0.044
1 0.878 0.392 0.033 0.049
1 0.721 0.378 0.02 0.046
1 0.542 0.495 0.052 0.067
1 0.314 0.451 0.025 0.044
1 0.363 0.396 0.021 0.035
