1 0.046 0.55 0.064 0.143
1 0.08 0.622 0.016 0.029
1 0.125 0.614 0.01 0.019
1 0.2 0.61 0.007 0.012
1 0.215 0.659 0.014 0.025
1 0.25 0.656 0.013 0.025
1 0.334 0.613 0.017 0.038
1 0.356 0.609 0.015 0.034
1 0.346 0.716 0.014 0.031
1 0.38 0.709 0.012 0.02
1 0.392 0.705 0.011 0.02
1 0.416 0.739 0.01 0.018
1 0.445 0.699 0.018 0.038
1 0.513 0.716 0.02 0.036
1 0.595 0.712 0.018 0.034
1 0.617 0.733 0.018 0.029
1 0.637 0.804 0.027 0.053
1 0.705 0.71 0.018 0.034
1 0.79 0.745 0.035 0.114
1 0.971 0.71 0.019 0.045
1 0.032 0.623 0.012 0.025
1 0.763 0.718 0.01 0.029
1 0.102 0.627 0.009 0.022
