1 0.01 0.371 0.014 0.041
1 0.032 0.374 0.018 0.023
1 0.019 0.315 0.01 0.016
1 0.045 0.319 0.013 0.022
1 0.074 0.345 0.014 0.023
1 0.107 0.364 0.014 0.022
1 0.071 0.298 0.011 0.019
1 0.11 0.206 0.013 0.028
1 0.133 0.2 0.007 0.013
1 0.153 0.208 0.01 0.018
1 0.17 0.243 0.009 0.016
1 0.17 0.278 0.009 0.019
1 0.133 0.304 0.011 0.019
1 0.125 0.319 0.011 0.019
1 0.13 0.344 0.013 0.019
1 0.153 0.354 0.023 0.04
1 0.218 0.353 0.026 0.053
1 0.217 0.283 0.011 0.018
1 0.211 0.221 0.014 0.022
1 0.199 0.191 0.009 0.013
1 0.289 0.25 0.008 0.013
1 0.295 0.223 0.008 0.015
1 0.197 0.337 0.015 0.028
1 0.286 0.334 0.015 0.026
1 0.354 0.309 0.026 0.047
1 0.397 0.249 0.008 0.012
1 0.419 0.299 0.021 0.038
1 0.419 0.388 0.025 0.04
1 0.463 0.337 0.011 0.021
1 0.479 0.328 0.013 0.028
1 0.515 0.326 0.015 0.028
1 0.552 0.367 0.03 0.051
1 0.574 0.321 0.011 0.026
1 0.595 0.353 0.023 0.041
1 0.578 0.365 0.012 0.026
1 0.619 0.328 0.014 0.031
1 0.577 0.252 0.008 0.015
1 0.574 0.269 0.008 0.01
1 0.62 0.263 0.008 0.013
1 0.641 0.26 0.007 0.015
1 0.652 0.24 0.007 0.013
1 0.671 0.279 0.01 0.019
1 0.684 0.279 0.009 0.018
1 0.687 0.319 0.014 0.022
1 0.669 0.329 0.008 0.019
1 0.655 0.324 0.012 0.018
1 0.667 0.39 0.016 0.023
1 0.708 0.379 0.019 0.04
1 0.737 0.378 0.016 0.023
1 0.759 0.332 0.014 0.025
1 0.781 0.361 0.019 0.032
1 0.798 0.328 0.013 0.023
1 0.805 0.264 0.01 0.018
1 0.718 0.28 0.01 0.018
1 0.7 0.257 0.01 0.018
1 0.662 0.263 0.01 0.016
1 0.733 0.257 0.009 0.016
1 0.75 0.239 0.009 0.015
1 0.78 0.222 0.012 0.022
1 0.829 0.245 0.01 0.015
1 0.516 0.269 0.008 0.01
1 0.55 0.207 0.009 0.015
1 0.614 0.206 0.007 0.013
1 0.557 0.231 0.007 0.01
1 0.542 0.226 0.007 0.012
1 0.037 0.194 0.009 0.013
1 0.495 0.244 0.008 0.013
1 0.725 0.191 0.008 0.015
1 0.75 0.215 0.007 0.01
1 0.843 0.259 0.008 0.019
1 0.701 0.315 0.009 0.019
1 0.964 0.27 0.008 0.018
1 0.971 0.185 0.007 0.016
1 0.975 0.146 0.004 0.007
