1 0.05 0.359 0.017 0.027
1 0.072 0.375 0.015 0.021
1 0.126 0.385 0.016 0.028
1 0.144 0.377 0.013 0.024
1 0.15 0.363 0.011 0.023
1 0.103 0.322 0.007 0.013
1 0.146 0.334 0.009 0.016
1 0.132 0.323 0.007 0.012
1 0.185 0.361 0.008 0.013
1 0.208 0.362 0.019 0.024
1 0.225 0.374 0.015 0.024
1 0.258 0.385 0.014 0.027
1 0.009 0.337 0.006 0.013
1 0.023 0.342 0.007 0.013
1 0.034 0.338 0.006 0.012
1 0.038 0.295 0.008 0.015
1 0.013 0.292 0.008 0.013
1 0.045 0.324 0.005 0.012
1 0.008 0.311 0.005 0.009
1 0.076 0.308 0.006 0.011
1 0.086 0.308 0.006 0.013
1 0.063 0.301 0.006 0.011
1 0.057 0.296 0.005 0.011
1 0.087 0.291 0.006 0.009
1 0.099 0.286 0.006 0.011
1 0.115 0.292 0.005 0.009
1 0.116 0.305 0.005 0.011
1 0.124 0.302 0.006 0.012
1 0.14 0.299 0.006 0.012
1 0.156 0.304 0.007 0.013
1 0.169 0.288 0.006 0.012
1 0.181 0.298 0.007 0.012
1 0.199 0.287 0.007 0.012
1 0.225 0.296 0.005 0.011
1 0.175 0.367 0.008 0.013
1 0.19 0.327 0.007 0.012
1 0.231 0.35 0.008 0.013
1 0.245 0.31 0.006 0.012
1 0.273 0.371 0.008 0.016
1 0.282 0.368 0.01 0.015
1 0.265 0.302 0.006 0.013
1 0.278 0.295 0.007 0.012
1 0.292 0.306 0.006 0.012
1 0.312 0.318 0.006 0.013
1 0.311 0.298 0.005 0.012
1 0.318 0.296 0.006 0.009
1 0.324 0.312 0.006 0.011
1 0.33 0.326 0.005 0.011
1 0.308 0.383 0.017 0.028
1 0.317 0.365 0.01 0.025
1 0.329 0.369 0.013 0.023
1 0.349 0.373 0.008 0.015
1 0.343 0.338 0.006 0.011
1 0.336 0.351 0.008 0.012
1 0.355 0.351 0.007 0.013
1 0.352 0.316 0.007 0.013
1 0.384 0.314 0.006 0.011
1 0.392 0.338 0.007 0.012
1 0.39 0.367 0.015 0.025
1 0.385 0.389 0.011 0.028
1 0.372 0.394 0.02 0.029
1 0.403 0.381 0.011 0.021
1 0.407 0.349 0.007 0.013
1 0.402 0.338 0.007 0.011
1 0.419 0.318 0.006 0.011
1 0.398 0.312 0.007 0.009
1 0.389 0.306 0.005 0.009
1 0.439 0.311 0.005 0.009
1 0.482 0.327 0.007 0.012
1 0.465 0.318 0.006 0.008
1 0.494 0.315 0.006 0.012
1 0.491 0.344 0.007 0.013
1 0.46 0.373 0.026 0.045
1 0.517 0.405 0.021 0.033
1 0.526 0.383 0.018 0.028
1 0.547 0.393 0.011 0.025
1 0.572 0.388 0.019 0.031
1 0.616 0.383 0.021 0.036
1 0.506 0.342 0.007 0.012
1 0.508 0.328 0.005 0.009
1 0.521 0.325 0.005 0.011
1 0.537 0.306 0.005 0.008
1 0.537 0.342 0.005 0.009
1 0.56 0.324 0.005 0.011
1 0.551 0.314 0.004 0.008
1 0.57 0.33 0.005 0.009
1 0.566 0.342 0.005 0.011
1 0.58 0.355 0.006 0.009
1 0.592 0.32 0.004 0.007
1 0.588 0.333 0.005 0.008
1 0.606 0.336 0.006 0.011
1 0.617 0.334 0.004 0.011
1 0.633 0.324 0.006 0.009
1 0.63 0.393 0.009 0.02
1 0.656 0.393 0.014 0.023
1 0.664 0.36 0.008 0.012
1 0.637 0.357 0.006 0.008
1 0.661 0.328 0.006 0.009
1 0.657 0.313 0.006 0.008
1 0.645 0.325 0.006 0.008
1 0.677 0.331 0.006 0.009
1 0.686 0.338 0.007 0.011
1 0.7 0.346 0.007 0.013
1 0.692 0.342 0.006 0.011
1 0.706 0.408 0.021 0.027
1 0.732 0.417 0.011 0.017
1 0.781 0.435 0.022 0.037
1 0.833 0.405 0.022 0.036
1 0.737 0.38 0.007 0.012
1 0.72 0.384 0.007 0.009
1 0.725 0.363 0.005 0.009
1 0.737 0.352 0.006 0.012
1 0.705 0.319 0.006 0.012
1 0.731 0.334 0.006 0.009
1 0.742 0.33 0.006 0.009
1 0.738 0.341 0.005 0.008
1 0.759 0.353 0.007 0.012
1 0.763 0.372 0.006 0.012
1 0.731 0.366 0.005 0.008
1 0.748 0.393 0.006 0.011
1 0.724 0.393 0.007 0.013
1 0.769 0.348 0.005 0.009
1 0.76 0.332 0.005 0.009
1 0.799 0.332 0.005 0.012
1 0.797 0.347 0.009 0.013
1 0.853 0.37 0.007 0.013
1 0.835 0.345 0.006 0.012
1 0.828 0.355 0.006 0.011
1 0.82 0.331 0.007 0.009
1 0.83 0.33 0.005 0.009
1 0.85 0.338 0.005 0.008
1 0.845 0.343 0.006 0.009
1 0.858 0.343 0.004 0.009
1 0.865 0.438 0.019 0.034
1 0.912 0.431 0.024 0.037
1 0.955 0.409 0.021 0.041
1 0.976 0.397 0.018 0.034
1 0.872 0.384 0.007 0.012
1 0.88 0.358 0.007 0.011
1 0.884 0.34 0.005 0.009
1 0.892 0.346 0.004 0.008
1 0.907 0.349 0.005 0.008
1 0.92 0.351 0.006 0.009
1 0.929 0.349 0.006 0.009
1 0.91 0.365 0.007 0.011
1 0.923 0.38 0.007 0.012
1 0.992 0.387 0.007 0.012
1 0.772 0.369 0.008 0.012
1 0.361 0.367 0.008 0.012
1 0.363 0.343 0.005 0.009
1 0.447 0.318 0.004 0.008
1 0.743 0.364 0.006 0.012
1 0.062 0.324 0.006 0.012
