1 0.05 0.508 0.037 0.066
1 0.109 0.433 0.021 0.043
1 0.13 0.441 0.029 0.05
1 0.152 0.412 0.027 0.038
1 0.165 0.481 0.034 0.062
1 0.239 0.436 0.029 0.051
1 0.226 0.419 0.019 0.048
1 0.292 0.355 0.022 0.038
1 0.332 0.416 0.021 0.038
1 0.366 0.483 0.026 0.043
1 0.392 0.479 0.036 0.073
1 0.439 0.472 0.036 0.067
1 0.455 0.382 0.02 0.04
1 0.52 0.386 0.023 0.05
1 0.533 0.463 0.031 0.048
1 0.57 0.449 0.017 0.04
1 0.578 0.47 0.023 0.054
1 0.67 0.51 0.032 0.065
1 0.727 0.521 0.036 0.073
1 0.719 0.437 0.024 0.047
1 0.692 0.348 0.022 0.044
1 0.792 0.374 0.021 0.041
1 0.795 0.46 0.029 0.056
1 0.907 0.51 0.024 0.056
1 0.893 0.512 0.021 0.054
1 0.97 0.446 0.018 0.041
1 0.989 0.449 0.021 0.057
1 0.897 0.464 0.022 0.048
