1 0.896 0.414 0.053 0.086
1 0.957 0.39 0.035 0.063
1 0.086 0.289 0.01 0.018
1 0.061 0.296 0.012 0.019
1 0.006 0.32 0.012 0.032
1 0.008 0.254 0.007 0.01
1 0.002 0.266 0.005 0.015
1 0.564 0.294 0.012 0.02
1 0.978 0.281 0.013 0.02
1 0.984 0.36 0.024 0.041
1 0.715 0.304 0.026 0.044
1 0.82 0.323 0.026 0.044
1 0.661 0.386 0.032 0.058
1 0.59 0.304 0.023 0.041
1 0.68 0.284 0.014 0.025
1 0.627 0.303 0.016 0.026
1 0.507 0.306 0.026 0.044
1 0.499 0.268 0.016 0.026
1 0.469 0.276 0.011 0.019
1 0.489 0.26 0.012 0.018
1 0.412 0.288 0.025 0.044
1 0.382 0.268 0.01 0.018
1 0.305 0.319 0.026 0.044
1 0.336 0.263 0.014 0.026
1 0.349 0.283 0.016 0.022
1 0.321 0.243 0.01 0.015
1 0.332 0.317 0.017 0.031
1 0.286 0.242 0.01 0.016
1 0.234 0.273 0.022 0.038
1 0.367 0.491 0.058 0.108
1 0.815 0.59 0.086 0.156
1 0.329 0.451 0.032 0.069
1 0.138 0.308 0.022 0.035
1 0.106 0.363 0.029 0.044
1 0.205 0.354 0.029 0.047
1 0.162 0.25 0.009 0.015
1 0.156 0.242 0.008 0.013
1 0.114 0.257 0.008 0.013
1 0.103 0.266 0.007 0.012
