1 0.907 0.392 0.021 0.042
1 0.887 0.286 0.021 0.04
1 0.88 0.188 0.019 0.036
1 0.817 0.164 0.021 0.043
1 0.741 0.16 0.016 0.035
1 0.822 0.249 0.022 0.047
1 0.834 0.384 0.024 0.042
1 0.749 0.376 0.022 0.043
1 0.756 0.486 0.027 0.049
1 0.845 0.497 0.028 0.047
1 0.747 0.257 0.019 0.038
1 0.669 0.285 0.021 0.042
1 0.663 0.195 0.019 0.04
1 0.609 0.067 0.022 0.043
1 0.608 0.201 0.023 0.045
1 0.609 0.277 0.021 0.04
1 0.604 0.383 0.022 0.047
1 0.676 0.365 0.021 0.045
1 0.535 0.283 0.021 0.042
1 0.531 0.085 0.019 0.042
1 0.529 0.196 0.02 0.038
1 0.462 0.245 0.021 0.045
1 0.464 0.153 0.018 0.038
1 0.462 0.071 0.018 0.042
1 0.396 0.108 0.018 0.038
1 0.408 0.2 0.018 0.042
1 0.388 0.28 0.019 0.043
1 0.458 0.361 0.021 0.045
1 0.53 0.406 0.02 0.035
1 0.375 0.397 0.022 0.04
1 0.333 0.15 0.023 0.04
1 0.319 0.286 0.019 0.042
1 0.268 0.168 0.022 0.036
1 0.256 0.293 0.023 0.043
1 0.248 0.396 0.024 0.045
1 0.311 0.389 0.021 0.045
1 0.292 0.472 0.023 0.049
1 0.174 0.367 0.024 0.043
1 0.181 0.273 0.021 0.038
1 0.216 0.202 0.018 0.033
1 0.157 0.192 0.021 0.033
1 0.13 0.306 0.025 0.04
1 0.914 0.799 0.032 0.054
1 0.863 0.688 0.026 0.049
1 0.783 0.661 0.025 0.045
1 0.79 0.766 0.03 0.056
1 0.703 0.804 0.028 0.049
1 0.707 0.623 0.029 0.056
1 0.677 0.489 0.024 0.047
1 0.935 0.681 0.028 0.049
1 0.516 0.479 0.024 0.052
1 0.535 0.608 0.028 0.052
1 0.442 0.499 0.022 0.05
1 0.368 0.509 0.018 0.035
1 0.441 0.674 0.024 0.049
1 0.526 0.792 0.027 0.056
1 0.616 0.793 0.026 0.052
1 0.437 0.805 0.026 0.047
1 0.36 0.782 0.028 0.047
1 0.367 0.66 0.023 0.045
1 0.293 0.603 0.023 0.047
1 0.272 0.757 0.023 0.049
1 0.204 0.634 0.025 0.045
1 0.12 0.598 0.028 0.043
1 0.216 0.499 0.024 0.043
1 0.144 0.489 0.026 0.043
1 0.061 0.497 0.024 0.045
1 0.115 0.407 0.024 0.047
1 0.182 0.748 0.032 0.052
1 0.105 0.792 0.029 0.042
1 0.06 0.625 0.026 0.042
1 0.903 0.574 0.024 0.043
1 0.623 0.642 0.024 0.052
1 0.592 0.483 0.023 0.052
