1 0.065 0.422 0.017 0.043
1 0.111 0.509 0.017 0.041
1 0.172 0.441 0.018 0.047
1 0.202 0.398 0.014 0.043
1 0.229 0.423 0.017 0.054
1 0.292 0.384 0.017 0.054
1 0.328 0.438 0.022 0.058
1 0.326 0.378 0.009 0.024
1 0.253 0.38 0.006 0.015
1 0.238 0.359 0.007 0.019
1 0.356 0.381 0.011 0.03
1 0.393 0.361 0.012 0.028
1 0.424 0.421 0.023 0.071
1 0.481 0.397 0.018 0.049
1 0.529 0.395 0.02 0.054
1 0.552 0.373 0.01 0.034
1 0.61 0.419 0.02 0.054
1 0.65 0.385 0.01 0.034
1 0.629 0.373 0.011 0.039
1 0.666 0.405 0.013 0.043
1 0.724 0.427 0.018 0.058
1 0.738 0.467 0.019 0.043
1 0.737 0.359 0.011 0.032
1 0.707 0.382 0.014 0.041
1 0.743 0.377 0.01 0.043
1 0.786 0.425 0.018 0.049
1 0.778 0.353 0.008 0.017
1 0.83 0.422 0.015 0.043
1 0.862 0.395 0.015 0.045
1 0.876 0.495 0.017 0.043
1 0.918 0.498 0.021 0.054
1 0.915 0.39 0.017 0.043
1 0.94 0.392 0.012 0.034
1 0.85 0.585 0.017 0.039
1 0.58 0.163 0.02 0.056
