1 0.933 0.108 0.017 0.024
1 0.865 0.097 0.016 0.025
1 0.817 0.108 0.014 0.024
1 0.991 0.071 0.013 0.023
1 0.98 0.722 0.032 0.051
1 0.994 0.642 0.012 0.044
1 0.956 0.587 0.027 0.042
1 0.942 0.518 0.029 0.042
1 0.908 0.594 0.033 0.048
1 0.878 0.693 0.031 0.039
1 0.842 0.76 0.037 0.056
1 0.86 0.498 0.029 0.048
1 0.799 0.56 0.032 0.048
1 0.727 0.565 0.03 0.044
1 0.705 0.515 0.029 0.045
1 0.652 0.374 0.025 0.032
1 0.64 0.543 0.027 0.042
1 0.757 0.739 0.031 0.056
1 0.65 0.708 0.033 0.051
1 0.613 0.778 0.038 0.058
1 0.604 0.602 0.029 0.051
1 0.533 0.583 0.031 0.049
1 0.521 0.765 0.038 0.058
1 0.431 0.828 0.037 0.056
1 0.341 0.723 0.032 0.052
1 0.367 0.659 0.033 0.049
1 0.339 0.846 0.034 0.054
1 0.418 0.76 0.033 0.054
1 0.56 0.687 0.033 0.056
1 0.46 0.657 0.034 0.054
1 0.303 0.618 0.03 0.051
1 0.235 0.803 0.036 0.063
1 0.251 0.699 0.031 0.049
1 0.143 0.753 0.036 0.054
1 0.078 0.738 0.032 0.055
1 0.079 0.645 0.029 0.055
1 0.219 0.588 0.029 0.051
1 0.523 0.403 0.022 0.034
1 0.467 0.388 0.021 0.039
1 0.417 0.367 0.022 0.035
1 0.393 0.428 0.023 0.038
1 0.334 0.392 0.022 0.037
1 0.364 0.365 0.02 0.041
1 0.215 0.396 0.023 0.037
1 0.267 0.443 0.023 0.039
1 0.138 0.445 0.024 0.041
1 0.083 0.424 0.021 0.035
1 0.16 0.402 0.021 0.039
1 0.102 0.377 0.021 0.037
1 0.191 0.319 0.021 0.038
1 0.254 0.348 0.017 0.03
1 0.026 0.408 0.024 0.035
1 0.046 0.37 0.022 0.037
1 0.008 0.327 0.016 0.045
1 0.224 0.294 0.015 0.035
1 0.146 0.567 0.027 0.045
1 0.717 0.638 0.032 0.054
1 0.143 0.3 0.025 0.039
1 0.103 0.295 0.019 0.037
1 0.163 0.865 0.04 0.059
1 0.017 0.7 0.033 0.061
1 0.009 0.45 0.019 0.045
1 0.876 0.549 0.024 0.045
1 0.807 0.647 0.031 0.051
1 0.365 0.549 0.03 0.047
1 0.01 0.63 0.02 0.048
