1 0.029 0.627 0.023 0.012
1 0.053 0.592 0.021 0.019
1 0.093 0.597 0.017 0.017
1 0.151 0.594 0.016 0.017
1 0.156 0.619 0.017 0.018
1 0.18 0.574 0.018 0.017
1 0.148 0.569 0.019 0.014
1 0.111 0.555 0.02 0.02
1 0.117 0.54 0.018 0.014
1 0.041 0.547 0.014 0.014
1 0.078 0.535 0.016 0.011
1 0.098 0.534 0.015 0.017
1 0.193 0.554 0.016 0.014
1 0.209 0.574 0.017 0.017
1 0.021 0.531 0.016 0.015
1 0.305 0.987 0.034 0.023
1 0.19 0.992 0.033 0.015
1 0.105 0.969 0.024 0.028
1 0.041 0.991 0.032 0.017
1 0.41 0.924 0.029 0.03
1 0.267 0.927 0.03 0.024
1 0.212 0.944 0.032 0.024
1 0.113 0.927 0.031 0.022
1 0.044 0.952 0.035 0.029
1 0.022 0.89 0.026 0.021
1 0.159 0.903 0.027 0.03
1 0.212 0.882 0.025 0.028
1 0.281 0.892 0.027 0.028
1 0.37 0.885 0.023 0.019
1 0.44 0.962 0.029 0.027
1 0.526 0.952 0.027 0.027
1 0.582 0.935 0.027 0.023
1 0.618 0.985 0.031 0.027
1 0.646 0.939 0.027 0.029
1 0.811 0.912 0.021 0.029
1 0.835 0.973 0.031 0.034
1 0.843 0.955 0.03 0.027
1 0.702 0.894 0.025 0.02
1 0.556 0.892 0.028 0.027
1 0.457 0.905 0.032 0.024
1 0.781 0.776 0.028 0.025
1 0.773 0.734 0.022 0.019
1 0.75 0.677 0.02 0.019
1 0.831 0.655 0.021 0.02
1 0.884 0.662 0.023 0.017
1 0.885 0.631 0.016 0.008
1 0.844 0.622 0.021 0.019
1 0.863 0.599 0.022 0.022
1 0.828 0.576 0.02 0.018
1 0.797 0.567 0.018 0.019
1 0.82 0.551 0.015 0.014
1 0.87 0.548 0.019 0.017
1 0.837 0.527 0.014 0.014
1 0.815 0.508 0.016 0.015
1 0.805 0.532 0.021 0.016
1 0.872 0.496 0.011 0.012
1 0.856 0.479 0.016 0.011
1 0.839 0.498 0.016 0.013
1 0.888 0.442 0.015 0.015
1 0.844 0.464 0.014 0.009
1 0.851 0.451 0.013 0.011
1 0.866 0.432 0.012 0.013
1 0.833 0.445 0.017 0.014
1 0.825 0.464 0.015 0.011
1 0.807 0.483 0.015 0.007
1 0.84 0.415 0.016 0.015
1 0.798 0.444 0.017 0.014
1 0.845 0.382 0.011 0.012
1 0.902 0.362 0.009 0.012
1 0.892 0.362 0.008 0.008
1 0.867 0.354 0.012 0.011
1 0.742 0.863 0.026 0.017
1 0.902 0.944 0.011 0.022
1 0.762 0.85 0.026 0.024
1 0.584 0.861 0.033 0.028
1 0.64 0.863 0.022 0.019
1 0.481 0.856 0.031 0.025
1 0.848 0.822 0.027 0.029
1 0.889 0.79 0.026 0.026
1 0.848 0.8 0.026 0.022
1 0.855 0.713 0.022 0.022
1 0.885 0.34 0.013 0.012
1 0.899 0.337 0.011 0.012
1 0.85 0.324 0.012 0.013
1 0.835 0.341 0.011 0.009
1 0.875 0.31 0.009 0.009
1 0.857 0.312 0.009 0.009
1 0.832 0.306 0.011 0.008
1 0.876 0.297 0.01 0.006
1 0.897 0.302 0.013 0.012
1 0.832 0.296 0.01 0.007
1 0.806 0.29 0.01 0.009
1 0.868 0.287 0.01 0.009
1 0.897 0.287 0.009 0.009
1 0.861 0.274 0.01 0.009
1 0.832 0.274 0.009 0.008
1 0.819 0.275 0.007 0.006
1 0.788 0.286 0.01 0.007
1 0.789 0.303 0.008 0.008
1 0.766 0.285 0.01 0.009
1 0.803 0.265 0.009 0.009
1 0.775 0.265 0.008 0.006
1 0.777 0.276 0.009 0.009
1 0.783 0.262 0.009 0.008
1 0.784 0.251 0.008 0.006
1 0.736 0.24 0.006 0.005
1 0.746 0.243 0.006 0.005
1 0.7 0.249 0.009 0.006
1 0.749 0.225 0.008 0.007
1 0.77 0.237 0.006 0.005
1 0.731 0.249 0.007 0.007
1 0.792 0.245 0.007 0.007
1 0.446 0.784 0.021 0.025
1 0.41 0.867 0.022 0.026
1 0.328 0.858 0.024 0.022
1 0.378 0.841 0.027 0.024
1 0.323 0.79 0.025 0.024
1 0.295 0.813 0.024 0.03
1 0.275 0.816 0.019 0.022
1 0.286 0.854 0.022 0.019
1 0.191 0.86 0.026 0.022
1 0.179 0.834 0.027 0.022
1 0.172 0.8 0.022 0.022
1 0.245 0.79 0.023 0.023
1 0.277 0.768 0.025 0.022
1 0.165 0.756 0.025 0.024
1 0.192 0.742 0.023 0.022
1 0.272 0.74 0.023 0.017
1 0.293 0.723 0.022 0.016
1 0.37 0.722 0.022 0.016
1 0.37 0.74 0.028 0.017
1 0.214 0.719 0.021 0.022
1 0.135 0.868 0.025 0.014
1 0.074 0.861 0.027 0.023
1 0.068 0.819 0.028 0.026
1 0.013 0.83 0.025 0.028
1 0.1 0.794 0.026 0.024
1 0.088 0.762 0.02 0.022
1 0.422 0.773 0.019 0.017
1 0.343 0.769 0.026 0.025
1 0.443 0.712 0.027 0.026
1 0.418 0.702 0.021 0.02
1 0.536 0.689 0.021 0.02
1 0.459 0.687 0.021 0.018
1 0.379 0.692 0.022 0.021
1 0.268 0.686 0.024 0.011
1 0.819 0.732 0.021 0.017
1 0.721 0.71 0.021 0.019
1 0.731 0.668 0.021 0.019
1 0.694 0.666 0.022 0.017
1 0.66 0.679 0.023 0.022
1 0.652 0.703 0.02 0.022
1 0.652 0.653 0.016 0.016
1 0.709 0.635 0.02 0.017
1 0.764 0.928 0.026 0.024
1 0.693 0.945 0.022 0.012
1 0.039 0.723 0.024 0.019
1 0.107 0.711 0.023 0.024
1 0.136 0.691 0.021 0.02
1 0.177 0.694 0.02 0.017
1 0.181 0.662 0.021 0.021
1 0.112 0.664 0.019 0.018
1 0.063 0.711 0.026 0.024
1 0.3 0.66 0.022 0.017
1 0.234 0.642 0.019 0.017
1 0.168 0.643 0.021 0.018
1 0.195 0.631 0.022 0.019
1 0.026 0.652 0.021 0.019
1 0.073 0.633 0.018 0.013
1 0.232 0.571 0.015 0.017
1 0.25 0.564 0.016 0.015
1 0.266 0.545 0.014 0.013
1 0.3 0.547 0.018 0.015
1 0.352 0.582 0.016 0.016
1 0.674 0.252 0.008 0.007
1 0.664 0.24 0.007 0.007
1 0.708 0.201 0.007 0.006
1 0.612 0.207 0.007 0.006
1 0.591 0.201 0.007 0.006
1 0.609 0.196 0.006 0.004
1 0.623 0.203 0.005 0.004
1 0.6 0.177 0.006 0.006
1 0.602 0.172 0.005 0.004
1 0.632 0.156 0.003 0.004
1 0.531 0.198 0.007 0.006
1 0.605 0.153 0.004 0.004
1 0.519 0.169 0.006 0.005
1 0.483 0.176 0.006 0.007
1 0.476 0.177 0.005 0.006
1 0.736 0.799 0.028 0.029
1 0.758 0.775 0.026 0.024
1 0.735 0.761 0.021 0.018
1 0.668 0.742 0.022 0.019
1 0.622 0.815 0.022 0.017
1 0.583 0.788 0.022 0.017
1 0.582 0.767 0.015 0.017
1 0.549 0.763 0.023 0.026
1 0.595 0.739 0.022 0.025
1 0.608 0.741 0.015 0.02
1 0.648 0.715 0.021 0.024
1 0.603 0.715 0.019 0.017
1 0.567 0.721 0.018 0.017
1 0.518 0.726 0.021 0.017
1 0.527 0.763 0.021 0.019
1 0.467 0.737 0.023 0.022
1 0.369 0.581 0.017 0.01
1 0.413 0.586 0.018 0.019
1 0.452 0.57 0.016 0.017
1 0.407 0.618 0.02 0.017
1 0.447 0.628 0.021 0.017
1 0.436 0.612 0.018 0.013
1 0.364 0.639 0.021 0.02
1 0.423 0.655 0.016 0.016
1 0.472 0.653 0.019 0.019
1 0.342 0.681 0.022 0.024
1 0.442 0.679 0.019 0.019
1 0.309 0.653 0.015 0.019
1 0.336 0.627 0.018 0.019
1 0.349 0.617 0.02 0.017
1 0.366 0.606 0.017 0.017
1 0.517 0.666 0.021 0.013
1 0.546 0.664 0.018 0.019
1 0.61 0.685 0.017 0.022
1 0.593 0.674 0.02 0.017
1 0.584 0.641 0.021 0.024
1 0.61 0.613 0.021 0.021
1 0.505 0.647 0.02 0.014
1 0.513 0.636 0.016 0.009
1 0.536 0.572 0.018 0.013
1 0.25 0.633 0.019 0.017
1 0.604 0.587 0.018 0.019
1 0.618 0.578 0.016 0.016
1 0.63 0.623 0.016 0.017
1 0.555 0.56 0.019 0.019
1 0.575 0.554 0.017 0.014
1 0.611 0.558 0.017 0.011
1 0.641 0.562 0.018 0.014
1 0.679 0.569 0.016 0.011
1 0.677 0.598 0.018 0.011
1 0.691 0.637 0.015 0.016
1 0.713 0.614 0.021 0.016
1 0.74 0.63 0.018 0.019
1 0.771 0.637 0.023 0.019
1 0.772 0.591 0.02 0.016
1 0.833 0.615 0.01 0.012
1 0.745 0.581 0.02 0.014
1 0.716 0.551 0.017 0.017
1 0.772 0.558 0.017 0.014
1 0.658 0.546 0.019 0.015
1 0.617 0.545 0.015 0.012
1 0.894 0.541 0.01 0.013
1 0.759 0.521 0.017 0.014
1 0.771 0.507 0.013 0.012
1 0.757 0.486 0.014 0.016
1 0.775 0.479 0.011 0.008
1 0.746 0.483 0.016 0.016
1 0.712 0.5 0.016 0.011
1 0.701 0.529 0.016 0.016
1 0.692 0.527 0.013 0.016
1 0.648 0.532 0.016 0.016
1 0.655 0.522 0.017 0.012
1 0.66 0.505 0.018 0.018
1 0.565 0.536 0.016 0.014
1 0.587 0.496 0.02 0.014
1 0.621 0.489 0.016 0.013
1 0.562 0.503 0.014 0.014
1 0.525 0.532 0.018 0.016
1 0.536 0.499 0.015 0.01
1 0.55 0.489 0.015 0.012
1 0.587 0.475 0.015 0.012
1 0.524 0.471 0.016 0.013
1 0.514 0.52 0.019 0.012
1 0.506 0.558 0.016 0.013
1 0.471 0.547 0.02 0.017
1 0.417 0.553 0.021 0.015
1 0.437 0.546 0.015 0.012
1 0.394 0.538 0.016 0.014
1 0.384 0.524 0.018 0.017
1 0.389 0.503 0.014 0.014
1 0.398 0.485 0.015 0.014
1 0.384 0.489 0.015 0.01
1 0.504 0.483 0.013 0.012
1 0.568 0.486 0.016 0.01
1 0.616 0.459 0.014 0.013
1 0.574 0.462 0.011 0.008
1 0.481 0.486 0.014 0.014
1 0.441 0.479 0.013 0.009
1 0.4 0.465 0.014 0.009
1 0.464 0.454 0.015 0.014
1 0.343 0.486 0.015 0.013
1 0.376 0.458 0.014 0.008
1 0.409 0.45 0.012 0.013
1 0.328 0.45 0.018 0.015
1 0.342 0.446 0.011 0.011
1 0.313 0.457 0.013 0.012
1 0.297 0.509 0.016 0.015
1 0.265 0.501 0.018 0.015
1 0.289 0.484 0.017 0.017
1 0.221 0.532 0.018 0.018
1 0.27 0.483 0.017 0.012
1 0.425 0.447 0.011 0.01
1 0.33 0.426 0.015 0.014
1 0.277 0.429 0.014 0.013
1 0.271 0.455 0.012 0.01
1 0.195 0.507 0.015 0.017
1 0.2 0.478 0.008 0.013
1 0.188 0.48 0.018 0.013
1 0.18 0.463 0.016 0.013
1 0.203 0.468 0.013 0.014
1 0.179 0.516 0.017 0.018
1 0.151 0.494 0.016 0.014
1 0.107 0.521 0.018 0.013
1 0.06 0.519 0.017 0.013
1 0.113 0.493 0.015 0.015
1 0.067 0.491 0.018 0.014
1 0.09 0.484 0.014 0.011
1 0.134 0.465 0.016 0.015
1 0.097 0.465 0.017 0.016
1 0.141 0.452 0.014 0.016
1 0.086 0.446 0.014 0.011
1 0.06 0.455 0.016 0.016
1 0.195 0.436 0.014 0.012
1 0.229 0.432 0.006 0.01
1 0.254 0.424 0.012 0.009
1 0.16 0.434 0.015 0.014
1 0.15 0.438 0.01 0.009
1 0.167 0.419 0.013 0.013
1 0.126 0.414 0.013 0.013
1 0.145 0.404 0.012 0.013
1 0.095 0.408 0.013 0.012
1 0.106 0.402 0.012 0.012
1 0.092 0.433 0.013 0.01
1 0.067 0.445 0.015 0.008
1 0.034 0.459 0.013 0.009
1 0.04 0.476 0.02 0.014
1 0.024 0.496 0.016 0.016
1 0.057 0.426 0.012 0.011
1 0.048 0.409 0.011 0.011
1 0.025 0.471 0.015 0.012
1 0.039 0.389 0.014 0.014
1 0.085 0.371 0.014 0.01
1 0.031 0.374 0.015 0.01
1 0.047 0.36 0.014 0.013
1 0.072 0.369 0.01 0.011
1 0.108 0.358 0.01 0.009
1 0.066 0.354 0.011 0.011
1 0.111 0.39 0.006 0.009
1 0.153 0.395 0.01 0.009
1 0.126 0.355 0.011 0.012
1 0.054 0.393 0.008 0.01
1 0.128 0.395 0.008 0.007
1 0.141 0.351 0.012 0.013
1 0.681 0.465 0.016 0.014
1 0.712 0.456 0.015 0.015
1 0.723 0.449 0.014 0.013
1 0.748 0.446 0.009 0.01
1 0.774 0.465 0.015 0.01
1 0.757 0.471 0.009 0.012
1 0.777 0.448 0.012 0.007
1 0.77 0.43 0.012 0.012
1 0.741 0.428 0.013 0.012
1 0.661 0.432 0.017 0.014
1 0.655 0.46 0.015 0.014
1 0.638 0.466 0.013 0.01
1 0.605 0.434 0.012 0.013
1 0.567 0.437 0.015 0.012
1 0.538 0.444 0.017 0.014
1 0.515 0.447 0.012 0.013
1 0.48 0.449 0.014 0.013
1 0.694 0.429 0.013 0.01
1 0.65 0.432 0.011 0.009
1 0.715 0.41 0.01 0.01
1 0.763 0.409 0.012 0.012
1 0.768 0.404 0.009 0.01
1 0.732 0.395 0.012 0.011
1 0.704 0.403 0.013 0.009
1 0.675 0.415 0.015 0.013
1 0.68 0.405 0.012 0.011
1 0.665 0.404 0.009 0.01
1 0.671 0.39 0.013 0.011
1 0.699 0.388 0.012 0.01
1 0.755 0.387 0.01 0.01
1 0.769 0.385 0.013 0.014
1 0.711 0.379 0.012 0.012
1 0.654 0.386 0.013 0.012
1 0.63 0.382 0.012 0.009
1 0.552 0.426 0.014 0.012
1 0.577 0.421 0.012 0.009
1 0.589 0.401 0.013 0.014
1 0.612 0.405 0.012 0.011
1 0.601 0.422 0.012 0.009
1 0.628 0.416 0.012 0.008
1 0.574 0.401 0.013 0.012
1 0.542 0.409 0.013 0.008
1 0.527 0.423 0.015 0.014
1 0.531 0.403 0.014 0.011
1 0.523 0.39 0.012 0.011
1 0.563 0.388 0.013 0.01
1 0.583 0.387 0.01 0.006
1 0.542 0.381 0.011 0.012
1 0.509 0.386 0.013 0.011
1 0.476 0.407 0.012 0.012
1 0.491 0.405 0.012 0.014
1 0.461 0.4 0.011 0.012
1 0.451 0.434 0.014 0.01
1 0.438 0.413 0.012 0.008
1 0.5 0.438 0.013 0.008
1 0.406 0.415 0.011 0.01
1 0.359 0.415 0.01 0.009
1 0.186 0.346 0.011 0.011
1 0.463 0.386 0.013 0.012
1 0.466 0.372 0.01 0.011
1 0.46 0.353 0.01 0.01
1 0.457 0.345 0.009 0.007
1 0.465 0.337 0.009 0.011
1 0.454 0.331 0.008 0.008
1 0.428 0.326 0.01 0.012
1 0.418 0.329 0.01 0.01
1 0.396 0.317 0.01 0.009
1 0.43 0.315 0.01 0.008
1 0.439 0.317 0.009 0.01
1 0.381 0.321 0.01 0.006
1 0.347 0.319 0.01 0.009
1 0.357 0.315 0.011 0.008
1 0.326 0.326 0.009 0.008
1 0.323 0.314 0.011 0.01
1 0.31 0.328 0.01 0.005
1 0.285 0.334 0.011 0.011
1 0.267 0.325 0.011 0.011
1 0.251 0.332 0.011 0.009
1 0.235 0.347 0.01 0.008
1 0.226 0.337 0.008 0.011
1 0.229 0.331 0.013 0.012
1 0.155 0.334 0.01 0.011
1 0.171 0.329 0.01 0.006
1 0.189 0.327 0.011 0.008
1 0.203 0.333 0.01 0.009
1 0.22 0.329 0.01 0.009
1 0.224 0.317 0.01 0.009
1 0.189 0.314 0.01 0.007
1 0.291 0.306 0.01 0.009
1 0.351 0.306 0.011 0.008
1 0.388 0.309 0.009 0.008
1 0.416 0.313 0.009 0.009
1 0.405 0.304 0.009 0.005
1 0.441 0.303 0.008 0.006
1 0.456 0.303 0.009 0.008
1 0.311 0.303 0.011 0.011
1 0.25 0.304 0.008 0.007
1 0.204 0.304 0.01 0.01
1 0.154 0.31 0.009 0.006
1 0.801 0.389 0.012 0.009
1 0.813 0.373 0.012 0.009
1 0.786 0.365 0.011 0.007
1 0.774 0.365 0.006 0.006
1 0.742 0.37 0.01 0.012
1 0.69 0.368 0.013 0.012
1 0.735 0.36 0.011 0.012
1 0.751 0.336 0.011 0.012
1 0.738 0.344 0.013 0.008
1 0.707 0.344 0.012 0.011
1 0.694 0.346 0.009 0.009
1 0.683 0.36 0.011 0.008
1 0.667 0.37 0.012 0.009
1 0.887 0.423 0.011 0.008
1 0.663 0.356 0.008 0.008
1 0.684 0.327 0.01 0.009
1 0.704 0.332 0.012 0.01
1 0.7 0.318 0.008 0.008
1 0.637 0.331 0.01 0.009
1 0.651 0.347 0.011 0.007
1 0.63 0.362 0.012 0.009
1 0.613 0.379 0.012 0.01
1 0.638 0.38 0.008 0.009
1 0.609 0.369 0.011 0.008
1 0.611 0.346 0.01 0.008
1 0.596 0.351 0.009 0.009
1 0.588 0.359 0.011 0.013
1 0.574 0.372 0.011 0.011
1 0.553 0.368 0.012 0.012
1 0.552 0.359 0.012 0.008
1 0.523 0.373 0.01 0.007
1 0.544 0.347 0.011 0.006
1 0.583 0.336 0.011 0.01
1 0.59 0.336 0.008 0.008
1 0.583 0.314 0.009 0.007
1 0.642 0.349 0.006 0.006
1 0.56 0.328 0.01 0.01
1 0.603 0.315 0.007 0.006
1 0.595 0.3 0.009 0.008
1 0.567 0.3 0.008 0.007
1 0.562 0.317 0.01 0.01
1 0.53 0.311 0.011 0.009
1 0.543 0.333 0.009 0.009
1 0.532 0.298 0.011 0.009
1 0.488 0.325 0.01 0.012
1 0.497 0.317 0.01 0.008
1 0.5 0.309 0.009 0.008
1 0.476 0.314 0.008 0.01
1 0.48 0.308 0.01 0.009
1 0.494 0.3 0.01 0.009
1 0.519 0.29 0.01 0.009
1 0.549 0.288 0.011 0.01
1 0.47 0.301 0.01 0.008
1 0.461 0.288 0.01 0.01
1 0.475 0.288 0.008 0.009
1 0.478 0.288 0.007 0.006
1 0.496 0.288 0.007 0.007
1 0.51 0.283 0.007 0.008
1 0.443 0.295 0.009 0.006
1 0.436 0.287 0.01 0.009
1 0.4 0.296 0.008 0.007
1 0.376 0.299 0.008 0.009
1 0.33 0.299 0.009 0.009
1 0.365 0.296 0.009 0.009
1 0.342 0.291 0.008 0.006
1 0.313 0.284 0.008 0.009
1 0.41 0.281 0.01 0.01
1 0.45 0.281 0.009 0.009
1 0.427 0.275 0.009 0.009
1 0.476 0.273 0.008 0.009
1 0.463 0.278 0.007 0.006
1 0.533 0.269 0.007 0.005
1 0.546 0.265 0.008 0.009
1 0.562 0.267 0.008 0.008
1 0.548 0.276 0.008 0.006
1 0.434 0.265 0.008 0.009
1 0.474 0.259 0.008 0.008
1 0.465 0.26 0.009 0.009
1 0.396 0.277 0.01 0.01
1 0.384 0.283 0.009 0.009
1 0.363 0.278 0.008 0.007
1 0.327 0.282 0.008 0.009
1 0.333 0.278 0.009 0.009
1 0.297 0.293 0.01 0.009
1 0.306 0.279 0.01 0.009
1 0.324 0.272 0.007 0.006
1 0.309 0.268 0.009 0.006
1 0.343 0.267 0.009 0.006
1 0.355 0.267 0.008 0.008
1 0.418 0.265 0.009 0.007
1 0.388 0.273 0.007 0.005
1 0.36 0.26 0.008 0.009
1 0.367 0.256 0.009 0.008
1 0.386 0.257 0.01 0.009
1 0.398 0.257 0.008 0.006
1 0.411 0.255 0.007 0.004
1 0.421 0.256 0.009 0.008
1 0.459 0.249 0.009 0.008
1 0.423 0.247 0.008 0.006
1 0.43 0.245 0.007 0.006
1 0.323 0.252 0.007 0.006
1 0.314 0.248 0.008 0.009
1 0.299 0.263 0.008 0.01
1 0.277 0.266 0.006 0.005
1 0.287 0.247 0.008 0.006
1 0.632 0.315 0.006 0.008
1 0.722 0.298 0.007 0.004
1 0.595 0.275 0.006 0.004
1 0.586 0.258 0.007 0.006
1 0.524 0.245 0.008 0.006
1 0.483 0.248 0.006 0.006
1 0.468 0.24 0.008 0.007
1 0.503 0.25 0.008 0.004
1 0.497 0.259 0.007 0.006
1 0.269 0.289 0.01 0.008
1 0.23 0.29 0.009 0.009
1 0.224 0.281 0.01 0.007
1 0.27 0.276 0.011 0.009
1 0.24 0.27 0.007 0.007
1 0.245 0.276 0.008 0.006
1 0.257 0.271 0.006 0.006
1 0.262 0.256 0.008 0.008
1 0.222 0.256 0.01 0.009
1 0.238 0.247 0.008 0.007
1 0.253 0.247 0.008 0.007
1 0.274 0.251 0.008 0.007
1 0.256 0.236 0.009 0.008
1 0.249 0.235 0.007 0.007
1 0.208 0.243 0.009 0.008
1 0.207 0.262 0.009 0.006
1 0.206 0.275 0.01 0.009
1 0.199 0.282 0.01 0.01
1 0.185 0.304 0.008 0.006
1 0.14 0.306 0.014 0.012
1 0.106 0.332 0.013 0.012
1 0.088 0.328 0.005 0.009
1 0.092 0.328 0.005 0.009
1 0.074 0.336 0.013 0.012
1 0.104 0.344 0.013 0.01
1 0.157 0.347 0.013 0.012
1 0.059 0.321 0.009 0.011
1 0.052 0.336 0.012 0.011
1 0.044 0.308 0.011 0.009
1 0.056 0.306 0.014 0.009
1 0.125 0.306 0.014 0.011
1 0.098 0.311 0.013 0.006
1 0.177 0.303 0.008 0.006
1 0.167 0.288 0.009 0.009
1 0.13 0.296 0.01 0.009
1 0.133 0.285 0.006 0.004
1 0.147 0.275 0.009 0.007
1 0.174 0.283 0.007 0.007
1 0.16 0.267 0.007 0.005
1 0.189 0.267 0.009 0.008
1 0.141 0.264 0.008 0.009
1 0.135 0.275 0.01 0.005
1 0.125 0.269 0.009 0.009
1 0.182 0.263 0.009 0.008
1 0.156 0.251 0.009 0.006
1 0.179 0.25 0.005 0.004
1 0.191 0.249 0.007 0.006
1 0.186 0.255 0.007 0.005
1 0.164 0.242 0.007 0.007
1 0.179 0.234 0.008 0.005
1 0.166 0.234 0.008 0.004
1 0.142 0.238 0.008 0.006
1 0.14 0.254 0.01 0.007
1 0.12 0.259 0.012 0.009
1 0.278 0.277 0.006 0.009
1 0.153 0.229 0.007 0.007
1 0.125 0.228 0.007 0.006
1 0.127 0.245 0.008 0.008
1 0.159 0.226 0.006 0.006
1 0.208 0.228 0.007 0.007
1 0.235 0.229 0.009 0.009
1 0.268 0.236 0.007 0.007
1 0.272 0.233 0.006 0.007
1 0.282 0.241 0.007 0.005
1 0.298 0.241 0.009 0.009
1 0.549 0.232 0.006 0.006
1 0.594 0.226 0.006 0.006
1 0.622 0.21 0.006 0.008
1 0.537 0.215 0.008 0.008
1 0.526 0.221 0.007 0.006
1 0.528 0.237 0.007 0.006
1 0.514 0.233 0.006 0.006
1 0.52 0.222 0.006 0.008
1 0.495 0.209 0.006 0.007
1 0.503 0.201 0.005 0.005
1 0.516 0.199 0.005 0.003
1 0.487 0.195 0.008 0.005
1 0.497 0.194 0.005 0.004
1 0.451 0.241 0.007 0.005
1 0.467 0.23 0.008 0.006
1 0.475 0.227 0.007 0.007
1 0.485 0.238 0.007 0.006
1 0.495 0.234 0.009 0.006
1 0.5 0.232 0.007 0.006
1 0.48 0.213 0.006 0.006
1 0.459 0.22 0.007 0.006
1 0.454 0.224 0.006 0.007
1 0.419 0.239 0.009 0.005
1 0.428 0.232 0.006 0.006
1 0.445 0.217 0.009 0.007
1 0.452 0.212 0.008 0.005
1 0.458 0.204 0.008 0.006
1 0.459 0.196 0.006 0.006
1 0.447 0.205 0.007 0.006
1 0.433 0.214 0.009 0.007
1 0.438 0.2 0.008 0.005
1 0.404 0.23 0.008 0.005
1 0.42 0.201 0.006 0.005
1 0.441 0.19 0.007 0.005
1 0.426 0.22 0.007 0.005
1 0.415 0.214 0.009 0.005
1 0.393 0.204 0.007 0.006
1 0.399 0.206 0.005 0.005
1 0.402 0.194 0.007 0.005
1 0.4 0.185 0.007 0.005
1 0.417 0.19 0.005 0.004
1 0.477 0.183 0.007 0.005
1 0.439 0.184 0.006 0.006
1 0.41 0.247 0.006 0.004
1 0.384 0.242 0.006 0.006
1 0.375 0.239 0.008 0.007
1 0.359 0.227 0.008 0.008
1 0.378 0.224 0.008 0.009
1 0.371 0.221 0.006 0.006
1 0.328 0.245 0.007 0.006
1 0.346 0.235 0.007 0.007
1 0.314 0.237 0.007 0.006
1 0.338 0.242 0.005 0.006
1 0.371 0.194 0.006 0.006
1 0.388 0.194 0.006 0.004
1 0.433 0.183 0.005 0.006
1 0.417 0.182 0.005 0.005
1 0.424 0.177 0.006 0.005
1 0.408 0.175 0.008 0.006
1 0.39 0.177 0.006 0.004
1 0.376 0.185 0.007 0.006
1 0.385 0.185 0.007 0.006
1 0.362 0.186 0.006 0.005
1 0.352 0.18 0.006 0.006
1 0.345 0.186 0.007 0.004
1 0.349 0.197 0.006 0.005
1 0.377 0.207 0.006 0.005
1 0.36 0.21 0.007 0.005
1 0.365 0.206 0.007 0.005
1 0.348 0.204 0.006 0.004
1 0.335 0.215 0.007 0.006
1 0.328 0.215 0.008 0.007
1 0.328 0.205 0.008 0.007
1 0.336 0.225 0.007 0.005
1 0.349 0.225 0.005 0.005
1 0.322 0.224 0.008 0.006
1 0.304 0.232 0.008 0.007
1 0.293 0.231 0.007 0.006
1 0.29 0.219 0.007 0.006
1 0.3 0.215 0.007 0.006
1 0.311 0.209 0.007 0.007
1 0.328 0.191 0.007 0.007
1 0.342 0.192 0.006 0.006
1 0.334 0.185 0.006 0.005
1 0.331 0.177 0.006 0.006
1 0.269 0.22 0.007 0.007
1 0.287 0.21 0.007 0.005
1 0.292 0.204 0.006 0.005
1 0.291 0.197 0.007 0.004
1 0.308 0.198 0.007 0.005
1 0.314 0.196 0.004 0.005
1 0.316 0.185 0.005 0.006
1 0.308 0.187 0.006 0.005
1 0.327 0.182 0.005 0.004
1 0.292 0.185 0.006 0.005
1 0.285 0.189 0.006 0.006
1 0.283 0.196 0.005 0.005
1 0.273 0.199 0.006 0.006
1 0.266 0.2 0.006 0.007
1 0.25 0.211 0.009 0.007
1 0.245 0.224 0.006 0.006
1 0.229 0.218 0.008 0.008
1 0.238 0.208 0.007 0.005
1 0.244 0.203 0.007 0.008
1 0.253 0.199 0.006 0.004
1 0.248 0.19 0.006 0.005
1 0.257 0.191 0.007 0.005
1 0.261 0.183 0.006 0.004
1 0.271 0.176 0.007 0.006
1 0.281 0.182 0.005 0.006
1 0.211 0.217 0.009 0.009
1 0.231 0.196 0.006 0.006
1 0.204 0.199 0.008 0.007
1 0.234 0.181 0.006 0.005
1 0.256 0.178 0.006 0.006
1 0.214 0.185 0.006 0.006
1 0.188 0.222 0.007 0.007
1 0.198 0.213 0.008 0.008
1 0.154 0.21 0.007 0.007
1 0.166 0.211 0.006 0.005
1 0.167 0.203 0.006 0.006
1 0.137 0.218 0.007 0.006
1 0.146 0.215 0.008 0.006
1 0.141 0.203 0.007 0.007
1 0.146 0.195 0.008 0.007
1 0.129 0.198 0.013 0.009
1 0.16 0.192 0.008 0.007
1 0.168 0.182 0.007 0.006
1 0.181 0.174 0.005 0.004
1 0.196 0.172 0.007 0.004
1 0.203 0.172 0.008 0.006
1 0.204 0.18 0.006 0.004
1 0.155 0.179 0.006 0.006
1 0.13 0.177 0.006 0.004
1 0.15 0.18 0.006 0.004
1 0.154 0.169 0.006 0.006
1 0.171 0.167 0.007 0.005
1 0.152 0.159 0.006 0.005
1 0.189 0.162 0.006 0.006
1 0.197 0.166 0.007 0.005
1 0.208 0.164 0.006 0.005
1 0.176 0.165 0.005 0.005
1 0.174 0.154 0.005 0.005
1 0.14 0.155 0.005 0.005
1 0.194 0.146 0.006 0.006
1 0.203 0.147 0.007 0.005
1 0.198 0.154 0.006 0.004
1 0.132 0.165 0.008 0.006
1 0.203 0.191 0.007 0.005
1 0.219 0.169 0.006 0.005
1 0.222 0.161 0.005 0.005
1 0.226 0.16 0.005 0.006
1 0.232 0.154 0.005 0.005
1 0.261 0.156 0.006 0.005
1 0.271 0.157 0.005 0.005
1 0.271 0.168 0.006 0.004
1 0.277 0.171 0.006 0.004
1 0.287 0.169 0.006 0.006
1 0.306 0.166 0.006 0.006
1 0.312 0.173 0.006 0.006
1 0.316 0.171 0.006 0.006
1 0.321 0.168 0.006 0.006
1 0.34 0.17 0.006 0.007
1 0.347 0.166 0.005 0.005
1 0.382 0.172 0.005 0.006
1 0.377 0.16 0.006 0.006
1 0.363 0.171 0.004 0.003
1 0.352 0.157 0.004 0.004
1 0.311 0.155 0.006 0.006
1 0.297 0.159 0.006 0.004
1 0.279 0.159 0.005 0.005
1 0.341 0.155 0.004 0.004
1 0.316 0.163 0.005 0.004
1 0.362 0.147 0.005 0.004
1 0.347 0.147 0.004 0.005
1 0.355 0.146 0.004 0.004
1 0.456 0.182 0.007 0.006
1 0.431 0.173 0.005 0.005
1 0.436 0.157 0.006 0.005
1 0.419 0.168 0.006 0.006
1 0.411 0.155 0.006 0.006
1 0.416 0.153 0.006 0.006
1 0.428 0.154 0.006 0.005
1 0.399 0.162 0.005 0.005
1 0.388 0.155 0.005 0.006
1 0.406 0.152 0.006 0.006
1 0.445 0.148 0.006 0.004
1 0.423 0.133 0.004 0.004
1 0.402 0.13 0.005 0.004
1 0.387 0.136 0.005 0.005
1 0.52 0.162 0.004 0.003
1 0.455 0.155 0.006 0.004
1 0.374 0.167 0.006 0.004
1 0.346 0.132 0.005 0.005
1 0.333 0.138 0.005 0.005
1 0.314 0.135 0.004 0.004
1 0.302 0.135 0.005 0.004
1 0.279 0.139 0.004 0.004
1 0.266 0.138 0.006 0.006
1 0.256 0.144 0.006 0.005
1 0.268 0.148 0.006 0.005
1 0.306 0.147 0.004 0.004
1 0.269 0.133 0.004 0.004
1 0.29 0.125 0.005 0.004
1 0.292 0.144 0.005 0.005
1 0.271 0.126 0.004 0.004
1 0.251 0.129 0.005 0.005
1 0.295 0.123 0.005 0.004
1 0.262 0.121 0.004 0.004
1 0.171 0.14 0.004 0.004
1 0.18 0.131 0.004 0.004
1 0.215 0.139 0.005 0.003
1 0.222 0.149 0.007 0.005
1 0.147 0.154 0.006 0.004
1 0.159 0.14 0.006 0.004
1 0.192 0.133 0.005 0.006
1 0.195 0.123 0.006 0.005
1 0.227 0.125 0.005 0.004
1 0.202 0.127 0.003 0.003
1 0.249 0.122 0.004 0.004
1 0.588 0.173 0.004 0.002
1 0.46 0.176 0.003 0.002
1 0.427 0.103 0.004 0.005
1 0.28 0.12 0.003 0.003
1 0.283 0.113 0.004 0.003
1 0.196 0.118 0.005 0.004
1 0.184 0.126 0.005 0.005
1 0.207 0.112 0.005 0.003
1 0.278 0.109 0.003 0.003
1 0.263 0.113 0.004 0.004
1 0.245 0.099 0.004 0.003
1 0.247 0.103 0.004 0.002
1 0.264 0.104 0.004 0.003
1 0.235 0.097 0.003 0.003
1 0.223 0.091 0.003 0.003
1 0.267 0.101 0.003 0.003
1 0.265 0.091 0.003 0.002
1 0.23 0.095 0.004 0.002
1 0.245 0.085 0.004 0.003
1 0.275 0.102 0.005 0.006
1 0.282 0.102 0.005 0.006
1 0.215 0.113 0.005 0.004
1 0.221 0.127 0.003 0.004
1 0.188 0.096 0.002 0.003
1 0.162 0.105 0.005 0.004
1 0.147 0.098 0.004 0.003
1 0.168 0.122 0.005 0.003
1 0.391 0.163 0.004 0.003
1 0.415 0.133 0.005 0.005
1 0.317 0.158 0.004 0.003
1 0.029 0.796 0.021 0.008
1 0.683 0.456 0.015 0.011
1 0.272 0.118 0.005 0.006
