1 0.085 0.448 0.026 0.055
1 0.043 0.362 0.016 0.037
1 0.094 0.337 0.012 0.027
1 0.068 0.353 0.014 0.025
1 0.142 0.326 0.009 0.013
1 0.187 0.365 0.011 0.025
1 0.224 0.443 0.023 0.048
1 0.295 0.431 0.016 0.035
1 0.287 0.362 0.01 0.02
1 0.309 0.375 0.012 0.02
1 0.328 0.421 0.024 0.042
1 0.149 0.326 0.009 0.015
1 0.364 0.427 0.023 0.047
1 0.233 0.432 0.017 0.037
1 0.407 0.422 0.017 0.037
1 0.441 0.437 0.019 0.04
1 0.477 0.418 0.021 0.045
1 0.453 0.391 0.01 0.018
1 0.491 0.409 0.019 0.042
1 0.522 0.406 0.02 0.038
1 0.441 0.297 0.015 0.023
1 0.57 0.39 0.024 0.038
1 0.612 0.373 0.019 0.028
1 0.608 0.413 0.018 0.032
1 0.684 0.416 0.026 0.048
1 0.701 0.407 0.019 0.043
1 0.723 0.399 0.017 0.037
1 0.669 0.389 0.014 0.03
1 0.629 0.37 0.013 0.022
1 0.647 0.28 0.014 0.025
1 0.743 0.413 0.013 0.022
1 0.738 0.301 0.011 0.015
1 0.788 0.409 0.022 0.047
1 0.86 0.435 0.022 0.037
1 0.904 0.42 0.019 0.043
1 0.923 0.419 0.012 0.023
1 0.958 0.416 0.016 0.028
1 0.888 0.435 0.014 0.02
1 0.973 0.462 0.013 0.023
1 0.973 0.409 0.009 0.017
1 0.945 0.441 0.01 0.022
1 0.972 0.605 0.029 0.045
1 0.988 0.653 0.02 0.056
1 0.833 0.427 0.011 0.023
1 0.816 0.419 0.011 0.023
1 0.278 0.45 0.021 0.04
1 0.218 0.341 0.012 0.028
1 0.244 0.36 0.011 0.022
1 0.543 0.395 0.016 0.042
1 0.049 0.435 0.018 0.04
