1 0.171 0.291 0.03 0.053
1 0.31 0.257 0.033 0.066
1 0.374 0.261 0.038 0.066
1 0.257 0.228 0.024 0.044
1 0.067 0.219 0.027 0.051
1 0.231 0.246 0.021 0.035
1 0.021 0.22 0.03 0.054
1 0.186 0.21 0.012 0.019
1 0.421 0.278 0.019 0.044
1 0.534 0.282 0.034 0.075
1 0.563 0.258 0.031 0.063
1 0.614 0.282 0.046 0.078
1 0.667 0.281 0.03 0.064
1 0.825 0.336 0.052 0.092
1 0.885 0.327 0.035 0.069
1 0.958 0.336 0.036 0.054
1 0.471 0.259 0.025 0.059
1 0.917 0.33 0.021 0.048
1 0.149 0.216 0.016 0.034
1 0.119 0.343 0.05 0.076
