1 0.234 0.487 0.01 0.019
1 0.209 0.505 0.007 0.015
1 0.201 0.495 0.006 0.012
1 0.182 0.498 0.006 0.012
1 0.172 0.495 0.007 0.012
1 0.158 0.501 0.006 0.012
1 0.148 0.496 0.005 0.01
1 0.136 0.499 0.005 0.01
1 0.127 0.495 0.006 0.012
1 0.117 0.501 0.006 0.009
1 0.104 0.505 0.006 0.012
1 0.092 0.492 0.005 0.009
1 0.574 0.492 0.014 0.029
1 0.588 0.488 0.013 0.022
1 0.605 0.499 0.009 0.02
1 0.614 0.488 0.011 0.022
1 0.626 0.493 0.014 0.026
1 0.65 0.495 0.016 0.032
1 0.67 0.494 0.01 0.025
1 0.693 0.466 0.018 0.034
1 0.721 0.511 0.016 0.035
1 0.75 0.48 0.017 0.037
1 0.813 0.453 0.018 0.042
1 0.862 0.461 0.016 0.044
1 0.929 0.515 0.01 0.019
1 0.949 0.517 0.011 0.02
1 0.985 0.501 0.029 0.095
1 0.017 0.5 0.004 0.01
1 0.061 0.512 0.004 0.009
1 0.083 0.506 0.005 0.007
1 0.257 0.498 0.005 0.012
1 0.283 0.488 0.012 0.019
1 0.276 0.494 0.009 0.016
1 0.292 0.495 0.007 0.015
1 0.308 0.493 0.011 0.02
1 0.342 0.501 0.01 0.019
1 0.364 0.488 0.012 0.022
1 0.376 0.477 0.01 0.018
1 0.4 0.478 0.011 0.022
1 0.413 0.476 0.013 0.023
1 0.429 0.488 0.011 0.022
1 0.447 0.486 0.013 0.026
1 0.478 0.474 0.016 0.029
1 0.491 0.478 0.011 0.025
1 0.522 0.482 0.008 0.02
1 0.529 0.504 0.012 0.023
1 0.538 0.485 0.009 0.022
1 0.557 0.488 0.009 0.023
1 0.823 0.507 0.011 0.02
1 0.226 0.49 0.007 0.012
1 0.249 0.503 0.006 0.013
1 0.763 0.532 0.01 0.022
