1 0.939 0.359 0.011 0.024
1 0.866 0.378 0.016 0.029
1 0.846 0.375 0.019 0.031
1 0.803 0.35 0.015 0.029
1 0.781 0.37 0.016 0.032
1 0.636 0.381 0.017 0.025
1 0.579 0.353 0.02 0.033
1 0.546 0.353 0.018 0.037
1 0.499 0.355 0.016 0.038
1 0.518 0.349 0.014 0.031
1 0.415 0.365 0.018 0.037
1 0.385 0.341 0.038 0.064
1 0.343 0.355 0.026 0.053
1 0.229 0.395 0.02 0.04
1 0.241 0.348 0.019 0.036
1 0.201 0.353 0.015 0.023
1 0.165 0.361 0.033 0.058
1 0.136 0.378 0.023 0.048
1 0.124 0.369 0.02 0.033
1 0.082 0.358 0.016 0.029
1 0.037 0.397 0.015 0.033
1 0.911 0.358 0.013 0.029
1 0.035 0.342 0.014 0.028
1 0.098 0.373 0.012 0.024
1 0.768 0.312 0.021 0.061
1 0.95 0.369 0.01 0.019
