1 0.345 0.442 0.032 0.055
1 0.481 0.484 0.027 0.055
1 0.18 0.422 0.013 0.019
1 0.259 0.411 0.012 0.019
1 0.277 0.406 0.007 0.015
1 0.316 0.423 0.01 0.014
1 0.376 0.427 0.011 0.019
1 0.433 0.425 0.012 0.018
1 0.364 0.434 0.006 0.015
1 0.494 0.432 0.004 0.005
1 0.534 0.429 0.007 0.01
1 0.549 0.445 0.009 0.012
1 0.606 0.421 0.01 0.015
1 0.664 0.451 0.009 0.014
1 0.573 0.441 0.005 0.008
1 0.65 0.436 0.004 0.005
1 0.687 0.446 0.005 0.007
1 0.388 0.442 0.003 0.004
1 0.56 0.447 0.003 0.005
1 0.564 0.442 0.002 0.004
