1 0.055 0.229 0.006 0.013
1 0.067 0.2 0.007 0.01
1 0.108 0.201 0.006 0.013
1 0.143 0.226 0.015 0.025
1 0.143 0.249 0.015 0.028
1 0.075 0.255 0.005 0.007
1 0.209 0.257 0.005 0.009
1 0.224 0.257 0.004 0.007
1 0.244 0.205 0.004 0.01
1 0.261 0.187 0.006 0.012
1 0.261 0.208 0.005 0.01
1 0.276 0.202 0.004 0.009
1 0.289 0.207 0.005 0.01
1 0.297 0.2 0.005 0.012
1 0.326 0.197 0.005 0.012
1 0.322 0.202 0.005 0.009
1 0.338 0.211 0.005 0.009
1 0.338 0.252 0.012 0.022
1 0.289 0.246 0.018 0.035
1 0.306 0.264 0.015 0.031
1 0.255 0.267 0.005 0.01
1 0.347 0.199 0.007 0.012
1 0.364 0.211 0.005 0.01
1 0.367 0.205 0.004 0.012
1 0.376 0.204 0.004 0.007
1 0.41 0.216 0.015 0.029
1 0.435 0.243 0.019 0.038
1 0.425 0.205 0.005 0.01
1 0.438 0.209 0.004 0.009
1 0.447 0.209 0.004 0.006
1 0.462 0.206 0.005 0.009
1 0.481 0.206 0.008 0.012
1 0.494 0.214 0.008 0.013
1 0.477 0.239 0.016 0.034
1 0.562 0.302 0.018 0.031
1 0.593 0.238 0.017 0.038
1 0.578 0.24 0.017 0.034
1 0.558 0.219 0.008 0.019
1 0.593 0.206 0.007 0.015
1 0.627 0.21 0.007 0.016
1 0.648 0.211 0.007 0.016
1 0.661 0.213 0.003 0.004
1 0.671 0.213 0.003 0.006
1 0.675 0.338 0.01 0.015
1 0.683 0.311 0.009 0.02
1 0.759 0.279 0.02 0.047
1 0.792 0.273 0.008 0.015
1 0.782 0.33 0.008 0.018
1 0.831 0.2 0.009 0.019
1 0.852 0.211 0.007 0.012
1 0.872 0.207 0.006 0.019
1 0.917 0.324 0.024 0.048
1 0.995 0.248 0.005 0.01
1 0.02 0.202 0.007 0.016
