1 0.979 0.389 0.025 0.038
1 0.966 0.464 0.035 0.055
1 0.974 0.54 0.033 0.055
1 0.986 0.651 0.027 0.052
1 0.856 0.525 0.035 0.053
1 0.869 0.453 0.034 0.055
1 0.894 0.354 0.025 0.038
1 0.775 0.383 0.029 0.042
1 0.682 0.374 0.024 0.039
1 0.654 0.36 0.023 0.035
1 0.699 0.438 0.026 0.042
1 0.626 0.429 0.026 0.043
1 0.597 0.342 0.026 0.039
1 0.505 0.36 0.024 0.038
1 0.592 0.47 0.03 0.044
1 0.637 0.488 0.033 0.043
1 0.761 0.561 0.032 0.049
1 0.728 0.544 0.033 0.047
1 0.684 0.561 0.034 0.052
1 0.621 0.581 0.031 0.049
1 0.569 0.566 0.031 0.048
1 0.587 0.544 0.026 0.053
1 0.537 0.491 0.026 0.039
1 0.536 0.579 0.028 0.051
1 0.505 0.564 0.031 0.044
1 0.489 0.555 0.028 0.04
1 0.498 0.518 0.023 0.036
1 0.457 0.531 0.02 0.03
1 0.433 0.543 0.024 0.047
1 0.462 0.385 0.023 0.036
1 0.398 0.396 0.024 0.035
1 0.462 0.616 0.028 0.047
1 0.452 0.571 0.025 0.043
1 0.396 0.535 0.029 0.051
1 0.354 0.52 0.029 0.048
1 0.351 0.447 0.024 0.038
1 0.313 0.464 0.024 0.035
1 0.275 0.45 0.026 0.038
1 0.268 0.385 0.024 0.04
1 0.239 0.52 0.033 0.051
1 0.317 0.542 0.032 0.051
1 0.189 0.514 0.03 0.044
1 0.144 0.494 0.029 0.046
1 0.107 0.508 0.025 0.039
1 0.079 0.501 0.028 0.042
1 0.055 0.417 0.031 0.046
1 0.03 0.51 0.033 0.048
1 0.015 0.498 0.027 0.048
1 0.729 0.509 0.023 0.057
