1 0.939 0.527 0.095 0.073
1 0.964 0.464 0.057 0.045
1 0.903 0.467 0.051 0.041
1 0.841 0.465 0.053 0.036
1 0.833 0.508 0.073 0.058
1 0.786 0.477 0.043 0.036
1 0.75 0.501 0.069 0.056
1 0.657 0.45 0.049 0.038
1 0.612 0.492 0.061 0.048
1 0.46 0.485 0.063 0.054
1 0.292 0.459 0.047 0.037
1 0.288 0.506 0.061 0.047
1 0.218 0.498 0.052 0.045
1 0.171 0.477 0.05 0.042
1 0.106 0.49 0.054 0.049
1 0.106 0.456 0.043 0.032
1 0.481 0.755 0.073 0.069
1 0.253 0.704 0.078 0.062
1 0.717 0.486 0.057 0.04
1 0.022 0.465 0.037 0.043
