1 0.828 0.488 0.021 0.034
1 0.778 0.514 0.02 0.035
1 0.739 0.523 0.021 0.033
1 0.704 0.496 0.022 0.034
1 0.659 0.529 0.025 0.038
1 0.637 0.515 0.019 0.033
1 0.603 0.517 0.024 0.034
1 0.589 0.452 0.021 0.027
1 0.57 0.523 0.021 0.031
1 0.536 0.471 0.021 0.03
1 0.51 0.458 0.02 0.031
1 0.521 0.527 0.021 0.038
1 0.472 0.535 0.022 0.034
1 0.477 0.487 0.021 0.039
1 0.487 0.447 0.02 0.03
1 0.446 0.443 0.021 0.031
1 0.437 0.525 0.021 0.033
1 0.374 0.546 0.024 0.034
1 0.365 0.51 0.023 0.031
1 0.392 0.462 0.021 0.033
1 0.339 0.462 0.019 0.03
1 0.328 0.507 0.021 0.029
1 0.314 0.536 0.023 0.034
1 0.28 0.518 0.023 0.035
1 0.264 0.549 0.024 0.035
1 0.178 0.531 0.023 0.031
1 0.215 0.508 0.021 0.033
1 0.226 0.558 0.022 0.033
1 0.505 0.65 0.025 0.036
