1 0.129 0.416 0.025 0.056
1 0.148 0.377 0.023 0.057
1 0.189 0.408 0.021 0.041
1 0.231 0.386 0.025 0.047
1 0.208 0.335 0.026 0.059
1 0.278 0.344 0.025 0.056
1 0.315 0.364 0.024 0.056
1 0.345 0.33 0.022 0.054
1 0.391 0.376 0.024 0.059
1 0.422 0.32 0.028 0.066
1 0.471 0.373 0.025 0.066
1 0.492 0.317 0.023 0.059
1 0.52 0.355 0.025 0.061
1 0.557 0.346 0.027 0.057
1 0.612 0.361 0.023 0.057
1 0.601 0.305 0.023 0.054
1 0.677 0.336 0.022 0.057
1 0.703 0.346 0.024 0.048
1 0.713 0.28 0.024 0.057
1 0.776 0.307 0.026 0.072
1 0.86 0.304 0.027 0.066
