1 0.904 0.288 0.029 0.063
1 0.832 0.193 0.027 0.053
1 0.773 0.318 0.028 0.061
1 0.836 0.5 0.028 0.06
1 0.72 0.501 0.028 0.058
1 0.677 0.3 0.028 0.058
1 0.723 0.197 0.025 0.052
1 0.613 0.195 0.026 0.052
1 0.605 0.504 0.029 0.058
1 0.547 0.312 0.028 0.052
1 0.469 0.187 0.027 0.052
1 0.377 0.303 0.028 0.06
1 0.469 0.471 0.034 0.066
1 0.322 0.486 0.029 0.061
1 0.304 0.204 0.026 0.052
1 0.244 0.3 0.03 0.06
1 0.177 0.187 0.027 0.055
1 0.061 0.187 0.028 0.052
1 0.121 0.283 0.03 0.058
1 0.201 0.502 0.032 0.061
1 0.086 0.496 0.033 0.055
