1 0.103 0.347 0.024 0.047
1 0.169 0.307 0.029 0.056
1 0.257 0.335 0.024 0.053
1 0.323 0.292 0.026 0.054
1 0.401 0.283 0.026 0.061
1 0.496 0.305 0.024 0.057
1 0.584 0.301 0.027 0.051
1 0.683 0.301 0.03 0.057
1 0.74 0.346 0.023 0.051
1 0.828 0.28 0.028 0.056
1 0.893 0.331 0.028 0.05
1 0.867 0.43 0.028 0.057
1 0.766 0.439 0.028 0.048
1 0.713 0.435 0.026 0.053
1 0.698 0.501 0.024 0.035
1 0.821 0.565 0.03 0.059
1 0.646 0.585 0.025 0.051
1 0.61 0.463 0.026 0.041
1 0.525 0.425 0.023 0.048
1 0.467 0.414 0.026 0.056
1 0.383 0.42 0.024 0.05
1 0.302 0.463 0.024 0.05
1 0.231 0.455 0.025 0.051
1 0.148 0.589 0.027 0.05
1 0.191 0.63 0.024 0.041
1 0.235 0.586 0.025 0.051
1 0.296 0.586 0.025 0.042
1 0.353 0.6 0.022 0.038
1 0.409 0.566 0.021 0.045
1 0.576 0.579 0.029 0.051
