1 0.934 0.549 0.01 0.019
1 0.903 0.541 0.011 0.023
1 0.868 0.54 0.012 0.024
1 0.847 0.546 0.011 0.019
1 0.809 0.544 0.011 0.023
1 0.786 0.544 0.01 0.023
1 0.218 0.29 0.007 0.014
1 0.181 0.296 0.006 0.012
1 0.153 0.271 0.008 0.014
1 0.121 0.297 0.005 0.01
1 0.086 0.289 0.008 0.016
1 0.07 0.299 0.006 0.01
1 0.218 0.54 0.007 0.014
1 0.196 0.538 0.009 0.021
1 0.165 0.544 0.01 0.023
1 0.137 0.543 0.011 0.021
1 0.109 0.545 0.01 0.024
1 0.085 0.547 0.01 0.021
1 0.066 0.54 0.01 0.021
1 0.487 0.613 0.057 0.108
1 0.324 0.477 0.074 0.193
1 0.57 0.27 0.01 0.019
1 0.542 0.283 0.009 0.017
1 0.513 0.289 0.01 0.019
1 0.469 0.28 0.009 0.019
1 0.438 0.259 0.01 0.021
1 0.925 0.273 0.015 0.026
1 0.876 0.27 0.013 0.03
1 0.828 0.266 0.014 0.028
1 0.782 0.324 0.015 0.026
1 0.752 0.433 0.015 0.03
1 0.738 0.442 0.017 0.03
1 0.707 0.434 0.015 0.031
1 0.688 0.47 0.016 0.033
1 0.636 0.448 0.019 0.042
1 0.61 0.443 0.018 0.035
