1 0.062 0.208 0.008 0.01
1 0.087 0.212 0.007 0.013
1 0.115 0.212 0.007 0.009
1 0.011 0.203 0.008 0.01
1 0.073 0.154 0.005 0.008
1 0.105 0.192 0.006 0.007
1 0.089 0.165 0.006 0.008
1 0.125 0.186 0.005 0.007
1 0.117 0.166 0.005 0.007
1 0.107 0.16 0.005 0.008
1 0.164 0.298 0.006 0.01
1 0.19 0.295 0.006 0.009
1 0.209 0.293 0.008 0.01
1 0.23 0.303 0.004 0.008
1 0.281 0.291 0.008 0.009
1 0.241 0.229 0.007 0.01
1 0.173 0.212 0.006 0.01
1 0.158 0.203 0.007 0.01
1 0.156 0.222 0.006 0.007
1 0.147 0.223 0.007 0.01
1 0.246 0.301 0.006 0.008
1 0.268 0.297 0.006 0.008
1 0.285 0.218 0.006 0.009
1 0.298 0.22 0.005 0.008
1 0.318 0.225 0.005 0.009
1 0.268 0.171 0.006 0.008
1 0.204 0.214 0.005 0.009
1 0.161 0.182 0.005 0.008
1 0.189 0.193 0.004 0.007
1 0.224 0.228 0.004 0.008
1 0.325 0.285 0.008 0.01
1 0.381 0.232 0.007 0.009
1 0.34 0.214 0.006 0.009
1 0.352 0.245 0.006 0.009
1 0.007 0.306 0.006 0.013
1 0.134 0.337 0.007 0.01
1 0.119 0.333 0.004 0.005
1 0.108 0.344 0.005 0.01
1 0.236 0.347 0.017 0.022
1 0.616 0.27 0.011 0.018
1 0.667 0.259 0.01 0.016
1 0.687 0.245 0.017 0.023
1 0.761 0.244 0.014 0.02
1 0.89 0.215 0.018 0.029
1 0.475 0.289 0.005 0.008
1 0.557 0.292 0.005 0.008
1 0.099 0.138 0.006 0.008
1 0.117 0.148 0.006 0.008
1 0.131 0.129 0.006 0.008
1 0.05 0.131 0.006 0.007
1 0.046 0.073 0.005 0.008
1 0.063 0.074 0.006 0.009
1 0.091 0.104 0.005 0.007
1 0.146 0.148 0.006 0.008
1 0.02 0.082 0.005 0.008
1 0.028 0.078 0.005 0.005
1 0.414 0.401 0.061 0.073
1 0.174 0.352 0.027 0.036
1 0.207 0.098 0.005 0.009
1 0.274 0.132 0.007 0.01
1 0.269 0.137 0.005 0.007
1 0.231 0.126 0.007 0.009
1 0.206 0.128 0.007 0.012
1 0.286 0.118 0.006 0.01
1 0.521 0.29 0.005 0.009
