1 0.14 0.164 0.063 0.117
1 0.39 0.297 0.058 0.097
1 0.524 0.307 0.05 0.082
1 0.7 0.427 0.031 0.066
1 0.733 0.5 0.026 0.051
1 0.23 0.721 0.008 0.018
1 0.239 0.72 0.008 0.019
1 0.226 0.44 0.029 0.054
1 0.56 0.573 0.018 0.032
1 0.403 0.68 0.005 0.012
1 0.402 0.664 0.006 0.013
1 0.515 0.676 0.006 0.01
1 0.521 0.667 0.006 0.009
1 0.564 0.687 0.008 0.015
1 0.574 0.681 0.004 0.007
1 0.582 0.68 0.007 0.012
1 0.571 0.746 0.012 0.018
1 0.825 0.783 0.008 0.019
1 0.837 0.78 0.011 0.016
1 0.847 0.77 0.006 0.013
1 0.853 0.784 0.009 0.018
1 0.859 0.776 0.007 0.013
1 0.87 0.778 0.01 0.021
1 0.888 0.775 0.008 0.015
1 0.895 0.785 0.009 0.016
1 0.915 0.789 0.009 0.016
1 0.931 0.787 0.009 0.018
1 0.947 0.786 0.011 0.019
1 0.976 0.791 0.013 0.019
1 0.966 0.813 0.004 0.007
1 0.993 0.816 0.007 0.01
1 0.826 0.703 0.005 0.012
1 0.834 0.696 0.007 0.015
1 0.843 0.703 0.009 0.016
1 0.854 0.709 0.006 0.01
1 0.857 0.744 0.008 0.013
1 0.882 0.769 0.008 0.015
1 0.864 0.7 0.009 0.012
1 0.871 0.695 0.006 0.012
1 0.886 0.695 0.009 0.016
1 0.871 0.719 0.009 0.013
1 0.888 0.72 0.008 0.015
1 0.899 0.715 0.007 0.015
1 0.907 0.699 0.008 0.012
1 0.902 0.695 0.007 0.012
1 0.921 0.692 0.008 0.018
1 0.932 0.7 0.008 0.013
1 0.942 0.697 0.008 0.016
1 0.954 0.691 0.007 0.013
1 0.957 0.705 0.009 0.018
1 0.968 0.722 0.008 0.015
1 0.984 0.704 0.009 0.016
1 0.995 0.7 0.007 0.018
1 0.974 0.711 0.009 0.015
1 0.966 0.7 0.007 0.016
1 0.409 0.741 0.007 0.01
