1 0.035 0.403 0.027 0.051
1 0.097 0.371 0.022 0.034
1 0.096 0.414 0.027 0.044
1 0.079 0.489 0.029 0.05
1 0.012 0.466 0.024 0.047
1 0.014 0.543 0.028 0.053
1 0.127 0.484 0.024 0.045
1 0.171 0.501 0.025 0.044
1 0.145 0.436 0.026 0.041
1 0.166 0.388 0.021 0.041
1 0.164 0.348 0.014 0.025
1 0.227 0.394 0.021 0.035
1 0.203 0.424 0.024 0.042
1 0.266 0.505 0.024 0.056
1 0.271 0.414 0.024 0.053
1 0.292 0.381 0.021 0.038
1 0.27 0.339 0.013 0.037
1 0.32 0.327 0.014 0.028
1 0.378 0.336 0.017 0.034
1 0.387 0.399 0.021 0.042
1 0.421 0.369 0.013 0.029
1 0.462 0.378 0.013 0.028
1 0.458 0.415 0.013 0.034
1 0.386 0.452 0.021 0.045
1 0.329 0.512 0.012 0.028
1 0.35 0.518 0.028 0.056
1 0.465 0.605 0.021 0.057
1 0.486 0.601 0.03 0.069
1 0.479 0.468 0.024 0.042
1 0.527 0.354 0.013 0.029
1 0.58 0.382 0.015 0.032
1 0.562 0.404 0.016 0.035
1 0.633 0.365 0.012 0.025
1 0.66 0.361 0.012 0.028
1 0.704 0.391 0.015 0.032
1 0.725 0.398 0.021 0.04
1 0.606 0.395 0.022 0.045
1 0.634 0.433 0.026 0.06
1 0.688 0.422 0.018 0.038
1 0.735 0.45 0.021 0.045
1 0.707 0.469 0.027 0.047
1 0.794 0.474 0.028 0.064
1 0.787 0.402 0.02 0.037
1 0.816 0.419 0.025 0.047
1 0.597 0.503 0.022 0.042
1 0.616 0.583 0.028 0.053
1 0.701 0.559 0.03 0.064
1 0.763 0.572 0.032 0.075
1 0.847 0.477 0.031 0.048
1 0.875 0.421 0.027 0.045
1 0.948 0.429 0.032 0.053
1 0.977 0.506 0.03 0.048
1 0.89 0.482 0.024 0.05
1 0.314 0.411 0.019 0.047
1 0.746 0.367 0.021 0.034
1 0.555 0.375 0.017 0.029
1 0.511 0.434 0.02 0.042
