1 0.038 0.259 0.014 0.028
1 0.078 0.23 0.011 0.021
1 0.117 0.233 0.013 0.025
1 0.121 0.184 0.012 0.027
1 0.149 0.227 0.014 0.03
1 0.162 0.202 0.013 0.03
1 0.187 0.216 0.013 0.027
1 0.081 0.281 0.015 0.033
1 0.099 0.305 0.013 0.03
1 0.129 0.279 0.012 0.024
1 0.164 0.298 0.014 0.024
1 0.141 0.335 0.016 0.03
1 0.176 0.256 0.014 0.022
1 0.191 0.321 0.013 0.028
1 0.177 0.363 0.015 0.033
1 0.197 0.462 0.014 0.025
1 0.153 0.413 0.015 0.028
1 0.236 0.403 0.014 0.028
1 0.241 0.472 0.014 0.027
1 0.223 0.513 0.015 0.027
1 0.254 0.539 0.018 0.033
1 0.284 0.578 0.019 0.041
1 0.329 0.589 0.016 0.035
1 0.35 0.537 0.016 0.036
1 0.313 0.487 0.016 0.032
1 0.361 0.488 0.017 0.03
1 0.225 0.362 0.013 0.022
1 0.225 0.317 0.014 0.024
1 0.273 0.383 0.016 0.028
1 0.288 0.324 0.015 0.032
1 0.314 0.346 0.016 0.033
1 0.339 0.367 0.015 0.032
1 0.364 0.396 0.014 0.033
1 0.301 0.429 0.016 0.032
1 0.281 0.471 0.016 0.033
1 0.388 0.591 0.017 0.04
1 0.437 0.629 0.017 0.03
1 0.446 0.547 0.017 0.035
1 0.496 0.568 0.017 0.035
1 0.569 0.59 0.015 0.028
1 0.585 0.521 0.017 0.036
1 0.161 0.141 0.013 0.028
1 0.221 0.178 0.013 0.027
1 0.215 0.233 0.014 0.03
1 0.242 0.211 0.013 0.027
1 0.249 0.147 0.012 0.022
1 0.273 0.166 0.013 0.028
1 0.307 0.164 0.012 0.024
1 0.292 0.205 0.013 0.03
1 0.26 0.24 0.015 0.027
1 0.314 0.232 0.016 0.027
1 0.213 0.272 0.014 0.028
1 0.264 0.283 0.016 0.028
1 0.309 0.291 0.013 0.028
1 0.319 0.263 0.014 0.032
1 0.349 0.272 0.015 0.035
1 0.391 0.435 0.016 0.028
1 0.448 0.408 0.017 0.035
1 0.417 0.498 0.017 0.035
1 0.479 0.499 0.017 0.036
1 0.483 0.402 0.015 0.032
1 0.373 0.326 0.015 0.028
1 0.388 0.373 0.015 0.027
1 0.422 0.334 0.012 0.022
1 0.427 0.374 0.016 0.033
1 0.458 0.343 0.015 0.03
1 0.439 0.313 0.012 0.025
1 0.475 0.311 0.014 0.03
1 0.505 0.442 0.017 0.033
1 0.535 0.483 0.017 0.035
1 0.291 0.087 0.012 0.028
1 0.345 0.099 0.011 0.024
1 0.391 0.099 0.01 0.024
1 0.323 0.176 0.013 0.025
1 0.354 0.16 0.011 0.025
1 0.408 0.15 0.013 0.024
1 0.349 0.203 0.013 0.028
1 0.361 0.249 0.012 0.027
1 0.41 0.225 0.013 0.032
1 0.398 0.189 0.011 0.03
1 0.395 0.282 0.013 0.032
1 0.438 0.195 0.012 0.028
1 0.451 0.268 0.014 0.024
1 0.44 0.088 0.012 0.027
1 0.515 0.087 0.012 0.025
1 0.509 0.123 0.012 0.027
1 0.467 0.147 0.012 0.028
1 0.488 0.165 0.012 0.027
1 0.536 0.171 0.011 0.019
1 0.485 0.212 0.013 0.032
1 0.495 0.27 0.013 0.03
1 0.538 0.256 0.011 0.019
1 0.533 0.291 0.015 0.035
1 0.579 0.253 0.014 0.032
1 0.55 0.218 0.011 0.024
1 0.602 0.225 0.013 0.032
1 0.509 0.358 0.014 0.028
1 0.584 0.322 0.013 0.027
1 0.555 0.369 0.016 0.033
1 0.575 0.421 0.013 0.025
1 0.608 0.357 0.015 0.03
1 0.657 0.33 0.014 0.03
1 0.628 0.277 0.014 0.022
1 0.637 0.424 0.014 0.028
1 0.585 0.456 0.015 0.033
1 0.628 0.492 0.016 0.032
1 0.674 0.477 0.018 0.04
1 0.722 0.493 0.017 0.033
1 0.767 0.476 0.016 0.032
1 0.784 0.509 0.015 0.032
1 0.752 0.568 0.016 0.032
1 0.722 0.55 0.016 0.03
1 0.688 0.57 0.017 0.036
1 0.671 0.528 0.018 0.032
1 0.629 0.566 0.019 0.04
1 0.615 0.635 0.017 0.03
1 0.688 0.655 0.016 0.035
1 0.805 0.619 0.016 0.03
1 0.852 0.691 0.018 0.038
1 0.693 0.395 0.016 0.027
1 0.713 0.447 0.015 0.03
1 0.748 0.388 0.016 0.028
1 0.78 0.422 0.015 0.038
1 0.545 0.112 0.012 0.025
1 0.572 0.152 0.012 0.025
1 0.588 0.176 0.011 0.025
1 0.627 0.147 0.012 0.025
1 0.633 0.11 0.011 0.027
1 0.649 0.191 0.012 0.028
1 0.663 0.24 0.013 0.027
1 0.688 0.283 0.013 0.028
1 0.691 0.331 0.013 0.028
1 0.73 0.307 0.013 0.032
1 0.698 0.176 0.012 0.025
1 0.738 0.215 0.015 0.028
1 0.807 0.203 0.014 0.027
1 0.807 0.269 0.015 0.025
1 0.787 0.321 0.014 0.028
1 0.712 0.372 0.015 0.032
1 0.907 0.661 0.019 0.035
1 0.933 0.593 0.018 0.041
1 0.911 0.521 0.017 0.036
1 0.867 0.578 0.017 0.036
1 0.843 0.518 0.016 0.036
1 0.818 0.413 0.014 0.028
1 0.833 0.471 0.017 0.033
1 0.87 0.403 0.015 0.03
1 0.897 0.46 0.019 0.032
1 0.897 0.232 0.014 0.024
1 0.911 0.355 0.016 0.033
1 0.849 0.33 0.014 0.033
