1 0.986 0.506 0.011 0.024
1 0.949 0.58 0.011 0.022
1 0.995 0.584 0.01 0.026
1 0.863 0.259 0.041 0.051
1 0.726 0.577 0.014 0.023
1 0.745 0.59 0.008 0.017
1 0.758 0.56 0.013 0.024
1 0.723 0.627 0.015 0.021
1 0.692 0.302 0.031 0.051
1 0.585 0.604 0.011 0.021
1 0.553 0.468 0.011 0.018
1 0.709 0.461 0.014 0.021
1 0.463 0.199 0.052 0.075
1 0.26 0.458 0.013 0.021
1 0.156 0.316 0.036 0.053
1 0.051 0.403 0.009 0.014
1 0.022 0.396 0.009 0.014
1 0.02 0.456 0.009 0.013
1 0.043 0.466 0.01 0.018
1 0.008 0.533 0.012 0.018
1 0.991 0.343 0.009 0.022
1 0.949 0.371 0.011 0.017
1 0.909 0.388 0.01 0.014
