1 0.126 0.066 0.066 0.085
1 0.077 0.123 0.062 0.062
1 0.259 0.081 0.071 0.087
1 0.589 0.089 0.038 0.049
1 0.604 0.056 0.021 0.029
1 0.64 0.067 0.016 0.02
1 0.527 0.062 0.029 0.024
1 0.314 0.236 0.015 0.021
1 0.318 0.208 0.008 0.012
1 0.32 0.18 0.01 0.013
1 0.298 0.184 0.011 0.015
1 0.259 0.176 0.01 0.014
1 0.203 0.212 0.019 0.021
1 0.21 0.175 0.006 0.008
1 0.182 0.206 0.016 0.019
1 0.184 0.23 0.019 0.021
1 0.183 0.265 0.015 0.016
1 0.209 0.292 0.024 0.022
1 0.21 0.261 0.008 0.008
1 0.236 0.261 0.014 0.017
1 0.261 0.262 0.007 0.01
1 0.292 0.256 0.012 0.019
1 0.314 0.26 0.013 0.016
1 0.316 0.288 0.016 0.02
1 0.288 0.292 0.009 0.012
1 0.27 0.292 0.011 0.017
1 0.233 0.289 0.02 0.023
1 0.29 0.233 0.017 0.019
1 0.292 0.209 0.007 0.008
1 0.264 0.229 0.014 0.021
1 0.238 0.236 0.016 0.021
1 0.205 0.237 0.016 0.021
1 0.206 0.317 0.016 0.023
1 0.229 0.313 0.018 0.024
1 0.29 0.316 0.012 0.021
1 0.315 0.314 0.019 0.032
1 0.344 0.226 0.015 0.021
1 0.368 0.222 0.01 0.013
1 0.391 0.214 0.017 0.021
1 0.402 0.207 0.02 0.023
1 0.745 0.21 0.045 0.056
1 0.433 0.213 0.015 0.02
1 0.445 0.216 0.011 0.016
1 0.491 0.21 0.019 0.022
1 0.655 0.244 0.008 0.011
1 0.611 0.222 0.008 0.01
1 0.626 0.233 0.008 0.01
1 0.628 0.21 0.006 0.007
1 0.625 0.22 0.007 0.008
1 0.514 0.206 0.005 0.007
1 0.725 0.405 0.138 0.176
1 0.456 0.413 0.084 0.142
1 0.368 0.423 0.064 0.098
1 0.132 0.428 0.033 0.045
1 0.067 0.46 0.025 0.039
1 0.256 0.576 0.097 0.099
1 0.093 0.583 0.142 0.164
1 0.451 0.578 0.097 0.099
1 0.645 0.567 0.011 0.011
1 0.628 0.583 0.009 0.009
1 0.609 0.586 0.006 0.008
1 0.591 0.595 0.007 0.008
1 0.567 0.595 0.008 0.008
1 0.548 0.592 0.005 0.008
1 0.529 0.589 0.008 0.01
1 0.515 0.574 0.007 0.011
1 0.571 0.364 0.013 0.019
1 0.902 0.342 0.009 0.01
1 0.913 0.342 0.006 0.007
1 0.923 0.351 0.006 0.008
1 0.93 0.353 0.005 0.008
1 0.953 0.351 0.009 0.009
1 0.96 0.356 0.008 0.008
1 0.965 0.37 0.008 0.009
1 0.972 0.378 0.009 0.008
1 0.987 0.4 0.009 0.009
1 0.989 0.409 0.007 0.009
1 0.986 0.421 0.006 0.008
1 0.984 0.43 0.005 0.007
1 0.884 0.354 0.006 0.006
1 0.878 0.355 0.006 0.006
1 0.871 0.357 0.006 0.006
1 0.865 0.364 0.008 0.007
1 0.857 0.38 0.008 0.006
1 0.853 0.386 0.009 0.007
1 0.844 0.396 0.008 0.006
1 0.843 0.407 0.013 0.012
1 0.848 0.438 0.01 0.009
1 0.851 0.447 0.008 0.008
1 0.855 0.458 0.011 0.008
1 0.862 0.467 0.01 0.011
1 0.89 0.482 0.01 0.008
1 0.899 0.484 0.009 0.008
1 0.91 0.49 0.008 0.01
1 0.922 0.49 0.012 0.011
1 0.947 0.479 0.011 0.009
1 0.956 0.474 0.009 0.009
1 0.968 0.467 0.009 0.009
1 0.974 0.46 0.011 0.01
1 0.771 0.552 0.041 0.05
1 0.793 0.51 0.027 0.018
1 0.73 0.569 0.039 0.048
1 0.232 0.675 0.018 0.02
1 0.292 0.683 0.012 0.015
1 0.263 0.683 0.015 0.013
1 0.321 0.685 0.013 0.012
1 0.315 0.706 0.012 0.021
1 0.263 0.7 0.017 0.021
1 0.212 0.709 0.018 0.021
1 0.181 0.705 0.024 0.032
1 0.211 0.735 0.009 0.013
1 0.237 0.734 0.016 0.021
1 0.291 0.734 0.016 0.017
1 0.319 0.736 0.02 0.017
1 0.32 0.761 0.011 0.015
1 0.128 0.718 0.014 0.018
1 0.292 0.759 0.014 0.019
1 0.263 0.761 0.016 0.024
1 0.208 0.763 0.015 0.02
1 0.181 0.757 0.02 0.029
1 0.185 0.789 0.014 0.02
1 0.237 0.788 0.02 0.022
1 0.264 0.786 0.016 0.021
1 0.319 0.784 0.012 0.018
1 0.211 0.813 0.016 0.02
1 0.261 0.815 0.017 0.024
1 0.318 0.819 0.023 0.031
1 0.182 0.816 0.022 0.024
1 0.3 0.814 0.008 0.013
1 0.151 0.699 0.014 0.014
1 0.162 0.709 0.01 0.019
1 0.102 0.704 0.013 0.016
1 0.094 0.688 0.011 0.013
1 0.09 0.708 0.01 0.009
1 0.073 0.71 0.013 0.011
1 0.067 0.696 0.012 0.012
1 0.058 0.712 0.014 0.016
1 0.037 0.709 0.013 0.015
1 0.412 0.927 0.061 0.073
1 0.7 0.893 0.032 0.037
1 0.755 0.875 0.027 0.04
1 0.975 0.736 0.025 0.023
1 0.182 0.182 0.017 0.02
1 0.13 0.698 0.013 0.015
