1 0.106 0.746 0.012 0.008
1 0.22 0.808 0.01 0.006
1 0.231 0.792 0.008 0.008
1 0.178 0.776 0.01 0.01
1 0.084 0.821 0.01 0.011
1 0.134 0.81 0.01 0.008
1 0.301 0.802 0.009 0.008
1 0.465 0.808 0.011 0.007
1 0.458 0.772 0.01 0.009
1 0.403 0.764 0.011 0.007
1 0.333 0.78 0.007 0.007
1 0.104 0.714 0.01 0.009
1 0.167 0.7 0.009 0.01
1 0.305 0.708 0.009 0.009
1 0.221 0.732 0.013 0.01
1 0.367 0.708 0.011 0.009
1 0.392 0.732 0.012 0.01
1 0.332 0.736 0.009 0.007
1 0.437 0.736 0.01 0.008
1 0.415 0.706 0.01 0.008
1 0.504 0.779 0.011 0.011
1 0.53 0.708 0.012 0.01
1 0.48 0.704 0.01 0.01
1 0.497 0.737 0.012 0.01
1 0.588 0.709 0.014 0.011
1 0.666 0.743 0.019 0.014
1 0.616 0.758 0.013 0.012
1 0.561 0.772 0.012 0.009
1 0.743 0.69 0.021 0.02
1 0.844 0.644 0.028 0.025
