1 0.035 0.063 0.007 0.015
1 0.051 0.065 0.009 0.015
1 0.106 0.071 0.012 0.022
1 0.146 0.066 0.011 0.018
1 0.206 0.084 0.007 0.012
1 0.176 0.102 0.006 0.01
1 0.238 0.085 0.008 0.016
1 0.261 0.083 0.008 0.019
1 0.269 0.087 0.006 0.015
1 0.3 0.087 0.008 0.015
1 0.335 0.104 0.01 0.018
1 0.37 0.092 0.008 0.016
1 0.282 0.182 0.008 0.018
1 0.329 0.188 0.012 0.022
1 0.363 0.187 0.012 0.021
1 0.392 0.114 0.009 0.016
1 0.408 0.099 0.006 0.01
1 0.446 0.109 0.007 0.012
1 0.479 0.115 0.01 0.016
1 0.512 0.123 0.008 0.016
1 0.549 0.123 0.009 0.019
1 0.602 0.216 0.009 0.021
1 0.558 0.218 0.01 0.021
1 0.499 0.205 0.012 0.022
1 0.706 0.184 0.008 0.018
1 0.744 0.165 0.01 0.018
1 0.798 0.246 0.029 0.068
1 0.938 0.606 0.029 0.059
1 0.954 0.537 0.014 0.019
1 0.995 0.554 0.01 0.037
1 0.74 0.6 0.029 0.065
1 0.763 0.576 0.019 0.034
1 0.777 0.555 0.018 0.037
1 0.771 0.523 0.014 0.028
1 0.706 0.571 0.016 0.051
1 0.723 0.546 0.013 0.028
1 0.673 0.458 0.01 0.022
1 0.647 0.585 0.031 0.071
1 0.611 0.538 0.017 0.038
1 0.657 0.536 0.021 0.043
1 0.632 0.446 0.011 0.021
1 0.568 0.48 0.012 0.022
1 0.606 0.447 0.009 0.015
1 0.527 0.445 0.01 0.022
1 0.562 0.445 0.01 0.019
1 0.588 0.653 0.032 0.068
1 0.566 0.601 0.025 0.044
1 0.54 0.624 0.028 0.059
1 0.524 0.568 0.026 0.049
1 0.508 0.596 0.024 0.054
1 0.536 0.551 0.021 0.043
1 0.558 0.568 0.019 0.038
1 0.397 0.445 0.01 0.019
1 0.469 0.531 0.016 0.035
1 0.473 0.471 0.008 0.022
1 0.482 0.648 0.038 0.072
1 0.444 0.571 0.022 0.049
1 0.474 0.556 0.021 0.053
1 0.398 0.416 0.007 0.015
1 0.417 0.413 0.005 0.012
1 0.465 0.426 0.005 0.016
1 0.436 0.426 0.006 0.01
1 0.431 0.451 0.009 0.018
1 0.37 0.436 0.01 0.022
1 0.376 0.526 0.021 0.032
1 0.396 0.582 0.021 0.041
1 0.422 0.656 0.029 0.068
1 0.384 0.629 0.026 0.057
1 0.351 0.611 0.029 0.063
1 0.332 0.668 0.031 0.071
1 0.314 0.615 0.029 0.066
1 0.268 0.629 0.027 0.057
1 0.287 0.515 0.019 0.038
1 0.338 0.591 0.026 0.062
1 0.307 0.46 0.012 0.022
1 0.333 0.46 0.01 0.018
1 0.26 0.445 0.008 0.016
1 0.358 0.453 0.008 0.018
1 0.174 0.446 0.01 0.024
1 0.186 0.534 0.019 0.038
1 0.209 0.554 0.025 0.046
1 0.259 0.582 0.027 0.057
1 0.211 0.412 0.007 0.016
1 0.219 0.518 0.014 0.035
1 0.162 0.53 0.016 0.04
1 0.137 0.555 0.028 0.06
1 0.178 0.618 0.023 0.068
1 0.218 0.616 0.031 0.065
1 0.235 0.681 0.035 0.088
1 0.12 0.673 0.038 0.06
1 0.034 0.641 0.041 0.088
1 0.078 0.604 0.034 0.06
1 0.009 0.547 0.015 0.038
1 0.094 0.547 0.023 0.059
1 0.111 0.588 0.022 0.059
1 0.04 0.455 0.011 0.022
1 0.05 0.403 0.007 0.018
1 0.142 0.412 0.01 0.021
1 0.14 0.462 0.014 0.024
1 0.118 0.407 0.007 0.019
1 0.237 0.461 0.008 0.016
1 0.438 0.096 0.01 0.016
