1 0.071 0.688 0.011 0.014
1 0.108 0.698 0.007 0.016
1 0.51 0.862 0.011 0.016
1 0.962 0.567 0.007 0.012
1 0.055 0.175 0.005 0.007
1 0.049 0.188 0.004 0.005
1 0.047 0.199 0.003 0.004
1 0.16 0.149 0.005 0.007
1 0.186 0.146 0.003 0.005
1 0.208 0.137 0.003 0.005
1 0.215 0.136 0.004 0.007
1 0.232 0.157 0.006 0.007
1 0.256 0.145 0.003 0.005
1 0.252 0.143 0.004 0.004
1 0.303 0.143 0.003 0.005
1 0.317 0.132 0.004 0.005
1 0.347 0.12 0.003 0.005
1 0.375 0.107 0.003 0.004
1 0.392 0.111 0.003 0.005
1 0.404 0.104 0.003 0.007
1 0.416 0.106 0.002 0.004
1 0.429 0.106 0.003 0.004
1 0.438 0.112 0.002 0.005
1 0.435 0.099 0.002 0.003
1 0.492 0.115 0.003 0.003
1 0.497 0.12 0.003 0.005
1 0.451 0.092 0.003 0.005
1 0.463 0.094 0.004 0.007
1 0.446 0.089 0.004 0.004
1 0.444 0.064 0.002 0.003
1 0.456 0.07 0.004 0.005
1 0.462 0.069 0.003 0.005
1 0.46 0.061 0.003 0.003
1 0.886 0.434 0.008 0.009
1 0.566 0.559 0.008 0.012
1 0.596 0.566 0.007 0.008
1 0.621 0.56 0.009 0.01
1 0.572 0.555 0.005 0.01
1 0.576 0.547 0.005 0.008
1 0.584 0.548 0.005 0.01
1 0.428 0.06 0.003 0.005
