1 0.197 0.215 0.041 0.073
1 0.111 0.31 0.009 0.016
1 0.137 0.339 0.007 0.013
1 0.463 0.234 0.008 0.013
1 0.602 0.249 0.007 0.015
1 0.606 0.215 0.007 0.012
1 0.618 0.217 0.007 0.015
1 0.677 0.266 0.028 0.051
1 0.782 0.253 0.039 0.076
1 0.755 0.237 0.006 0.012
1 0.729 0.217 0.005 0.009
1 0.708 0.248 0.007 0.013
1 0.822 0.242 0.009 0.018
1 0.996 0.22 0.009 0.016
1 0.976 0.236 0.009 0.015
1 0.965 0.223 0.007 0.012
1 0.954 0.219 0.006 0.013
1 0.939 0.228 0.007 0.01
1 0.908 0.229 0.004 0.007
1 0.897 0.234 0.006 0.013
1 0.865 0.243 0.008 0.015
1 0.852 0.244 0.008 0.013
1 0.872 0.242 0.005 0.012
1 0.881 0.242 0.006 0.012
1 0.905 0.242 0.005 0.01
