1 0.005 0.983 0.007 0.013
1 0.017 0.989 0.009 0.013
1 0.04 0.893 0.008 0.018
1 0.032 0.836 0.006 0.013
1 0.008 0.794 0.007 0.015
1 0.155 0.778 0.007 0.012
1 0.508 0.915 0.01 0.018
1 0.624 0.8 0.01 0.015
1 0.475 0.606 0.009 0.015
1 0.322 0.77 0.009 0.016
1 0.293 0.679 0.006 0.01
1 0.264 0.684 0.007 0.012
1 0.262 0.603 0.005 0.007
1 0.232 0.606 0.005 0.009
1 0.119 0.629 0.007 0.013
1 0.032 0.632 0.008 0.013
1 0.128 0.484 0.006 0.007
1 0.041 0.507 0.006 0.01
1 0.021 0.463 0.004 0.006
1 0.014 0.503 0.003 0.007
1 0.005 0.47 0.003 0.009
1 0.262 0.548 0.006 0.009
1 0.231 0.448 0.006 0.009
1 0.328 0.43 0.004 0.006
1 0.333 0.405 0.003 0.006
1 0.31 0.385 0.003 0.006
1 0.329 0.382 0.003 0.006
1 0.104 0.397 0.005 0.007
1 0.063 0.406 0.003 0.007
1 0.382 0.318 0.006 0.01
1 0.491 0.117 0.007 0.012
1 0.57 0.306 0.002 0.004
1 0.576 0.311 0.002 0.006
1 0.591 0.315 0.002 0.004
1 0.605 0.312 0.002 0.004
1 0.577 0.306 0.002 0.004
1 0.761 0.116 0.025 0.041
1 0.673 0.314 0.003 0.006
1 0.027 0.818 0.008 0.015
1 0.303 0.401 0.005 0.009
