1 0.051 0.753 0.008 0.012
1 0.017 0.287 0.006 0.009
1 0.052 0.27 0.007 0.01
1 0.107 0.317 0.005 0.009
1 0.121 0.319 0.005 0.008
1 0.128 0.326 0.006 0.01
1 0.146 0.331 0.006 0.009
1 0.154 0.331 0.006 0.008
1 0.162 0.301 0.006 0.008
1 0.002 0.429 0.005 0.012
1 0.029 0.422 0.007 0.01
1 0.157 0.265 0.004 0.007
1 0.219 0.205 0.004 0.007
1 0.222 0.206 0.003 0.005
1 0.129 0.311 0.003 0.005
1 0.173 0.313 0.004 0.007
1 0.106 0.213 0.003 0.007
1 0.1 0.204 0.003 0.005
1 0.239 0.2 0.004 0.007
1 0.232 0.191 0.006 0.007
1 0.297 0.215 0.005 0.009
1 0.28 0.149 0.004 0.007
1 0.272 0.144 0.005 0.007
1 0.304 0.153 0.003 0.007
1 0.308 0.151 0.003 0.005
1 0.299 0.149 0.003 0.007
1 0.303 0.133 0.003 0.005
1 0.31 0.13 0.003 0.005
1 0.261 0.115 0.005 0.007
1 0.24 0.13 0.004 0.007
1 0.51 0.273 0.002 0.004
1 0.467 0.243 0.005 0.008
1 0.449 0.246 0.005 0.008
1 0.48 0.275 0.006 0.008
1 0.476 0.41 0.007 0.013
1 0.512 0.398 0.005 0.009
1 0.441 0.369 0.005 0.009
1 0.331 0.431 0.006 0.008
1 0.32 0.441 0.005 0.007
1 0.279 0.428 0.005 0.008
1 0.344 0.426 0.004 0.009
1 0.51 0.922 0.012 0.016
1 0.553 0.839 0.01 0.012
1 0.438 0.85 0.008 0.014
1 0.47 0.837 0.008 0.013
1 0.417 0.845 0.008 0.008
1 0.67 0.885 0.01 0.014
1 0.692 0.978 0.01 0.016
1 0.728 0.964 0.012 0.013
1 0.688 0.854 0.009 0.013
1 0.659 0.846 0.009 0.014
1 0.707 0.831 0.007 0.012
1 0.726 0.777 0.009 0.012
1 0.69 0.757 0.008 0.012
1 0.711 0.734 0.009 0.01
1 0.922 0.964 0.007 0.012
1 0.942 0.947 0.006 0.014
1 0.902 0.939 0.006 0.012
1 0.901 0.919 0.006 0.009
1 0.787 0.975 0.009 0.014
1 0.823 0.894 0.011 0.014
1 0.905 0.885 0.007 0.009
1 0.896 0.846 0.01 0.016
1 0.938 0.777 0.007 0.012
1 0.958 0.818 0.007 0.008
1 0.979 0.817 0.004 0.009
1 0.918 0.807 0.005 0.009
1 0.858 0.768 0.006 0.012
1 0.894 0.738 0.007 0.014
1 0.903 0.687 0.004 0.009
1 0.852 0.707 0.009 0.013
1 0.731 0.708 0.009 0.013
1 0.747 0.712 0.005 0.01
1 0.714 0.707 0.01 0.01
1 0.744 0.672 0.008 0.013
1 0.751 0.676 0.009 0.009
1 0.793 0.665 0.008 0.013
1 0.549 0.636 0.007 0.012
1 0.618 0.666 0.008 0.012
1 0.637 0.607 0.008 0.012
1 0.542 0.612 0.009 0.013
1 0.674 0.574 0.006 0.01
1 0.599 0.545 0.006 0.009
1 0.562 0.551 0.005 0.01
1 0.658 0.511 0.006 0.009
1 0.683 0.516 0.005 0.009
1 0.676 0.547 0.008 0.013
1 0.746 0.585 0.008 0.009
1 0.852 0.548 0.004 0.008
1 0.847 0.578 0.005 0.01
1 0.749 0.529 0.007 0.009
1 0.777 0.518 0.008 0.013
1 0.898 0.505 0.007 0.01
1 0.896 0.497 0.006 0.009
1 0.943 0.525 0.006 0.008
1 0.855 0.489 0.006 0.009
1 0.833 0.501 0.007 0.009
1 0.785 0.464 0.007 0.01
1 0.778 0.455 0.006 0.009
1 0.746 0.454 0.008 0.012
1 0.814 0.501 0.006 0.009
1 0.848 0.464 0.007 0.009
1 0.836 0.471 0.007 0.009
1 0.858 0.406 0.004 0.007
1 0.72 0.39 0.005 0.009
1 0.797 0.369 0.007 0.012
1 0.843 0.383 0.007 0.012
1 0.881 0.402 0.007 0.012
1 0.854 0.337 0.007 0.01
1 0.792 0.357 0.005 0.009
1 0.79 0.344 0.006 0.008
1 0.758 0.332 0.007 0.008
1 0.772 0.324 0.007 0.009
1 0.74 0.396 0.004 0.007
1 0.764 0.395 0.005 0.009
1 0.742 0.277 0.006 0.009
1 0.757 0.274 0.006 0.009
1 0.783 0.309 0.006 0.01
1 0.781 0.294 0.006 0.008
1 0.818 0.333 0.004 0.007
1 0.839 0.311 0.005 0.008
1 0.831 0.307 0.005 0.007
1 0.824 0.311 0.005 0.008
1 0.855 0.267 0.006 0.008
1 0.863 0.292 0.006 0.01
1 0.86 0.273 0.004 0.008
1 0.833 0.275 0.003 0.008
1 0.82 0.264 0.006 0.009
1 0.849 0.251 0.006 0.009
1 0.858 0.253 0.004 0.008
1 0.832 0.247 0.004 0.008
1 0.901 0.315 0.005 0.008
1 0.93 0.32 0.005 0.008
1 0.945 0.314 0.005 0.009
1 0.891 0.295 0.005 0.009
1 0.884 0.279 0.005 0.008
1 0.895 0.275 0.004 0.008
1 0.932 0.273 0.004 0.007
1 0.952 0.279 0.004 0.007
1 0.976 0.304 0.005 0.007
1 0.979 0.348 0.006 0.007
1 0.953 0.266 0.004 0.005
1 0.887 0.428 0.005 0.007
1 0.932 0.417 0.005 0.008
1 0.838 0.2 0.004 0.007
1 0.817 0.198 0.005 0.008
1 0.823 0.189 0.005 0.009
1 0.866 0.165 0.003 0.007
1 0.753 0.076 0.004 0.007
1 0.759 0.052 0.004 0.005
1 0.813 0.122 0.004 0.007
1 0.831 0.095 0.004 0.005
1 0.833 0.087 0.003 0.005
1 0.829 0.107 0.003 0.005
1 0.375 0.107 0.003 0.005
1 0.404 0.12 0.005 0.009
1 0.393 0.116 0.003 0.005
1 0.4 0.11 0.003 0.007
1 0.362 0.147 0.004 0.005
1 0.387 0.085 0.003 0.005
1 0.379 0.109 0.002 0.004
1 0.466 0.074 0.003 0.007
1 0.458 0.082 0.004 0.005
1 0.449 0.094 0.002 0.004
1 0.42 0.088 0.003 0.004
1 0.337 0.08 0.003 0.007
1 0.584 0.221 0.005 0.009
1 0.552 0.211 0.004 0.008
1 0.195 0.305 0.005 0.012
1 0.182 0.307 0.005 0.008
1 0.889 0.245 0.006 0.009
