1 0.905 0.339 0.01 0.013
1 0.933 0.342 0.01 0.017
1 0.977 0.432 0.014 0.02
1 0.709 0.377 0.011 0.019
1 0.686 0.406 0.013 0.02
1 0.624 0.413 0.01 0.019
1 0.612 0.376 0.011 0.019
1 0.568 0.38 0.011 0.016
1 0.532 0.393 0.011 0.019
1 0.343 0.382 0.012 0.017
1 0.215 0.321 0.011 0.013
1 0.152 0.343 0.013 0.019
1 0.373 0.579 0.018 0.02
1 0.277 0.467 0.012 0.017
1 0.23 0.306 0.008 0.013
1 0.081 0.416 0.012 0.019
1 0.03 0.432 0.012 0.019
1 0.165 0.737 0.017 0.028
1 0.384 0.648 0.02 0.034
1 0.327 0.671 0.021 0.036
1 0.427 0.493 0.013 0.02
1 0.353 0.345 0.008 0.015
