1 0.736 0.484 0.04 0.058
1 0.55 0.578 0.035 0.047
1 0.76 0.41 0.024 0.04
1 0.647 0.417 0.021 0.034
1 0.93 0.392 0.021 0.036
1 0.967 0.422 0.018 0.03
1 0.851 0.422 0.016 0.027
1 0.792 0.414 0.018 0.032
1 0.869 0.438 0.016 0.026
1 0.808 0.42 0.014 0.029
1 0.688 0.433 0.021 0.022
1 0.703 0.427 0.014 0.016
1 0.622 0.406 0.021 0.036
1 0.574 0.385 0.032 0.034
1 0.53 0.333 0.036 0.066
1 0.358 0.413 0.035 0.047
1 0.464 0.366 0.034 0.045
1 0.251 0.367 0.035 0.052
1 0.485 0.366 0.015 0.036
1 0.167 0.401 0.018 0.031
1 0.103 0.41 0.02 0.041
1 0.055 0.444 0.017 0.032
1 0.058 0.412 0.017 0.019
1 0.076 0.443 0.018 0.024
