1 0.143 0.343 0.016 0.044
1 0.019 0.343 0.021 0.044
1 0.034 0.44 0.022 0.054
1 0.845 0.351 0.019 0.044
1 0.935 0.328 0.016 0.047
1 0.979 0.329 0.02 0.04
1 0.381 0.326 0.007 0.048
1 0.628 0.297 0.011 0.056
1 0.151 0.184 0.007 0.015
1 0.206 0.184 0.007 0.016
1 0.26 0.184 0.006 0.015
1 0.316 0.184 0.007 0.015
1 0.37 0.184 0.007 0.015
1 0.424 0.184 0.006 0.013
1 0.568 0.182 0.006 0.015
1 0.624 0.184 0.007 0.013
1 0.679 0.182 0.006 0.015
1 0.734 0.183 0.006 0.015
1 0.791 0.181 0.008 0.013
1 0.847 0.179 0.006 0.013
1 0.822 0.324 0.005 0.012
1 0.801 0.326 0.005 0.013
1 0.705 0.417 0.006 0.009
1 0.201 0.322 0.006 0.015
1 0.174 0.321 0.007 0.016
