1 0.092 0.203 0.005 0.009
1 0.157 0.192 0.004 0.008
1 0.246 0.251 0.005 0.011
1 0.119 0.619 0.014 0.035
1 0.129 0.586 0.015 0.031
1 0.17 0.605 0.014 0.023
1 0.18 0.603 0.011 0.022
1 0.204 0.605 0.009 0.019
1 0.199 0.625 0.009 0.015
1 0.214 0.634 0.007 0.012
1 0.227 0.633 0.009 0.015
1 0.231 0.605 0.009 0.016
1 0.237 0.616 0.008 0.015
1 0.237 0.602 0.005 0.012
1 0.242 0.604 0.006 0.014
1 0.251 0.609 0.008 0.014
1 0.259 0.608 0.007 0.014
1 0.266 0.624 0.007 0.012
1 0.196 0.582 0.007 0.011
1 0.771 0.446 0.006 0.011
1 0.841 0.45 0.007 0.011
1 0.867 0.444 0.005 0.007
1 0.79 0.653 0.008 0.014
1 0.778 0.617 0.009 0.015
1 0.766 0.611 0.008 0.011
1 0.783 0.642 0.007 0.011
1 0.796 0.616 0.008 0.012
1 0.803 0.628 0.008 0.012
1 0.817 0.622 0.009 0.016
1 0.832 0.625 0.01 0.018
1 0.846 0.615 0.009 0.016
1 0.853 0.617 0.01 0.018
1 0.863 0.611 0.01 0.018
1 0.813 0.608 0.008 0.014
1 0.825 0.593 0.007 0.014
1 0.833 0.593 0.008 0.012
1 0.842 0.585 0.009 0.014
1 0.852 0.582 0.007 0.015
1 0.86 0.581 0.009 0.016
1 0.882 0.597 0.008 0.015
1 0.917 0.615 0.019 0.035
1 0.905 0.583 0.016 0.028
1 0.806 0.601 0.008 0.014
1 0.995 0.682 0.01 0.022
1 0.875 0.581 0.011 0.016
1 0.301 0.6 0.015 0.03
1 0.262 0.066 0.007 0.014
1 0.701 0.095 0.004 0.007
1 0.183 0.573 0.007 0.011
1 0.166 0.57 0.007 0.012
1 0.171 0.568 0.009 0.015
1 0.222 0.563 0.007 0.012
1 0.214 0.595 0.006 0.014
1 0.167 0.55 0.007 0.011
1 0.201 0.573 0.006 0.011
1 0.196 0.57 0.004 0.009
1 0.199 0.556 0.007 0.015
1 0.206 0.639 0.007 0.015
1 0.33 0.6 0.011 0.03
1 0.333 0.598 0.013 0.028
1 0.338 0.628 0.006 0.011
1 0.478 0.631 0.007 0.014
1 0.548 0.628 0.007 0.012
1 0.583 0.631 0.005 0.008
1 0.647 0.584 0.015 0.026
1 0.668 0.586 0.016 0.027
1 0.686 0.607 0.016 0.031
1 0.748 0.599 0.017 0.027
1 0.508 0.114 0.017 0.031
1 0.477 0.232 0.007 0.011
1 0.519 0.226 0.007 0.012
1 0.838 0.215 0.005 0.008
1 0.919 0.215 0.005 0.008
1 0.962 0.211 0.005 0.009
1 0.742 0.447 0.008 0.011
1 0.754 0.441 0.008 0.012
1 0.76 0.461 0.006 0.009
1 0.215 0.578 0.007 0.011
