1 0.69 0.697 0.044 0.071
1 0.868 0.224 0.016 0.029
1 0.903 0.217 0.013 0.023
1 0.83 0.158 0.011 0.026
1 0.765 0.205 0.013 0.029
1 0.751 0.211 0.012 0.023
1 0.738 0.166 0.01 0.025
1 0.785 0.156 0.012 0.019
1 0.767 0.032 0.008 0.015
1 0.832 0.057 0.01 0.022
1 0.88 0.07 0.011 0.022
1 0.94 0.19 0.014 0.028
1 0.505 0.222 0.017 0.028
1 0.642 0.05 0.009 0.019
1 0.465 0.062 0.007 0.016
1 0.432 0.06 0.009 0.015
1 0.406 0.021 0.007 0.016
1 0.285 0.12 0.012 0.025
1 0.242 0.1 0.008 0.016
1 0.166 0.124 0.011 0.019
1 0.131 0.106 0.008 0.017
1 0.043 0.149 0.011 0.025
1 0.089 0.07 0.01 0.017
1 0.124 0.015 0.008 0.016
1 0.279 0.102 0.007 0.017
1 0.17 0.067 0.007 0.02
1 0.057 0.017 0.01 0.022
1 0.185 0.061 0.008 0.017
1 0.109 0.065 0.011 0.02
1 0.378 0.435 0.01 0.038
