1 0.138 0.867 0.014 0.023
1 0.076 0.786 0.017 0.027
1 0.329 0.821 0.013 0.025
1 0.169 0.818 0.018 0.023
1 0.22 0.786 0.014 0.023
1 0.4 0.776 0.018 0.023
1 0.323 0.667 0.011 0.016
1 0.392 0.73 0.011 0.016
1 0.444 0.706 0.013 0.014
1 0.343 0.645 0.011 0.018
1 0.364 0.617 0.011 0.017
1 0.391 0.594 0.011 0.014
1 0.543 0.71 0.011 0.021
1 0.537 0.686 0.009 0.014
1 0.401 0.95 0.023 0.03
1 0.604 0.946 0.023 0.027
1 0.89 0.96 0.019 0.023
1 0.729 0.861 0.018 0.018
1 0.245 0.536 0.009 0.016
1 0.201 0.572 0.008 0.014
1 0.187 0.525 0.008 0.012
1 0.23 0.512 0.009 0.014
1 0.168 0.596 0.011 0.017
1 0.156 0.538 0.01 0.014
1 0.056 0.627 0.014 0.014
1 0.022 0.556 0.011 0.016
1 0.059 0.594 0.011 0.02
1 0.103 0.52 0.01 0.014
1 0.05 0.444 0.008 0.013
1 0.023 0.463 0.01 0.012
1 0.103 0.49 0.009 0.014
1 0.151 0.493 0.007 0.012
1 0.169 0.476 0.007 0.012
1 0.199 0.472 0.007 0.012
1 0.122 0.47 0.008 0.013
1 0.082 0.441 0.006 0.01
1 0.107 0.432 0.007 0.01
1 0.133 0.423 0.007 0.01
1 0.923 0.729 0.012 0.016
1 0.947 0.716 0.011 0.01
1 0.015 0.71 0.018 0.022
1 0.164 0.703 0.015 0.023
1 0.142 0.62 0.011 0.017
1 0.338 0.447 0.007 0.016
1 0.377 0.435 0.01 0.016
1 0.416 0.437 0.007 0.012
1 0.462 0.422 0.006 0.013
1 0.438 0.451 0.004 0.013
1 0.429 0.477 0.009 0.017
1 0.452 0.473 0.008 0.016
1 0.476 0.514 0.01 0.014
1 0.494 0.49 0.01 0.016
1 0.486 0.452 0.01 0.017
1 0.513 0.448 0.007 0.016
1 0.58 0.473 0.009 0.012
1 0.608 0.475 0.008 0.013
1 0.579 0.503 0.008 0.016
1 0.534 0.492 0.007 0.016
1 0.605 0.551 0.008 0.014
1 0.631 0.542 0.008 0.014
1 0.653 0.534 0.008 0.013
1 0.625 0.572 0.009 0.016
1 0.568 0.556 0.009 0.013
1 0.545 0.534 0.008 0.013
1 0.551 0.482 0.012 0.014
1 0.684 0.526 0.007 0.013
1 0.667 0.495 0.008 0.013
1 0.708 0.484 0.009 0.013
1 0.725 0.503 0.009 0.01
1 0.737 0.546 0.008 0.012
1 0.696 0.589 0.015 0.02
1 0.767 0.577 0.008 0.014
1 0.747 0.473 0.006 0.012
1 0.72 0.445 0.008 0.01
1 0.688 0.464 0.007 0.014
1 0.771 0.462 0.01 0.012
1 0.76 0.534 0.009 0.013
1 0.774 0.498 0.008 0.012
1 0.872 0.51 0.009 0.016
1 0.852 0.51 0.009 0.014
1 0.887 0.493 0.009 0.013
1 0.884 0.536 0.01 0.017
1 0.855 0.594 0.008 0.014
1 0.822 0.557 0.009 0.016
1 0.823 0.691 0.01 0.018
1 0.864 0.689 0.011 0.014
1 0.754 0.65 0.009 0.014
1 0.778 0.637 0.01 0.016
1 0.725 0.557 0.009 0.013
1 0.824 0.626 0.012 0.017
1 0.95 0.62 0.011 0.018
1 0.924 0.632 0.01 0.017
1 0.882 0.587 0.007 0.013
1 0.905 0.575 0.01 0.017
1 0.917 0.568 0.01 0.013
1 0.967 0.606 0.011 0.014
1 0.993 0.675 0.009 0.017
1 0.974 0.686 0.014 0.017
1 0.98 0.544 0.009 0.014
1 0.97 0.507 0.008 0.017
1 0.903 0.526 0.012 0.01
1 0.84 0.601 0.008 0.014
1 0.781 0.577 0.007 0.012
1 0.84 0.557 0.008 0.013
1 0.886 0.656 0.01 0.018
1 0.252 0.738 0.015 0.023
1 0.234 0.546 0.009 0.016
1 0.047 0.42 0.007 0.012
1 0.063 0.38 0.008 0.012
1 0.035 0.385 0.007 0.013
1 0.291 0.913 0.015 0.027
