1 0.595 0.373 0.062 0.151
1 0.176 0.243 0.075 0.196
1 0.903 0.037 0.047 0.072
1 0.452 0.192 0.041 0.07
1 0.709 0.163 0.031 0.06
1 0.573 0.242 0.036 0.079
1 0.263 0.189 0.029 0.05
1 0.823 0.015 0.032 0.031
1 0.581 0.101 0.022 0.047
1 0.544 0.155 0.021 0.05
1 0.323 0.196 0.035 0.065
1 0.199 0.181 0.022 0.063
1 0.209 0.117 0.027 0.054
1 0.291 0.125 0.021 0.041
1 0.376 0.132 0.021 0.05
1 0.735 0.104 0.026 0.056
1 0.52 0.084 0.027 0.051
1 0.321 0.081 0.02 0.044
1 0.428 0.059 0.02 0.038
1 0.385 0.073 0.022 0.041
1 0.491 0.049 0.017 0.04
1 0.568 0.064 0.019 0.025
1 0.68 0.103 0.021 0.026
1 0.642 0.103 0.027 0.04
1 0.624 0.064 0.019 0.034
1 0.396 0.223 0.027 0.056
1 0.612 0.158 0.022 0.045
