1 0.843 0.316 0.028 0.06
1 0.812 0.423 0.027 0.067
1 0.759 0.348 0.028 0.06
1 0.738 0.261 0.03 0.056
1 0.725 0.201 0.025 0.057
1 0.747 0.477 0.03 0.069
1 0.688 0.407 0.027 0.061
1 0.695 0.319 0.03 0.064
1 0.641 0.283 0.027 0.06
1 0.659 0.225 0.025 0.051
1 0.623 0.339 0.027 0.057
1 0.607 0.428 0.031 0.06
1 0.609 0.217 0.033 0.053
1 0.836 0.529 0.033 0.066
1 0.559 0.312 0.028 0.056
1 0.494 0.439 0.034 0.06
1 0.477 0.324 0.026 0.051
1 0.48 0.19 0.029 0.063
1 0.549 0.22 0.025 0.064
1 0.438 0.266 0.025 0.06
1 0.39 0.226 0.027 0.054
1 0.386 0.318 0.027 0.054
1 0.345 0.418 0.029 0.072
1 0.328 0.342 0.032 0.051
1 0.34 0.271 0.026 0.053
1 0.282 0.368 0.031 0.06
1 0.225 0.432 0.031 0.07
1 0.239 0.299 0.03 0.064
1 0.297 0.296 0.029 0.061
1 0.162 0.555 0.031 0.059
1 0.075 0.454 0.032 0.059
