1 0.921 0.898 0.068 0.074
1 0.814 0.824 0.026 0.036
1 0.704 0.87 0.034 0.042
1 0.813 0.669 0.03 0.034
1 0.885 0.546 0.025 0.035
1 0.888 0.497 0.026 0.028
1 0.523 0.655 0.023 0.033
1 0.448 0.196 0.061 0.076
1 0.338 0.792 0.039 0.052
1 0.322 0.555 0.029 0.028
1 0.186 0.598 0.029 0.04
1 0.119 0.63 0.028 0.037
1 0.074 0.604 0.029 0.038
1 0.03 0.627 0.038 0.045
1 0.049 0.434 0.024 0.028
1 0.376 0.482 0.03 0.035
1 0.061 0.712 0.029 0.039
1 0.243 0.402 0.027 0.031
1 0.248 0.343 0.024 0.031
1 0.25 0.301 0.023 0.028
1 0.162 0.343 0.026 0.032
1 0.124 0.322 0.02 0.029
1 0.148 0.283 0.021 0.026
1 0.125 0.236 0.024 0.026
1 0.148 0.402 0.027 0.034
1 0.033 0.26 0.021 0.024
1 0.384 0.248 0.026 0.03
1 0.34 0.317 0.027 0.037
1 0.18 0.309 0.025 0.033
1 0.204 0.217 0.032 0.03
1 0.3 0.222 0.022 0.031
1 0.128 0.159 0.024 0.026
1 0.039 0.202 0.021 0.03
1 0.201 0.16 0.023 0.032
1 0.218 0.286 0.02 0.024
1 0.01 0.304 0.021 0.026
1 0.777 0.539 0.029 0.035
1 0.695 0.511 0.03 0.031
1 0.664 0.307 0.025 0.031
