1 0.977 0.872 0.02 0.029
1 0.943 0.773 0.019 0.026
1 0.918 0.955 0.02 0.03
1 0.861 0.948 0.019 0.026
1 0.856 0.857 0.019 0.026
1 0.798 0.826 0.014 0.022
1 0.849 0.758 0.015 0.021
1 0.734 0.753 0.013 0.025
1 0.736 0.88 0.02 0.03
1 0.805 0.974 0.019 0.029
1 0.704 0.964 0.017 0.026
1 0.697 0.992 0.015 0.017
1 0.642 0.991 0.019 0.018
1 0.632 0.945 0.019 0.033
1 0.648 0.89 0.02 0.03
1 0.668 0.811 0.016 0.022
1 0.623 0.84 0.017 0.027
1 0.555 0.964 0.016 0.027
1 0.587 0.894 0.013 0.027
1 0.548 0.841 0.019 0.031
1 0.533 0.798 0.016 0.027
1 0.512 0.908 0.016 0.023
1 0.428 0.957 0.016 0.029
1 0.447 0.894 0.018 0.033
1 0.446 0.856 0.019 0.027
1 0.474 0.804 0.018 0.03
1 0.412 0.798 0.018 0.03
1 0.389 0.915 0.018 0.031
1 0.373 0.95 0.017 0.027
1 0.331 0.891 0.019 0.025
1 0.317 0.962 0.017 0.027
1 0.345 0.829 0.022 0.029
1 0.366 0.877 0.017 0.022
1 0.123 0.814 0.017 0.027
1 0.095 0.859 0.017 0.027
1 0.062 0.872 0.018 0.03
1 0.038 0.842 0.015 0.027
1 0.027 0.673 0.015 0.031
1 0.209 0.521 0.017 0.023
1 0.221 0.456 0.015 0.025
1 0.229 0.417 0.015 0.021
1 0.159 0.473 0.017 0.026
1 0.111 0.485 0.014 0.022
1 0.173 0.428 0.015 0.022
1 0.123 0.432 0.014 0.021
1 0.128 0.37 0.014 0.02
1 0.335 0.402 0.015 0.025
1 0.092 0.523 0.015 0.025
1 0.145 0.514 0.019 0.033
1 0.073 0.561 0.015 0.023
1 0.039 0.528 0.016 0.025
1 0.032 0.581 0.016 0.022
1 0.057 0.477 0.018 0.022
1 0.007 0.476 0.014 0.03
1 0.273 0.46 0.016 0.029
1 0.288 0.357 0.016 0.022
1 0.185 0.321 0.016 0.027
1 0.23 0.357 0.017 0.034
1 0.138 0.318 0.014 0.021
1 0.024 0.382 0.015 0.025
1 0.984 0.428 0.018 0.031
1 0.94 0.438 0.017 0.025
1 0.938 0.379 0.016 0.034
1 0.878 0.422 0.018 0.023
1 0.888 0.534 0.018 0.036
1 0.344 0.263 0.017 0.026
1 0.3 0.402 0.014 0.025
1 0.294 0.311 0.022 0.034
1 0.201 0.227 0.013 0.023
1 0.05 0.238 0.014 0.023
1 0.078 0.423 0.02 0.036
1 0.077 0.378 0.016 0.023
1 0.02 0.435 0.016 0.031
1 0.043 0.288 0.014 0.022
1 0.108 0.23 0.013 0.023
1 0.26 0.192 0.014 0.025
1 0.176 0.369 0.015 0.025
1 0.16 0.931 0.017 0.029
1 0.099 0.907 0.018 0.025
