1 0.026 0.111 0.015 0.038
1 0.047 0.134 0.016 0.036
1 0.058 0.082 0.016 0.036
1 0.091 0.116 0.015 0.032
1 0.108 0.095 0.016 0.038
1 0.128 0.151 0.014 0.034
1 0.141 0.118 0.015 0.036
1 0.159 0.071 0.014 0.034
1 0.175 0.104 0.012 0.032
1 0.199 0.112 0.016 0.036
1 0.229 0.113 0.015 0.034
1 0.269 0.107 0.014 0.034
1 0.287 0.074 0.016 0.032
1 0.302 0.131 0.015 0.03
1 0.341 0.148 0.012 0.032
1 0.336 0.087 0.015 0.038
1 0.379 0.146 0.014 0.032
1 0.38 0.103 0.014 0.03
1 0.083 0.283 0.013 0.036
1 0.154 0.224 0.016 0.036
1 0.202 0.305 0.013 0.032
1 0.241 0.281 0.013 0.032
1 0.28 0.253 0.017 0.04
1 0.247 0.332 0.014 0.03
1 0.287 0.348 0.014 0.034
1 0.337 0.347 0.015 0.028
1 0.402 0.327 0.014 0.032
1 0.395 0.366 0.012 0.026
1 0.334 0.203 0.016 0.038
1 0.4 0.223 0.013 0.034
1 0.399 0.08 0.012 0.032
1 0.147 0.16 0.01 0.016
1 0.42 0.099 0.015 0.034
1 0.456 0.121 0.014 0.034
1 0.434 0.141 0.016 0.038
1 0.455 0.204 0.014 0.036
1 0.463 0.096 0.013 0.032
1 0.495 0.099 0.015 0.034
1 0.528 0.082 0.014 0.032
1 0.533 0.119 0.012 0.03
1 0.55 0.133 0.017 0.034
1 0.58 0.12 0.011 0.032
1 0.619 0.127 0.013 0.034
1 0.651 0.107 0.016 0.038
1 0.671 0.089 0.015 0.034
1 0.691 0.118 0.012 0.032
1 0.646 0.213 0.016 0.034
1 0.7 0.207 0.016 0.038
1 0.595 0.213 0.014 0.034
1 0.558 0.206 0.014 0.04
1 0.507 0.198 0.017 0.036
1 0.457 0.326 0.013 0.034
1 0.455 0.366 0.011 0.026
1 0.515 0.356 0.013 0.03
1 0.562 0.369 0.013 0.028
1 0.624 0.31 0.016 0.038
1 0.685 0.381 0.015 0.032
1 0.738 0.098 0.017 0.036
1 0.772 0.125 0.015 0.034
1 0.786 0.084 0.018 0.036
1 0.832 0.11 0.017 0.04
1 0.863 0.082 0.016 0.04
1 0.911 0.119 0.017 0.038
1 0.934 0.156 0.014 0.032
1 0.96 0.263 0.017 0.036
1 0.919 0.26 0.017 0.034
1 0.884 0.212 0.016 0.04
1 0.867 0.24 0.016 0.036
1 0.824 0.229 0.016 0.034
1 0.784 0.241 0.016 0.042
1 0.797 0.291 0.015 0.036
1 0.863 0.336 0.014 0.034
1 0.926 0.335 0.016 0.032
1 0.8 0.36 0.013 0.026
1 0.738 0.391 0.016 0.028
1 0.729 0.31 0.01 0.022
1 0.752 0.275 0.015 0.036
