1 0.448 0.142 0.032 0.054
1 0.376 0.159 0.03 0.048
1 0.224 0.225 0.038 0.048
1 0.161 0.136 0.046 0.068
1 0.109 0.125 0.047 0.071
1 0.127 0.439 0.041 0.061
1 0.854 0.234 0.1 0.161
1 0.614 0.144 0.03 0.053
1 0.917 0.728 0.014 0.021
1 0.891 0.713 0.013 0.022
1 0.851 0.722 0.012 0.022
1 0.889 0.78 0.014 0.019
1 0.859 0.755 0.013 0.017
1 0.801 0.769 0.013 0.021
1 0.792 0.726 0.009 0.011
1 0.811 0.7 0.01 0.018
1 0.778 0.719 0.013 0.019
1 0.743 0.738 0.011 0.017
1 0.774 0.776 0.011 0.018
1 0.75 0.807 0.011 0.015
1 0.703 0.736 0.013 0.018
1 0.547 0.773 0.015 0.022
1 0.57 0.759 0.013 0.025
1 0.57 0.699 0.015 0.025
1 0.543 0.702 0.015 0.025
1 0.375 0.696 0.069 0.096
1 0.313 0.636 0.074 0.122
1 0.076 0.677 0.022 0.039
1 0.125 0.771 0.021 0.033
1 0.176 0.717 0.023 0.033
1 0.147 0.624 0.028 0.051
1 0.095 0.608 0.031 0.047
