1 0.271 0.265 0.045 0.061
1 0.315 0.201 0.036 0.056
1 0.442 0.246 0.042 0.07
1 0.623 0.262 0.037 0.064
1 0.652 0.236 0.028 0.053
1 0.715 0.247 0.035 0.051
1 0.764 0.171 0.035 0.055
1 0.788 0.286 0.036 0.06
1 0.927 0.269 0.045 0.077
1 0.979 0.275 0.027 0.044
1 0.488 0.499 0.051 0.085
1 0.097 0.543 0.009 0.016
1 0.104 0.534 0.008 0.018
1 0.338 0.642 0.014 0.021
1 0.466 0.674 0.014 0.021
1 0.264 0.656 0.011 0.018
1 0.281 0.661 0.012 0.016
1 0.151 0.9 0.012 0.017
1 0.337 0.831 0.007 0.009
1 0.362 0.839 0.014 0.02
1 0.468 0.786 0.012 0.02
1 0.509 0.867 0.01 0.017
1 0.46 0.919 0.007 0.016
1 0.296 0.836 0.007 0.01
1 0.789 0.892 0.014 0.018
1 0.786 0.958 0.012 0.017
1 0.076 0.281 0.042 0.062
1 0.694 0.351 0.006 0.012
1 0.826 0.046 0.009 0.018
1 0.638 0.04 0.023 0.031
1 0.398 0.347 0.012 0.02
1 0.414 0.312 0.008 0.012
1 0.328 0.412 0.008 0.009
1 0.464 0.415 0.007 0.012
1 0.211 0.356 0.006 0.009
1 0.281 0.749 0.006 0.01
1 0.273 0.753 0.006 0.01
1 0.515 0.953 0.013 0.021
1 0.566 0.676 0.007 0.008
1 0.54 0.661 0.004 0.008
1 0.556 0.658 0.004 0.007
1 0.569 0.647 0.005 0.008
1 0.598 0.633 0.005 0.008
1 0.721 0.537 0.008 0.014
1 0.581 0.475 0.005 0.009
1 0.315 0.059 0.005 0.008
1 0.265 0.055 0.004 0.007
