1 0.147 0.388 0.016 0.024
1 0.202 0.398 0.015 0.023
1 0.217 0.335 0.012 0.019
1 0.255 0.389 0.013 0.022
1 0.281 0.384 0.015 0.024
1 0.324 0.393 0.014 0.019
1 0.318 0.327 0.01 0.016
1 0.371 0.383 0.013 0.02
1 0.41 0.398 0.014 0.02
1 0.44 0.376 0.012 0.019
1 0.481 0.388 0.013 0.023
1 0.434 0.427 0.013 0.019
1 0.431 0.472 0.014 0.023
1 0.404 0.465 0.015 0.026
1 0.387 0.459 0.014 0.022
1 0.327 0.469 0.014 0.02
1 0.456 0.447 0.009 0.016
1 0.464 0.427 0.01 0.016
1 0.533 0.423 0.012 0.019
1 0.891 0.425 0.019 0.03
1 0.843 0.385 0.018 0.024
1 0.529 0.359 0.016 0.027
1 0.578 0.365 0.015 0.022
1 0.609 0.371 0.011 0.017
1 0.656 0.384 0.016 0.022
1 0.688 0.381 0.012 0.016
1 0.731 0.367 0.012 0.02
1 0.752 0.376 0.012 0.015
1 0.784 0.372 0.015 0.02
1 0.538 0.522 0.015 0.023
1 0.58 0.464 0.014 0.022
1 0.623 0.499 0.014 0.022
1 0.658 0.45 0.017 0.022
1 0.687 0.489 0.018 0.031
1 0.76 0.498 0.015 0.022
1 0.751 0.449 0.011 0.017
1 0.795 0.412 0.014 0.019
1 0.81 0.479 0.018 0.024
1 0.479 0.448 0.016 0.024
1 0.503 0.435 0.012 0.02
1 0.198 0.53 0.021 0.03
1 0.23 0.517 0.018 0.022
1 0.253 0.527 0.019 0.026
1 0.28 0.511 0.016 0.022
1 0.333 0.53 0.019 0.03
1 0.349 0.519 0.014 0.02
1 0.39 0.524 0.016 0.023
1 0.461 0.515 0.018 0.027
1 0.524 0.455 0.014 0.022
1 0.062 0.546 0.016 0.026
