1 0.44 0.55 0.008 0.022
1 0.394 0.622 0.012 0.018
1 0.512 0.639 0.009 0.013
1 0.542 0.593 0.011 0.017
1 0.329 0.417 0.012 0.013
1 0.176 0.445 0.009 0.014
1 0.264 0.357 0.007 0.01
1 0.376 0.434 0.007 0.014
1 0.227 0.389 0.008 0.012
1 0.395 0.335 0.006 0.012
1 0.518 0.495 0.008 0.021
1 0.271 0.321 0.006 0.007
1 0.719 0.42 0.008 0.012
1 0.772 0.424 0.008 0.012
1 0.791 0.41 0.006 0.012
1 0.745 0.693 0.011 0.02
1 0.736 0.641 0.011 0.017
1 0.776 0.586 0.009 0.016
1 0.804 0.566 0.01 0.017
1 0.955 0.583 0.008 0.02
1 0.986 0.504 0.007 0.016
1 0.878 0.48 0.009 0.014
1 0.9 0.428 0.009 0.017
1 0.793 0.385 0.008 0.012
1 0.774 0.406 0.009 0.01
1 0.758 0.438 0.007 0.012
1 0.923 0.494 0.008 0.014
1 0.314 0.432 0.008 0.012
1 0.062 0.426 0.008 0.013
1 0.069 0.449 0.008 0.016
1 0.802 0.671 0.012 0.016
1 0.783 0.718 0.01 0.02
