1 0.327 0.663 0.013 0.018
1 0.467 0.637 0.011 0.025
1 0.46 0.685 0.015 0.029
1 0.487 0.697 0.016 0.03
1 0.491 0.663 0.013 0.025
1 0.533 0.705 0.014 0.024
1 0.577 0.679 0.016 0.033
1 0.62 0.725 0.016 0.029
1 0.895 0.702 0.016 0.024
1 0.924 0.712 0.016 0.029
1 0.949 0.725 0.018 0.029
1 0.532 0.591 0.011 0.021
1 0.582 0.596 0.012 0.021
1 0.595 0.611 0.011 0.027
1 0.509 0.711 0.017 0.029
1 0.447 0.667 0.014 0.025
1 0.262 0.656 0.015 0.022
1 0.334 0.602 0.012 0.022
1 0.352 0.659 0.014 0.025
1 0.228 0.65 0.011 0.02
1 0.296 0.594 0.012 0.02
1 0.31 0.607 0.01 0.02
1 0.164 0.642 0.011 0.027
1 0.391 0.589 0.008 0.017
1 0.538 0.673 0.01 0.022
1 0.872 0.612 0.015 0.024
1 0.819 0.666 0.016 0.03
1 0.95 0.678 0.016 0.03
1 0.937 0.569 0.012 0.024
1 0.908 0.6 0.014 0.024
1 0.879 0.563 0.015 0.022
1 0.494 0.504 0.008 0.017
1 0.465 0.546 0.009 0.024
1 0.547 0.586 0.015 0.024
1 0.96 0.767 0.014 0.024
1 0.068 0.614 0.008 0.017
1 0.09 0.63 0.011 0.021
1 0.176 0.65 0.013 0.022
1 0.226 0.623 0.013 0.02
1 0.382 0.61 0.011 0.022
1 0.424 0.667 0.013 0.024
1 0.416 0.69 0.012 0.026
1 0.397 0.69 0.013 0.024
1 0.375 0.672 0.016 0.029
1 0.312 0.641 0.012 0.024
1 0.837 0.65 0.013 0.02
1 0.825 0.628 0.014 0.027
1 0.582 0.624 0.009 0.017
1 0.634 0.593 0.01 0.022
1 0.631 0.567 0.011 0.02
1 0.518 0.601 0.01 0.018
1 0.492 0.588 0.012 0.02
1 0.995 0.576 0.009 0.018
