1 0.341 0.511 0.027 0.047
1 0.385 0.539 0.011 0.018
1 0.651 0.542 0.024 0.044
1 0.929 0.561 0.025 0.048
1 0.946 0.554 0.009 0.016
1 0.992 0.551 0.009 0.015
1 0.796 0.441 0.022 0.044
1 0.929 0.201 0.024 0.047
1 0.659 0.201 0.023 0.042
1 0.491 0.403 0.025 0.044
1 0.355 0.16 0.022 0.042
1 0.204 0.373 0.023 0.04
1 0.146 0.521 0.008 0.015
1 0.118 0.52 0.014 0.028
1 0.095 0.594 0.019 0.029
1 0.13 0.532 0.007 0.01
1 0.011 0.529 0.014 0.026
1 0.074 0.528 0.007 0.013
1 0.309 0.482 0.006 0.009
1 0.856 0.567 0.007 0.015
1 0.51 0.264 0.043 0.089
