1 0.022 0.531 0.017 0.022
1 0.043 0.562 0.018 0.031
1 0.076 0.66 0.022 0.043
1 0.088 0.559 0.017 0.03
1 0.035 0.489 0.02 0.03
1 0.026 0.452 0.02 0.03
1 0.052 0.463 0.015 0.02
1 0.067 0.429 0.018 0.025
1 0.083 0.422 0.014 0.018
1 0.078 0.457 0.015 0.023
1 0.068 0.509 0.017 0.034
1 0.107 0.51 0.017 0.022
1 0.091 0.454 0.014 0.026
1 0.114 0.446 0.008 0.014
1 0.124 0.445 0.014 0.026
1 0.143 0.469 0.014 0.025
1 0.149 0.434 0.014 0.02
1 0.175 0.448 0.015 0.026
1 0.19 0.433 0.012 0.025
1 0.201 0.444 0.014 0.021
1 0.214 0.431 0.012 0.018
1 0.234 0.449 0.016 0.025
1 0.239 0.41 0.01 0.013
1 0.255 0.439 0.013 0.025
1 0.172 0.507 0.017 0.023
1 0.177 0.548 0.015 0.027
1 0.159 0.586 0.015 0.026
1 0.155 0.624 0.021 0.034
1 0.173 0.674 0.023 0.042
1 0.218 0.525 0.015 0.027
1 0.233 0.561 0.015 0.025
1 0.286 0.517 0.015 0.026
1 0.28 0.568 0.015 0.02
1 0.302 0.548 0.018 0.025
1 0.307 0.614 0.018 0.035
1 0.322 0.574 0.018 0.023
1 0.304 0.403 0.015 0.022
1 0.31 0.432 0.013 0.026
1 0.325 0.423 0.013 0.023
1 0.331 0.457 0.015 0.023
1 0.364 0.423 0.014 0.03
1 0.378 0.41 0.012 0.027
1 0.399 0.458 0.014 0.026
1 0.41 0.436 0.017 0.023
1 0.373 0.512 0.018 0.031
1 0.386 0.552 0.02 0.026
1 0.412 0.517 0.014 0.026
1 0.432 0.54 0.016 0.027
1 0.381 0.611 0.02 0.03
1 0.366 0.69 0.026 0.044
1 0.413 0.616 0.018 0.031
1 0.44 0.716 0.021 0.034
1 0.48 0.612 0.021 0.034
1 0.467 0.546 0.018 0.029
1 0.455 0.503 0.017 0.023
1 0.446 0.458 0.014 0.023
1 0.458 0.447 0.015 0.022
1 0.444 0.419 0.014 0.025
1 0.489 0.448 0.015 0.029
1 0.5 0.419 0.014 0.025
1 0.521 0.417 0.018 0.026
1 0.528 0.445 0.015 0.025
1 0.548 0.434 0.014 0.027
1 0.517 0.486 0.016 0.023
1 0.509 0.516 0.017 0.038
1 0.539 0.585 0.017 0.031
1 0.558 0.647 0.023 0.039
1 0.565 0.438 0.013 0.025
1 0.57 0.406 0.013 0.018
1 0.561 0.502 0.015 0.025
1 0.562 0.559 0.014 0.022
1 0.593 0.563 0.018 0.025
1 0.604 0.445 0.017 0.026
1 0.648 0.437 0.013 0.022
1 0.671 0.413 0.014 0.022
1 0.699 0.434 0.017 0.026
1 0.657 0.46 0.014 0.025
1 0.677 0.457 0.013 0.023
1 0.613 0.49 0.019 0.027
1 0.675 0.545 0.018 0.03
1 0.621 0.633 0.022 0.039
1 0.653 0.635 0.026 0.033
1 0.667 0.594 0.018 0.031
1 0.702 0.592 0.02 0.034
1 0.717 0.566 0.015 0.026
1 0.683 0.503 0.018 0.027
1 0.734 0.453 0.017 0.026
1 0.755 0.426 0.014 0.025
1 0.755 0.463 0.017 0.027
1 0.762 0.5 0.017 0.023
1 0.74 0.527 0.015 0.025
1 0.786 0.545 0.019 0.025
1 0.748 0.599 0.017 0.034
1 0.792 0.661 0.025 0.035
1 0.813 0.595 0.02 0.034
1 0.877 0.656 0.021 0.04
1 0.912 0.641 0.021 0.027
1 0.953 0.594 0.021 0.038
1 0.87 0.591 0.021 0.036
1 0.826 0.514 0.019 0.03
1 0.873 0.535 0.019 0.031
1 0.846 0.493 0.019 0.036
1 0.945 0.462 0.018 0.033
1 0.921 0.469 0.018 0.027
1 0.884 0.462 0.018 0.029
1 0.902 0.441 0.018 0.029
1 0.937 0.419 0.017 0.03
1 0.969 0.414 0.019 0.031
1 0.796 0.426 0.014 0.026
1 0.792 0.461 0.02 0.026
1 0.821 0.437 0.019 0.033
1 0.003 0.473 0.007 0.021
1 0.003 0.41 0.007 0.026
1 0.581 0.44 0.011 0.023
