1 0.208 0.286 0.04 0.072
1 0.984 0.825 0.024 0.044
1 0.953 0.803 0.021 0.038
1 0.91 0.857 0.02 0.04
1 0.89 0.842 0.013 0.02
1 0.996 0.753 0.007 0.037
1 0.859 0.789 0.019 0.036
1 0.831 0.774 0.017 0.031
1 0.91 0.73 0.021 0.04
1 0.89 0.678 0.02 0.031
1 0.823 0.685 0.018 0.034
1 0.962 0.633 0.014 0.024
1 0.996 0.586 0.008 0.024
1 0.876 0.606 0.016 0.03
1 0.938 0.58 0.014 0.021
1 0.902 0.527 0.019 0.031
1 0.85 0.517 0.011 0.017
1 0.825 0.591 0.014 0.023
1 0.8 0.587 0.011 0.016
1 0.822 0.561 0.013 0.02
1 0.835 0.539 0.009 0.018
1 0.799 0.482 0.012 0.014
1 0.819 0.474 0.01 0.016
1 0.847 0.493 0.009 0.011
1 0.873 0.479 0.009 0.014
1 0.929 0.499 0.011 0.02
1 0.919 0.523 0.008 0.017
1 0.923 0.479 0.007 0.011
1 0.903 0.483 0.009 0.014
1 0.916 0.459 0.011 0.017
1 0.888 0.468 0.008 0.016
1 0.876 0.46 0.007 0.011
1 0.873 0.444 0.006 0.013
1 0.972 0.456 0.009 0.014
1 0.987 0.462 0.008 0.013
1 0.96 0.467 0.006 0.01
1 0.897 0.478 0.009 0.016
1 0.987 0.384 0.005 0.009
1 0.926 0.432 0.008 0.011
1 0.938 0.429 0.008 0.009
1 0.904 0.423 0.006 0.01
1 0.898 0.427 0.005 0.013
1 0.858 0.425 0.008 0.014
1 0.85 0.439 0.009 0.014
1 0.847 0.469 0.01 0.017
1 0.861 0.496 0.007 0.011
1 0.814 0.43 0.006 0.011
1 0.829 0.447 0.009 0.013
1 0.82 0.438 0.006 0.011
1 0.812 0.648 0.013 0.021
1 0.779 0.631 0.013 0.02
1 0.765 0.58 0.01 0.016
1 0.747 0.562 0.012 0.018
1 0.742 0.531 0.01 0.017
1 0.763 0.558 0.01 0.018
1 0.821 0.536 0.011 0.018
1 0.81 0.635 0.014 0.023
1 0.773 0.473 0.011 0.02
1 0.793 0.462 0.008 0.013
1 0.79 0.474 0.008 0.011
1 0.81 0.435 0.007 0.013
1 0.758 0.457 0.008 0.018
1 0.753 0.502 0.009 0.016
1 0.741 0.501 0.008 0.017
1 0.745 0.472 0.01 0.018
1 0.79 0.431 0.008 0.013
1 0.8 0.429 0.006 0.014
1 0.783 0.44 0.006 0.016
1 0.755 0.427 0.006 0.013
1 0.752 0.477 0.007 0.013
1 0.75 0.42 0.005 0.009
1 0.728 0.469 0.01 0.018
1 0.731 0.506 0.008 0.017
1 0.708 0.5 0.008 0.017
1 0.715 0.477 0.009 0.018
1 0.719 0.419 0.007 0.011
1 0.724 0.575 0.014 0.018
1 0.708 0.583 0.012 0.018
1 0.662 0.67 0.014 0.023
1 0.656 0.652 0.01 0.02
1 0.65 0.631 0.015 0.024
1 0.673 0.594 0.017 0.028
1 0.685 0.574 0.014 0.02
1 0.647 0.542 0.013 0.021
1 0.624 0.525 0.011 0.018
1 0.684 0.557 0.009 0.014
1 0.683 0.51 0.009 0.011
1 0.839 0.74 0.019 0.028
1 0.785 0.683 0.016 0.038
1 0.758 0.696 0.018 0.028
1 0.844 0.654 0.014 0.027
1 0.658 0.75 0.018 0.031
1 0.675 0.643 0.012 0.024
1 0.61 0.641 0.012 0.026
1 0.646 0.678 0.009 0.02
1 0.803 0.538 0.007 0.014
1 0.913 0.589 0.014 0.02
1 0.762 0.646 0.014 0.027
1 0.656 0.597 0.012 0.02
1 0.594 0.531 0.014 0.021
1 0.61 0.576 0.015 0.024
1 0.607 0.614 0.013 0.021
1 0.626 0.711 0.016 0.021
1 0.61 0.697 0.008 0.023
1 0.542 0.685 0.015 0.043
1 0.556 0.612 0.015 0.023
1 0.581 0.57 0.012 0.021
1 0.561 0.553 0.009 0.016
1 0.547 0.573 0.012 0.024
1 0.498 0.58 0.015 0.024
1 0.528 0.619 0.013 0.021
1 0.683 0.484 0.009 0.01
1 0.671 0.484 0.01 0.016
1 0.657 0.481 0.011 0.016
1 0.681 0.458 0.009 0.013
1 0.682 0.441 0.006 0.01
1 0.705 0.431 0.006 0.01
1 0.667 0.432 0.007 0.011
1 0.659 0.452 0.009 0.014
1 0.639 0.464 0.011 0.013
1 0.627 0.476 0.008 0.014
1 0.613 0.468 0.01 0.016
1 0.598 0.473 0.013 0.017
1 0.574 0.483 0.012 0.02
1 0.566 0.472 0.009 0.013
1 0.589 0.463 0.008 0.014
1 0.582 0.439 0.007 0.014
1 0.548 0.477 0.009 0.016
1 0.537 0.478 0.01 0.016
1 0.555 0.451 0.009 0.01
1 0.566 0.448 0.008 0.01
1 0.579 0.43 0.006 0.01
1 0.608 0.446 0.008 0.014
1 0.655 0.433 0.005 0.014
1 0.542 0.436 0.007 0.014
1 0.533 0.44 0.008 0.014
1 0.528 0.477 0.008 0.014
1 0.519 0.477 0.011 0.018
1 0.517 0.435 0.005 0.011
1 0.49 0.404 0.009 0.018
1 0.507 0.454 0.009 0.016
1 0.5 0.471 0.009 0.018
1 0.491 0.477 0.011 0.02
1 0.472 0.467 0.01 0.013
1 0.439 0.487 0.01 0.017
1 0.443 0.475 0.009 0.013
1 0.528 0.455 0.01 0.013
1 0.451 0.442 0.007 0.01
1 0.409 0.43 0.005 0.011
1 0.425 0.47 0.007 0.011
1 0.421 0.489 0.01 0.016
1 0.408 0.474 0.009 0.016
1 0.388 0.479 0.008 0.017
1 0.398 0.486 0.007 0.011
1 0.497 0.605 0.008 0.014
1 0.489 0.619 0.015 0.023
1 0.467 0.663 0.014 0.017
1 0.455 0.648 0.012 0.024
1 0.463 0.616 0.017 0.026
1 0.478 0.582 0.011 0.027
1 0.44 0.62 0.016 0.027
1 0.427 0.601 0.013 0.023
1 0.447 0.594 0.01 0.017
1 0.461 0.596 0.016 0.021
1 0.409 0.532 0.01 0.018
1 0.482 0.483 0.008 0.017
1 0.378 0.462 0.008 0.013
1 0.394 0.458 0.005 0.01
1 0.367 0.453 0.009 0.017
1 0.349 0.439 0.008 0.014
1 0.367 0.481 0.01 0.018
1 0.357 0.484 0.01 0.017
1 0.4 0.467 0.009 0.013
1 0.621 0.493 0.009 0.017
1 0.634 0.438 0.009 0.013
1 0.365 0.587 0.008 0.013
1 0.349 0.548 0.008 0.017
1 0.324 0.498 0.01 0.024
1 0.555 0.577 0.009 0.017
1 0.309 0.555 0.009 0.016
1 0.283 0.563 0.01 0.016
1 0.319 0.467 0.007 0.01
1 0.288 0.491 0.01 0.02
1 0.299 0.474 0.009 0.017
1 0.306 0.472 0.009 0.018
1 0.306 0.42 0.005 0.011
1 0.27 0.384 0.007 0.011
1 0.182 0.479 0.011 0.017
1 0.155 0.516 0.012 0.02
1 0.137 0.491 0.009 0.02
1 0.144 0.48 0.01 0.017
1 0.139 0.46 0.012 0.018
1 0.124 0.472 0.012 0.02
1 0.154 0.434 0.007 0.01
1 0.116 0.457 0.008 0.011
1 0.11 0.479 0.009 0.014
1 0.104 0.494 0.011 0.021
1 0.153 0.452 0.01 0.016
1 0.092 0.435 0.007 0.014
1 0.083 0.473 0.01 0.017
1 0.082 0.526 0.015 0.026
1 0.091 0.518 0.011 0.02
1 0.081 0.503 0.011 0.017
1 0.05 0.489 0.009 0.013
1 0.052 0.457 0.01 0.011
1 0.038 0.455 0.005 0.01
1 0.002 0.425 0.005 0.014
1 0.004 0.472 0.008 0.013
1 0.013 0.477 0.009 0.014
1 0.015 0.518 0.014 0.026
1 0.039 0.541 0.013 0.02
1 0.004 0.534 0.009 0.023
1 0.109 0.45 0.01 0.014
1 0.675 0.413 0.006 0.011
1 0.716 0.457 0.009 0.014
1 0.739 0.451 0.009 0.013
1 0.727 0.449 0.009 0.014
1 0.993 0.636 0.015 0.03
1 0.766 0.542 0.01 0.016
1 0.354 0.528 0.009 0.017
1 0.329 0.496 0.006 0.01
1 0.302 0.438 0.006 0.013
1 0.294 0.442 0.008 0.016
1 0.294 0.457 0.009 0.014
1 0.33 0.443 0.009 0.014
1 0.169 0.559 0.006 0.016
1 0.115 0.548 0.008 0.013
1 0.136 0.562 0.007 0.013
1 0.785 0.734 0.013 0.026
1 0.699 0.469 0.007 0.016
1 0.693 0.442 0.008 0.014
1 0.912 0.646 0.014 0.024
1 0.432 0.447 0.008 0.018
1 0.454 0.478 0.009 0.016
1 0.507 0.57 0.009 0.02
1 0.373 0.61 0.019 0.027
1 0.478 0.484 0.009 0.02
