1 0.014 0.53 0.016 0.019
1 0.004 0.502 0.008 0.016
1 0.04 0.447 0.007 0.009
1 0.015 0.409 0.008 0.013
1 0.024 0.393 0.004 0.008
1 0.113 0.536 0.014 0.023
1 0.114 0.481 0.007 0.016
1 0.104 0.442 0.006 0.009
1 0.129 0.461 0.004 0.009
1 0.132 0.398 0.004 0.008
1 0.2 0.404 0.005 0.009
1 0.184 0.404 0.005 0.006
1 0.226 0.405 0.005 0.01
1 0.262 0.423 0.019 0.035
1 0.308 0.418 0.018 0.032
1 0.344 0.444 0.014 0.03
1 0.286 0.652 0.025 0.04
1 0.335 0.661 0.014 0.043
1 0.428 0.638 0.02 0.031
1 0.161 0.51 0.012 0.021
1 0.2 0.477 0.006 0.012
1 0.226 0.495 0.011 0.016
1 0.425 0.42 0.005 0.01
1 0.416 0.42 0.007 0.006
1 0.425 0.486 0.007 0.01
1 0.427 0.473 0.008 0.01
1 0.986 0.706 0.021 0.038
1 0.928 0.46 0.011 0.018
1 0.925 0.462 0.008 0.014
1 0.877 0.454 0.006 0.01
1 0.95 0.576 0.01 0.013
1 0.989 0.459 0.005 0.008
1 0.996 0.47 0.005 0.009
1 0.838 0.449 0.006 0.012
1 0.798 0.523 0.008 0.013
1 0.81 0.456 0.008 0.017
1 0.802 0.477 0.005 0.008
1 0.742 0.475 0.012 0.021
1 0.73 0.517 0.007 0.009
1 0.688 0.527 0.006 0.01
1 0.487 0.521 0.01 0.019
1 0.646 0.46 0.004 0.008
1 0.101 0.388 0.003 0.006
1 0.104 0.395 0.003 0.006
1 0.157 0.395 0.002 0.004
1 0.608 0.42 0.002 0.006
