1 0.192 0.637 0.018 0.031
1 0.238 0.664 0.021 0.032
1 0.252 0.647 0.018 0.025
1 0.292 0.619 0.009 0.016
1 0.311 0.644 0.012 0.021
1 0.324 0.674 0.017 0.031
1 0.376 0.607 0.009 0.016
1 0.444 0.637 0.012 0.021
1 0.469 0.645 0.018 0.028
1 0.873 0.696 0.021 0.035
1 0.86 0.685 0.018 0.023
1 0.653 0.653 0.016 0.025
1 0.659 0.614 0.01 0.017
1 0.611 0.691 0.02 0.039
1 0.487 0.613 0.007 0.012
1 0.458 0.606 0.006 0.012
1 0.561 0.651 0.008 0.017
1 0.599 0.625 0.009 0.017
1 0.583 0.6 0.006 0.013
1 0.577 0.599 0.009 0.013
1 0.562 0.622 0.008 0.013
1 0.053 0.867 0.029 0.048
