1 0.053 0.051 0.021 0.028
1 0.104 0.057 0.019 0.021
1 0.126 0.063 0.017 0.019
1 0.287 0.075 0.02 0.023
1 0.206 0.062 0.019 0.028
1 0.444 0.051 0.013 0.013
1 0.536 0.094 0.031 0.037
1 0.626 0.07 0.08 0.128
1 0.579 0.039 0.029 0.025
1 0.683 0.039 0.006 0.007
1 0.7 0.049 0.021 0.025
1 0.805 0.061 0.024 0.03
1 0.072 0.214 0.023 0.023
1 0.168 0.21 0.007 0.011
1 0.171 0.257 0.009 0.013
1 0.193 0.263 0.01 0.012
1 0.227 0.262 0.01 0.014
1 0.25 0.261 0.009 0.012
1 0.274 0.261 0.01 0.011
1 0.296 0.269 0.011 0.012
1 0.37 0.208 0.011 0.02
1 0.319 0.203 0.006 0.01
1 0.308 0.218 0.011 0.011
1 0.318 0.221 0.01 0.016
1 0.286 0.215 0.009 0.011
1 0.263 0.216 0.009 0.009
1 0.254 0.215 0.01 0.009
1 0.232 0.217 0.01 0.012
1 0.205 0.217 0.01 0.009
1 0.402 0.218 0.012 0.014
1 0.436 0.221 0.013 0.01
1 0.46 0.209 0.01 0.017
1 0.494 0.209 0.01 0.02
1 0.581 0.293 0.077 0.078
1 0.769 0.255 0.069 0.09
1 0.944 0.273 0.071 0.11
1 0.381 0.359 0.02 0.03
1 0.461 0.359 0.012 0.018
1 0.568 0.355 0.015 0.023
1 0.737 0.389 0.037 0.052
1 0.917 0.4 0.021 0.03
1 0.896 0.36 0.016 0.017
1 0.922 0.552 0.033 0.039
1 0.843 0.59 0.021 0.026
1 0.729 0.558 0.029 0.043
1 0.554 0.538 0.008 0.008
1 0.634 0.547 0.008 0.007
1 0.418 0.549 0.01 0.012
1 0.459 0.595 0.008 0.008
1 0.489 0.594 0.006 0.008
1 0.398 0.597 0.009 0.01
1 0.359 0.602 0.01 0.008
1 0.373 0.607 0.007 0.008
1 0.341 0.601 0.006 0.007
1 0.272 0.531 0.015 0.019
1 0.093 0.522 0.014 0.018
1 0.034 0.723 0.021 0.03
1 0.121 0.713 0.023 0.032
1 0.153 0.729 0.019 0.017
1 0.247 0.71 0.015 0.017
1 0.424 0.696 0.021 0.023
1 0.489 0.715 0.018 0.021
1 0.338 0.692 0.012 0.02
1 0.889 0.874 0.009 0.012
1 0.959 0.922 0.007 0.008
1 0.843 0.902 0.009 0.01
1 0.525 0.85 0.007 0.009
1 0.429 0.873 0.018 0.014
1 0.175 0.89 0.009 0.008
