1 0.031 0.609 0.019 0.039
1 0.053 0.647 0.024 0.039
1 0.026 0.678 0.017 0.038
1 0.094 0.607 0.021 0.038
1 0.199 0.648 0.026 0.04
1 0.259 0.686 0.024 0.034
1 0.368 0.76 0.018 0.027
1 0.332 0.626 0.01 0.017
1 0.253 0.632 0.01 0.018
1 0.396 0.623 0.011 0.014
1 0.678 0.62 0.012 0.018
1 0.502 0.618 0.012 0.014
1 0.535 0.907 0.021 0.03
1 0.475 0.633 0.008 0.014
1 0.73 0.655 0.016 0.021
1 0.894 0.776 0.022 0.07
1 0.93 0.807 0.017 0.035
1 0.766 0.896 0.043 0.081
1 0.718 0.607 0.011 0.014
1 0.91 0.611 0.01 0.012
1 0.927 0.699 0.014 0.02
1 0.786 0.701 0.021 0.027
1 0.862 0.6 0.009 0.016
1 0.77 0.585 0.008 0.014
1 0.538 0.713 0.014 0.017
1 0.525 0.618 0.006 0.01
1 0.423 0.639 0.01 0.014
1 0.628 0.74 0.016 0.017
1 0.413 0.765 0.011 0.022
1 0.303 0.589 0.007 0.01
1 0.166 0.639 0.017 0.035
1 0.459 0.889 0.014 0.03
1 0.604 0.596 0.008 0.016
1 0.011 0.632 0.022 0.031
1 0.225 0.579 0.008 0.01
1 0.184 0.581 0.007 0.009
1 0.457 0.618 0.007 0.01
1 0.571 0.573 0.007 0.01
1 0.586 0.751 0.017 0.021
1 0.884 0.599 0.011 0.018
