1 0.062 0.295 0.008 0.01
1 0.141 0.281 0.006 0.012
1 0.417 0.42 0.007 0.015
1 0.903 0.409 0.016 0.037
1 0.969 0.418 0.02 0.04
1 0.864 0.494 0.01 0.019
1 0.873 0.517 0.01 0.015
1 0.798 0.458 0.007 0.013
1 0.801 0.486 0.008 0.018
1 0.041 0.287 0.007 0.012
1 0.235 0.331 0.004 0.007
1 0.228 0.333 0.005 0.01
1 0.312 0.321 0.007 0.013
1 0.807 0.413 0.005 0.012
1 0.814 0.478 0.006 0.013
1 0.76 0.478 0.005 0.01
1 0.772 0.487 0.007 0.012
1 0.793 0.486 0.006 0.012
1 0.861 0.511 0.007 0.009
1 0.865 0.535 0.008 0.015
1 0.871 0.553 0.007 0.012
1 0.859 0.528 0.007 0.013
1 0.828 0.505 0.009 0.015
