1 0.357 0.132 0.008 0.018
1 0.376 0.141 0.006 0.015
1 0.429 0.136 0.007 0.015
1 0.468 0.135 0.006 0.016
1 0.49 0.135 0.007 0.019
1 0.446 0.137 0.006 0.016
1 0.534 0.146 0.008 0.016
1 0.599 0.137 0.009 0.016
1 0.637 0.154 0.009 0.018
1 0.663 0.14 0.005 0.013
1 0.704 0.142 0.006 0.012
1 0.74 0.141 0.005 0.015
1 0.784 0.132 0.007 0.018
1 0.877 0.15 0.005 0.013
1 0.903 0.143 0.009 0.018
1 0.086 0.156 0.008 0.016
1 0.037 0.209 0.03 0.051
1 0.095 0.2 0.02 0.037
1 0.15 0.294 0.028 0.063
1 0.205 0.29 0.015 0.035
1 0.293 0.412 0.017 0.048
1 0.429 0.453 0.018 0.025
1 0.554 0.526 0.008 0.016
1 0.583 0.513 0.007 0.013
1 0.587 0.55 0.006 0.01
1 0.638 0.545 0.005 0.013
1 0.685 0.547 0.005 0.013
1 0.808 0.778 0.008 0.022
1 0.793 0.867 0.014 0.029
1 0.893 0.519 0.007 0.013
1 0.847 0.515 0.006 0.012
1 0.852 0.559 0.008 0.015
1 0.86 0.581 0.004 0.015
1 0.88 0.643 0.009 0.018
1 0.971 0.567 0.007 0.013
1 0.984 0.586 0.008 0.015
1 0.969 0.606 0.007 0.015
1 0.636 0.613 0.019 0.04
1 0.569 0.687 0.018 0.042
1 0.784 0.682 0.007 0.019
1 0.759 0.593 0.006 0.012
1 0.721 0.588 0.006 0.013
1 0.912 0.814 0.012 0.023
1 0.909 0.866 0.017 0.031
1 0.961 0.138 0.009 0.013
1 0.991 0.143 0.006 0.013
1 0.528 0.522 0.004 0.01
1 0.521 0.632 0.012 0.034
1 0.188 0.137 0.008 0.013
1 0.258 0.127 0.008 0.019
1 0.607 0.145 0.006 0.012
1 0.766 0.54 0.005 0.01
1 0.782 0.56 0.004 0.01
1 0.811 0.613 0.006 0.012
