1 0.111 0.116 0.032 0.056
1 0.227 0.239 0.06 0.134
1 0.093 0.303 0.078 0.175
1 0.14 0.811 0.103 0.198
1 0.689 0.13 0.049 0.094
1 0.724 0.339 0.06 0.193
1 0.829 0.345 0.034 0.132
1 0.68 0.297 0.046 0.142
1 0.591 0.159 0.033 0.089
1 0.088 0.588 0.051 0.186
1 0.146 0.094 0.027 0.059
1 0.535 0.485 0.079 0.148
1 0.807 0.216 0.038 0.099
1 0.939 0.18 0.025 0.075
1 0.347 0.066 0.02 0.038
1 0.219 0.062 0.017 0.035
1 0.183 0.619 0.073 0.116
1 0.851 0.388 0.032 0.113
1 0.245 0.093 0.019 0.057
1 0.552 0.282 0.049 0.148
