1 0.089 0.372 0.096 0.072
1 0.746 0.529 0.116 0.077
1 0.657 0.455 0.062 0.061
1 0.946 0.658 0.107 0.112
1 0.865 0.425 0.107 0.075
1 0.972 0.508 0.056 0.068
1 0.961 0.348 0.071 0.068
1 0.852 0.295 0.057 0.049
1 0.13 0.333 0.072 0.058
1 0.23 0.247 0.061 0.051
1 0.404 0.241 0.166 0.128
1 0.73 0.262 0.067 0.062
1 0.804 0.199 0.064 0.053
1 0.948 0.205 0.057 0.048
1 0.983 0.153 0.034 0.047
1 0.955 0.093 0.042 0.034
1 0.561 0.147 0.049 0.044
1 0.751 0.122 0.047 0.037
1 0.207 0.112 0.041 0.032
1 0.545 0.054 0.036 0.028
1 0.593 0.236 0.046 0.036
1 0.65 0.113 0.032 0.029
1 0.69 0.051 0.038 0.029
1 0.849 0.058 0.035 0.027
1 0.915 0.077 0.033 0.029
1 0.171 0.077 0.034 0.022
1 0.241 0.041 0.03 0.026
1 0.505 0.093 0.025 0.027
1 0.447 0.086 0.021 0.018
1 0.152 0.201 0.035 0.029
1 0.743 0.038 0.032 0.022
1 0.959 0.045 0.036 0.032
1 0.267 0.087 0.027 0.029
1 0.164 0.045 0.046 0.029
1 0.308 0.039 0.032 0.021
1 0.357 0.046 0.027 0.021
1 0.01 0.623 0.021 0.099
