1 0.956 0.246 0.057 0.053
1 0.826 0.257 0.068 0.048
1 0.615 0.523 0.144 0.105
1 0.422 0.482 0.1 0.104
1 0.31 0.421 0.099 0.057
1 0.182 0.4 0.066 0.053
1 0.348 0.287 0.041 0.031
1 0.482 0.294 0.047 0.038
1 0.098 0.289 0.051 0.052
1 0.14 0.245 0.027 0.026
1 0.173 0.214 0.021 0.016
1 0.761 0.262 0.022 0.02
1 0.875 0.255 0.025 0.025
1 0.587 0.251 0.016 0.02
1 0.756 0.199 0.011 0.011
1 0.686 0.159 0.009 0.007
1 0.729 0.146 0.012 0.009
1 0.699 0.143 0.011 0.009
1 0.63 0.158 0.01 0.007
1 0.604 0.201 0.014 0.012
1 0.553 0.258 0.013 0.012
1 0.524 0.232 0.016 0.015
1 0.338 0.228 0.018 0.018
1 0.415 0.197 0.009 0.01
1 0.418 0.172 0.011 0.01
1 0.394 0.172 0.008 0.008
1 0.463 0.179 0.011 0.01
1 0.465 0.25 0.015 0.012
1 0.501 0.249 0.013 0.011
1 0.494 0.232 0.012 0.011
1 0.447 0.232 0.01 0.011
1 0.44 0.229 0.009 0.012
1 0.406 0.227 0.011 0.011
1 0.456 0.199 0.012 0.012
1 0.387 0.197 0.01 0.011
1 0.353 0.2 0.01 0.01
1 0.467 0.224 0.01 0.007
1 0.479 0.146 0.01 0.01
1 0.211 0.149 0.011 0.01
1 0.219 0.127 0.013 0.009
1 0.313 0.119 0.011 0.01
1 0.355 0.114 0.01 0.009
1 0.253 0.102 0.009 0.006
1 0.279 0.098 0.012 0.008
1 0.241 0.093 0.011 0.01
1 0.156 0.093 0.012 0.008
1 0.195 0.187 0.014 0.012
1 0.176 0.15 0.011 0.008
1 0.578 0.239 0.01 0.011
1 0.562 0.23 0.009 0.008
1 0.493 0.185 0.009 0.009
1 0.571 0.199 0.008 0.008
1 0.505 0.147 0.007 0.006
1 0.515 0.132 0.008 0.007
1 0.471 0.165 0.006 0.006
1 0.511 0.167 0.006 0.007
1 0.539 0.167 0.005 0.007
1 0.605 0.141 0.008 0.007
1 0.627 0.141 0.009 0.007
1 0.667 0.143 0.009 0.007
1 0.717 0.169 0.012 0.007
1 0.792 0.198 0.011 0.008
1 0.703 0.216 0.009 0.007
1 0.621 0.228 0.009 0.007
1 0.412 0.146 0.01 0.007
1 0.336 0.175 0.011 0.009
1 0.361 0.156 0.008 0.008
1 0.398 0.131 0.008 0.008
1 0.399 0.142 0.008 0.007
1 0.408 0.125 0.005 0.006
1 0.386 0.107 0.009 0.01
1 0.353 0.104 0.009 0.006
1 0.329 0.102 0.009 0.007
1 0.396 0.094 0.008 0.007
1 0.429 0.107 0.009 0.008
1 0.367 0.139 0.008 0.009
1 0.315 0.258 0.029 0.022
1 0.423 0.257 0.021 0.019
1 0.4 0.248 0.02 0.023
1 0.987 0.387 0.026 0.072
1 0.646 0.326 0.039 0.038
1 0.688 0.283 0.017 0.015
1 0.686 0.246 0.011 0.013
1 0.619 0.246 0.016 0.012
1 0.718 0.195 0.011 0.008
1 0.687 0.194 0.009 0.01
1 0.637 0.227 0.012 0.01
1 0.885 0.223 0.011 0.01
1 0.35 0.125 0.009 0.007
1 0.479 0.114 0.006 0.007
1 0.472 0.129 0.009 0.007
1 0.444 0.134 0.007 0.006
1 0.333 0.157 0.011 0.01
1 0.277 0.136 0.01 0.01
1 0.284 0.116 0.008 0.008
1 0.241 0.121 0.01 0.007
1 0.254 0.119 0.01 0.007
1 0.301 0.191 0.013 0.012
1 0.314 0.224 0.013 0.01
1 0.396 0.223 0.01 0.013
1 0.413 0.207 0.01 0.008
1 0.396 0.105 0.006 0.007
1 0.418 0.133 0.009 0.01
1 0.444 0.158 0.011 0.009
1 0.44 0.189 0.009 0.01
1 0.491 0.165 0.008 0.008
1 0.278 0.168 0.036 0.033
1 0.209 0.118 0.007 0.01
1 0.246 0.142 0.014 0.011
1 0.188 0.131 0.012 0.009
1 0.188 0.116 0.011 0.008
1 0.255 0.083 0.008 0.009
1 0.309 0.084 0.008 0.009
1 0.33 0.087 0.012 0.009
1 0.351 0.077 0.012 0.007
1 0.372 0.094 0.008 0.009
1 0.419 0.096 0.009 0.009
1 0.201 0.078 0.01 0.007
1 0.177 0.081 0.012 0.013
1 0.02 0.228 0.017 0.014
1 0.039 0.221 0.013 0.014
1 0.057 0.242 0.024 0.018
1 0.106 0.214 0.014 0.013
1 0.161 0.224 0.016 0.015
1 0.194 0.262 0.021 0.026
1 0.084 0.191 0.013 0.012
1 0.061 0.191 0.013 0.012
1 0.078 0.165 0.013 0.012
1 0.044 0.163 0.012 0.012
1 0.015 0.149 0.012 0.012
1 0.113 0.145 0.013 0.01
1 0.146 0.131 0.01 0.01
1 0.08 0.116 0.009 0.01
1 0.058 0.089 0.01 0.01
1 0.104 0.093 0.01 0.009
1 0.13 0.075 0.012 0.01
1 0.038 0.114 0.01 0.008
1 0.095 0.244 0.012 0.015
1 0.104 0.067 0.009 0.007
1 0.081 0.053 0.008 0.006
1 0.114 0.058 0.01 0.006
1 0.174 0.045 0.005 0.006
1 0.192 0.043 0.008 0.006
1 0.027 0.068 0.01 0.007
1 0.021 0.05 0.012 0.01
1 0.044 0.05 0.009 0.008
1 0.034 0.045 0.008 0.008
1 0.056 0.044 0.009 0.007
1 0.09 0.046 0.009 0.007
1 0.141 0.104 0.008 0.011
1 0.12 0.11 0.01 0.011
1 0.222 0.096 0.008 0.009
1 0.231 0.079 0.009 0.012
1 0.224 0.069 0.01 0.009
1 0.254 0.051 0.011 0.01
1 0.234 0.038 0.015 0.014
1 0.291 0.052 0.007 0.005
1 0.312 0.057 0.008 0.007
1 0.453 0.097 0.006 0.006
1 0.401 0.064 0.007 0.007
1 0.429 0.079 0.008 0.007
1 0.378 0.074 0.006 0.007
1 0.414 0.083 0.006 0.008
1 0.387 0.068 0.007 0.008
1 0.334 0.071 0.01 0.008
1 0.611 0.122 0.01 0.007
1 0.693 0.107 0.009 0.007
1 0.591 0.124 0.005 0.006
1 0.654 0.116 0.008 0.007
1 0.587 0.098 0.007 0.006
1 0.624 0.097 0.007 0.006
1 0.646 0.088 0.01 0.007
1 0.662 0.082 0.008 0.007
1 0.528 0.085 0.007 0.007
1 0.52 0.079 0.007 0.006
1 0.936 0.167 0.008 0.007
1 0.962 0.147 0.007 0.005
1 0.976 0.133 0.006 0.006
1 0.978 0.179 0.008 0.007
1 0.918 0.128 0.006 0.005
1 0.94 0.13 0.008 0.006
1 0.969 0.115 0.009 0.007
1 0.989 0.153 0.007 0.007
1 0.99 0.129 0.009 0.007
1 0.928 0.143 0.01 0.007
1 0.908 0.12 0.011 0.008
1 0.934 0.123 0.012 0.008
1 0.945 0.116 0.011 0.009
1 0.979 0.114 0.008 0.01
1 0.993 0.099 0.01 0.007
1 0.994 0.071 0.008 0.007
1 0.917 0.076 0.011 0.007
1 0.975 0.068 0.01 0.007
1 0.952 0.082 0.008 0.008
1 0.888 0.085 0.008 0.007
1 0.878 0.072 0.008 0.009
1 0.89 0.067 0.009 0.01
1 0.904 0.065 0.009 0.006
1 0.942 0.086 0.01 0.009
1 0.91 0.09 0.01 0.01
1 0.932 0.106 0.009 0.007
1 0.922 0.064 0.008 0.009
1 0.848 0.048 0.012 0.01
1 0.877 0.031 0.01 0.009
1 0.868 0.05 0.011 0.007
1 0.858 0.06 0.011 0.009
1 0.928 0.04 0.012 0.008
1 0.974 0.052 0.01 0.009
1 0.953 0.017 0.007 0.008
1 0.944 0.011 0.009 0.01
1 0.932 0.023 0.012 0.009
1 0.915 0.031 0.009 0.008
1 0.85 0.031 0.01 0.006
1 0.872 0.009 0.007 0.006
1 0.852 0.007 0.008 0.005
1 0.838 0.01 0.007 0.006
1 0.832 0.017 0.008 0.006
1 0.834 0.025 0.01 0.007
1 0.811 0.015 0.008 0.005
1 0.817 0.005 0.009 0.005
1 0.799 0.005 0.008 0.007
1 0.95 0.057 0.01 0.01
1 0.885 0.036 0.009 0.01
1 0.969 0.038 0.008 0.007
1 0.945 0.029 0.01 0.01
1 0.965 0.015 0.009 0.012
1 0.989 0.037 0.008 0.007
1 0.978 0.015 0.012 0.011
1 0.901 0.016 0.011 0.011
1 0.87 0.021 0.013 0.007
1 0.85 0.017 0.011 0.008
1 0.898 0.041 0.011 0.008
1 0.911 0.044 0.009 0.009
1 0.911 0.025 0.01 0.011
1 0.755 0.062 0.01 0.008
1 0.702 0.062 0.01 0.008
1 0.714 0.04 0.013 0.011
1 0.731 0.042 0.01 0.01
1 0.738 0.023 0.011 0.012
1 0.675 0.013 0.008 0.005
1 0.638 0.025 0.01 0.007
1 0.681 0.047 0.009 0.007
1 0.657 0.039 0.009 0.008
1 0.676 0.038 0.01 0.008
1 0.636 0.061 0.009 0.011
1 0.602 0.063 0.013 0.011
1 0.624 0.056 0.011 0.007
1 0.616 0.041 0.01 0.007
1 0.607 0.027 0.008 0.007
1 0.606 0.018 0.008 0.006
1 0.621 0.025 0.007 0.007
1 0.631 0.014 0.008 0.007
1 0.765 0.058 0.009 0.009
1 0.775 0.064 0.01 0.009
1 0.667 0.061 0.008 0.007
1 0.659 0.071 0.008 0.007
1 0.682 0.061 0.009 0.01
1 0.7 0.015 0.011 0.01
1 0.687 0.029 0.009 0.006
1 0.693 0.037 0.01 0.007
1 0.713 0.02 0.008 0.009
1 0.653 0.005 0.011 0.007
1 0.432 0.018 0.008 0.006
1 0.447 0.016 0.011 0.007
1 0.484 0.031 0.01 0.006
1 0.5 0.034 0.009 0.007
1 0.535 0.056 0.009 0.008
1 0.525 0.043 0.009 0.007
1 0.537 0.071 0.013 0.009
1 0.574 0.07 0.011 0.01
1 0.55 0.089 0.01 0.012
1 0.581 0.049 0.011 0.011
1 0.55 0.045 0.011 0.01
1 0.587 0.036 0.011 0.01
1 0.58 0.018 0.01 0.007
1 0.562 0.017 0.01 0.011
1 0.541 0.015 0.01 0.007
1 0.477 0.047 0.012 0.009
1 0.45 0.031 0.009 0.007
1 0.492 0.007 0.009 0.009
1 0.475 0.01 0.011 0.007
1 0.427 0.006 0.006 0.004
1 0.492 0.018 0.009 0.007
1 0.501 0.017 0.008 0.007
1 0.475 0.018 0.01 0.007
1 0.415 0.008 0.01 0.008
1 0.404 0.049 0.008 0.007
1 0.373 0.051 0.01 0.007
1 0.378 0.028 0.008 0.006
1 0.361 0.024 0.008 0.007
1 0.353 0.034 0.009 0.007
1 0.324 0.024 0.009 0.009
1 0.341 0.025 0.008 0.008
1 0.348 0.016 0.011 0.008
1 0.319 0.005 0.006 0.007
1 0.337 0.037 0.009 0.006
1 0.322 0.04 0.01 0.007
1 0.269 0.031 0.01 0.009
1 0.224 0.023 0.016 0.009
1 0.206 0.036 0.012 0.01
1 0.248 0.011 0.012 0.009
1 0.299 0.012 0.01 0.008
1 0.267 0.018 0.012 0.009
1 0.311 0.042 0.01 0.008
1 0.22 0.045 0.01 0.008
1 0.236 0.014 0.009 0.008
1 0.262 0.009 0.009 0.007
1 0.27 0.009 0.011 0.009
1 0.284 0.01 0.009 0.009
1 0.191 0.027 0.01 0.007
1 0.146 0.023 0.01 0.007
1 0.162 0.014 0.009 0.01
1 0.118 0.039 0.011 0.01
1 0.107 0.029 0.012 0.009
1 0.082 0.02 0.01 0.01
1 0.009 0.015 0.011 0.008
1 0.055 0.016 0.008 0.007
1 0.014 0.028 0.011 0.01
1 0.015 0.072 0.01 0.01
1 0.035 0.085 0.016 0.01
1 0.166 0.03 0.012 0.01
1 0.003 0.071 0.007 0.01
1 0.052 0.031 0.013 0.007
1 0.069 0.04 0.01 0.008
1 0.123 0.011 0.009 0.007
1 0.105 0.005 0.012 0.01
1 0.141 0.163 0.013 0.012
1 0.663 0.265 0.024 0.024
