1 0.025 0.277 0.016 0.027
1 0.076 0.298 0.032 0.046
1 0.12 0.311 0.017 0.026
1 0.163 0.255 0.019 0.025
1 0.184 0.283 0.015 0.027
1 0.275 0.273 0.013 0.025
1 0.363 0.287 0.024 0.04
1 0.331 0.381 0.018 0.035
1 0.388 0.275 0.014 0.023
1 0.143 0.249 0.015 0.018
1 0.441 0.378 0.023 0.038
1 0.543 0.32 0.038 0.078
1 0.528 0.339 0.02 0.038
1 0.493 0.273 0.01 0.017
1 0.65 0.328 0.01 0.018
1 0.905 0.343 0.027 0.04
1 0.961 0.299 0.02 0.029
1 0.747 0.29 0.007 0.017
1 0.691 0.336 0.019 0.029
1 0.726 0.341 0.011 0.018
1 0.773 0.313 0.018 0.025
1 0.818 0.372 0.027 0.034
1 0.694 0.281 0.015 0.022
1 0.643 0.28 0.005 0.01
1 0.863 0.333 0.021 0.031
1 0.921 0.288 0.005 0.009
