1 0.945 0.123 0.044 0.102
1 0.884 0.124 0.043 0.097
1 0.803 0.106 0.047 0.085
1 0.955 0.535 0.072 0.138
1 0.847 0.341 0.058 0.13
1 0.78 0.389 0.047 0.097
1 0.738 0.471 0.053 0.116
1 0.991 0.663 0.018 0.155
1 0.735 0.832 0.084 0.187
1 0.685 0.651 0.078 0.152
1 0.831 0.655 0.066 0.138
1 0.646 0.504 0.074 0.131
1 0.474 0.547 0.088 0.169
1 0.769 0.088 0.039 0.086
1 0.498 0.109 0.059 0.104
1 0.578 0.224 0.042 0.092
1 0.646 0.111 0.037 0.09
1 0.467 0.314 0.047 0.104
1 0.28 0.206 0.064 0.128
1 0.541 0.863 0.099 0.192
1 0.833 0.022 0.036 0.045
1 0.55 0.036 0.046 0.073
1 0.05 0.128 0.07 0.124
1 0.282 0.521 0.088 0.181
1 0.693 0.386 0.043 0.098
1 0.724 0.027 0.043 0.05
1 0.336 0.074 0.043 0.1
1 0.198 0.142 0.05 0.102
1 0.428 0.404 0.071 0.135
1 0.952 0.058 0.039 0.067
1 0.889 0.022 0.01 0.022
1 0.898 0.033 0.01 0.024
1 0.968 0.225 0.035 0.088
1 0.983 0.236 0.033 0.102
