1 0.296 0.579 0.045 0.061
1 0.153 0.626 0.039 0.074
1 0.13 0.501 0.019 0.025
1 0.165 0.499 0.02 0.032
1 0.275 0.476 0.018 0.028
1 0.06 0.525 0.034 0.056
1 0.853 0.605 0.039 0.061
1 0.945 0.615 0.036 0.072
1 0.97 0.486 0.018 0.026
1 0.986 0.476 0.012 0.02
1 0.983 0.467 0.016 0.021
1 0.907 0.496 0.022 0.027
1 0.879 0.446 0.01 0.012
1 0.741 0.555 0.027 0.038
1 0.693 0.584 0.045 0.064
1 0.794 0.468 0.014 0.021
1 0.687 0.473 0.014 0.021
1 0.845 0.459 0.012 0.02
1 0.565 0.604 0.039 0.057
1 0.56 0.472 0.016 0.026
1 0.487 0.556 0.029 0.041
1 0.427 0.613 0.04 0.072
1 0.371 0.553 0.026 0.047
1 0.368 0.441 0.009 0.016
1 0.491 0.443 0.008 0.012
1 0.44 0.459 0.016 0.021
1 0.216 0.447 0.007 0.011
1 0.172 0.419 0.008 0.014
1 0.262 0.536 0.028 0.045
1 0.133 0.454 0.013 0.024
1 0.058 0.455 0.015 0.026
1 0.036 0.442 0.011 0.015
1 0.694 0.447 0.007 0.012
1 0.905 0.558 0.021 0.04
1 0.663 0.449 0.009 0.012
1 0.057 0.425 0.011 0.016
1 0.02 0.425 0.013 0.02
