1 0.063 0.482 0.027 0.052
1 0.167 0.507 0.025 0.045
1 0.259 0.478 0.024 0.047
1 0.343 0.515 0.022 0.035
1 0.389 0.463 0.022 0.044
1 0.459 0.445 0.021 0.04
1 0.513 0.477 0.024 0.045
1 0.588 0.527 0.021 0.039
1 0.665 0.517 0.027 0.048
1 0.784 0.455 0.033 0.06
1 0.713 0.479 0.014 0.024
1 0.948 0.444 0.069 0.104
1 0.234 0.507 0.018 0.037
1 0.33 0.501 0.017 0.037
1 0.318 0.502 0.011 0.031
1 0.297 0.488 0.011 0.021
1 0.365 0.484 0.015 0.035
1 0.829 0.508 0.018 0.045
1 0.684 0.485 0.015 0.027
1 0.644 0.492 0.012 0.037
1 0.617 0.489 0.013 0.024
1 0.542 0.503 0.019 0.035
1 0.533 0.473 0.012 0.019
1 0.497 0.497 0.017 0.024
1 0.44 0.477 0.016 0.025
1 0.145 0.522 0.017 0.02
