1 0.765 0.124 0.047 0.077
1 0.526 0.4 0.03 0.045
1 0.409 0.54 0.017 0.036
1 0.351 0.589 0.019 0.03
1 0.3 0.674 0.012 0.024
1 0.279 0.699 0.015 0.027
1 0.253 0.718 0.011 0.022
1 0.217 0.751 0.01 0.021
1 0.173 0.792 0.009 0.019
1 0.046 0.779 0.011 0.022
1 0.008 0.781 0.01 0.022
1 0.079 0.878 0.005 0.012
1 0.18 0.874 0.002 0.004
1 0.966 0.768 0.009 0.015
1 0.924 0.798 0.006 0.013
1 0.895 0.804 0.007 0.012
1 0.953 0.792 0.008 0.016
1 0.692 0.842 0.005 0.012
1 0.704 0.848 0.006 0.015
1 0.761 0.831 0.006 0.013
1 0.747 0.833 0.006 0.012
1 0.62 0.855 0.005 0.01
1 0.542 0.848 0.005 0.012
