1 0.97 0.825 0.02 0.031
1 0.935 0.819 0.017 0.027
1 0.915 0.774 0.016 0.028
1 0.913 0.828 0.016 0.028
1 0.871 0.812 0.017 0.03
1 0.934 0.734 0.014 0.024
1 0.866 0.73 0.016 0.024
1 0.971 0.658 0.017 0.024
1 0.914 0.659 0.014 0.025
1 0.879 0.656 0.014 0.023
1 0.923 0.556 0.022 0.037
1 0.954 0.549 0.006 0.01
1 0.866 0.549 0.007 0.013
1 0.84 0.606 0.016 0.027
1 0.837 0.707 0.013 0.027
1 0.904 0.705 0.012 0.027
1 0.794 0.723 0.015 0.027
1 0.784 0.685 0.013 0.025
1 0.744 0.787 0.015 0.031
1 0.78 0.774 0.014 0.027
1 0.695 0.782 0.018 0.03
1 0.661 0.882 0.016 0.031
1 0.666 0.818 0.018 0.031
1 0.62 0.81 0.018 0.031
1 0.653 0.751 0.017 0.03
1 0.597 0.752 0.017 0.03
1 0.582 0.802 0.018 0.035
1 0.801 0.55 0.007 0.014
1 0.765 0.547 0.008 0.013
1 0.675 0.627 0.015 0.03
1 0.921 0.459 0.006 0.013
1 0.541 0.755 0.017 0.025
1 0.552 0.822 0.016 0.027
1 0.545 0.719 0.014 0.021
1 0.507 0.698 0.014 0.028
1 0.498 0.789 0.014 0.03
1 0.552 0.606 0.016 0.027
1 0.6 0.611 0.017 0.025
1 0.635 0.535 0.006 0.01
1 0.519 0.601 0.017 0.031
1 0.464 0.615 0.019 0.031
1 0.502 0.529 0.007 0.014
1 0.427 0.525 0.011 0.017
1 0.441 0.781 0.016 0.03
1 0.438 0.728 0.016 0.024
1 0.382 0.817 0.015 0.03
1 0.351 0.805 0.021 0.017
1 0.338 0.755 0.015 0.031
1 0.319 0.76 0.014 0.028
1 0.292 0.722 0.016 0.028
1 0.181 0.684 0.016 0.028
1 0.216 0.688 0.017 0.024
1 0.205 0.77 0.017 0.023
1 0.168 0.756 0.015 0.028
1 0.22 0.713 0.014 0.027
1 0.417 0.601 0.018 0.028
1 0.381 0.605 0.017 0.028
1 0.346 0.586 0.017 0.032
1 0.294 0.641 0.016 0.027
1 0.26 0.59 0.014 0.027
1 0.28 0.622 0.017 0.028
1 0.129 0.858 0.017 0.028
1 0.124 0.782 0.014 0.021
1 0.069 0.75 0.018 0.032
1 0.118 0.738 0.016 0.03
1 0.028 0.841 0.021 0.031
1 0.005 0.776 0.01 0.027
1 0.028 0.771 0.017 0.027
1 0.153 0.539 0.007 0.013
1 0.119 0.578 0.019 0.028
1 0.152 0.592 0.02 0.034
1 0.081 0.575 0.016 0.028
1 0.067 0.603 0.02 0.032
1 0.191 0.592 0.014 0.025
1 0.275 0.532 0.021 0.035
1 0.87 0.608 0.018 0.025
1 0.982 0.169 0.008 0.011
1 0.974 0.155 0.007 0.014
1 0.978 0.127 0.005 0.011
1 0.964 0.122 0.006 0.01
1 0.951 0.071 0.006 0.011
1 0.938 0.145 0.007 0.014
1 0.927 0.074 0.005 0.01
1 0.888 0.085 0.007 0.011
1 0.902 0.077 0.005 0.01
1 0.894 0.133 0.005 0.01
1 0.882 0.042 0.007 0.011
1 0.865 0.092 0.006 0.01
1 0.869 0.134 0.006 0.011
1 0.878 0.13 0.007 0.013
1 0.864 0.033 0.005 0.01
1 0.853 0.131 0.006 0.008
1 0.847 0.026 0.005 0.01
1 0.834 0.023 0.005 0.01
1 0.858 0.084 0.007 0.01
1 0.84 0.115 0.007 0.01
1 0.833 0.128 0.007 0.011
1 0.83 0.121 0.008 0.013
1 0.84 0.061 0.007 0.013
1 0.831 0.083 0.008 0.011
1 0.855 0.125 0.007 0.013
1 0.792 0.116 0.005 0.008
1 0.816 0.079 0.007 0.011
1 0.784 0.089 0.006 0.011
1 0.797 0.09 0.006 0.011
1 0.783 0.036 0.005 0.01
1 0.778 0.121 0.006 0.011
1 0.746 0.12 0.006 0.011
1 0.764 0.114 0.004 0.011
1 0.754 0.094 0.006 0.011
1 0.759 0.093 0.006 0.011
1 0.767 0.035 0.007 0.013
1 0.754 0.044 0.005 0.011
1 0.743 0.087 0.006 0.01
1 0.723 0.118 0.006 0.011
1 0.73 0.119 0.007 0.01
1 0.73 0.081 0.006 0.01
1 0.73 0.037 0.006 0.011
1 0.721 0.075 0.007 0.013
1 0.708 0.068 0.007 0.014
1 0.716 0.032 0.006 0.011
1 0.705 0.027 0.007 0.011
1 0.703 0.105 0.007 0.013
1 0.693 0.041 0.006 0.011
1 0.673 0.035 0.007 0.011
1 0.681 0.042 0.007 0.011
1 0.671 0.065 0.006 0.011
1 0.689 0.073 0.008 0.014
1 0.665 0.116 0.006 0.011
1 0.676 0.116 0.007 0.011
1 0.652 0.109 0.007 0.014
1 0.642 0.112 0.006 0.013
1 0.649 0.07 0.007 0.013
1 0.664 0.038 0.007 0.011
1 0.66 0.036 0.007 0.013
1 0.648 0.045 0.006 0.011
1 0.637 0.04 0.005 0.01
1 0.641 0.054 0.006 0.011
1 0.636 0.106 0.007 0.013
1 0.612 0.077 0.006 0.013
1 0.629 0.01 0.007 0.014
1 0.623 0.009 0.006 0.013
1 0.608 0.034 0.007 0.014
1 0.61 0.022 0.006 0.01
1 0.6 0.011 0.006 0.013
1 0.599 0.099 0.007 0.016
1 0.58 0.073 0.006 0.014
1 0.576 0.031 0.006 0.011
1 0.562 0.035 0.006 0.013
1 0.56 0.1 0.005 0.011
1 0.582 0.114 0.008 0.016
1 0.596 0.076 0.008 0.014
1 0.609 0.111 0.007 0.013
1 0.529 0.121 0.007 0.013
1 0.551 0.117 0.006 0.011
1 0.551 0.095 0.008 0.013
1 0.566 0.076 0.006 0.011
1 0.54 0.055 0.005 0.011
1 0.544 0.042 0.004 0.01
1 0.526 0.04 0.005 0.01
1 0.492 0.071 0.006 0.013
1 0.512 0.116 0.006 0.013
1 0.534 0.114 0.007 0.011
1 0.521 0.107 0.007 0.011
1 0.568 0.071 0.006 0.011
1 0.507 0.044 0.006 0.011
1 0.49 0.037 0.006 0.011
1 0.475 0.045 0.006 0.011
1 0.477 0.046 0.007 0.01
1 0.479 0.077 0.008 0.013
1 0.47 0.126 0.008 0.013
1 0.46 0.046 0.006 0.013
1 0.437 0.129 0.006 0.013
1 0.44 0.071 0.007 0.013
1 0.449 0.044 0.006 0.011
1 0.435 0.044 0.006 0.011
1 0.438 0.039 0.006 0.011
1 0.467 0.078 0.005 0.011
1 0.457 0.074 0.006 0.01
1 0.504 0.129 0.006 0.013
1 0.471 0.097 0.007 0.011
1 0.487 0.122 0.006 0.013
1 0.441 0.121 0.006 0.01
1 0.393 0.126 0.007 0.011
1 0.421 0.046 0.006 0.01
1 0.41 0.039 0.006 0.011
1 0.418 0.042 0.005 0.008
1 0.405 0.071 0.005 0.01
1 0.464 0.114 0.006 0.01
1 0.421 0.077 0.007 0.01
1 0.39 0.075 0.006 0.011
1 0.392 0.042 0.006 0.011
1 0.38 0.05 0.005 0.01
1 0.403 0.124 0.006 0.011
1 0.398 0.116 0.006 0.011
1 0.373 0.116 0.005 0.01
1 0.367 0.135 0.007 0.01
1 0.354 0.081 0.006 0.01
1 0.363 0.033 0.006 0.01
1 0.347 0.043 0.005 0.01
1 0.357 0.116 0.005 0.01
1 0.343 0.043 0.006 0.01
1 0.344 0.13 0.007 0.011
1 0.338 0.12 0.006 0.011
1 0.336 0.077 0.005 0.01
1 0.332 0.042 0.005 0.011
1 0.32 0.081 0.006 0.01
1 0.32 0.121 0.005 0.01
1 0.413 0.129 0.008 0.013
1 0.448 0.116 0.006 0.011
1 0.305 0.221 0.005 0.011
1 0.272 0.224 0.007 0.011
1 0.246 0.225 0.007 0.013
1 0.216 0.204 0.006 0.01
1 0.203 0.188 0.007 0.011
1 0.197 0.167 0.007 0.01
1 0.281 0.138 0.006 0.01
1 0.23 0.14 0.006 0.01
1 0.192 0.201 0.007 0.013
1 0.3 0.133 0.006 0.011
1 0.312 0.121 0.006 0.01
1 0.3 0.123 0.007 0.011
1 0.29 0.12 0.006 0.011
1 0.271 0.132 0.008 0.01
1 0.275 0.125 0.006 0.01
1 0.307 0.08 0.007 0.01
1 0.298 0.084 0.005 0.01
1 0.288 0.083 0.006 0.01
1 0.32 0.042 0.006 0.011
1 0.363 0.049 0.006 0.01
1 0.377 0.06 0.006 0.01
1 0.311 0.047 0.005 0.01
1 0.304 0.044 0.005 0.01
1 0.291 0.046 0.005 0.01
1 0.28 0.049 0.006 0.01
1 0.268 0.04 0.007 0.013
1 0.261 0.041 0.006 0.011
1 0.273 0.085 0.006 0.011
1 0.245 0.096 0.007 0.011
1 0.252 0.045 0.005 0.011
1 0.249 0.05 0.006 0.01
1 0.239 0.08 0.005 0.01
1 0.248 0.128 0.006 0.011
1 0.219 0.102 0.007 0.011
1 0.207 0.094 0.007 0.013
1 0.211 0.087 0.005 0.008
1 0.223 0.083 0.006 0.01
1 0.225 0.034 0.005 0.008
1 0.225 0.046 0.005 0.007
1 0.212 0.048 0.005 0.008
1 0.2 0.049 0.006 0.01
1 0.124 0.207 0.007 0.011
1 0.126 0.184 0.006 0.01
1 0.113 0.19 0.007 0.011
1 0.098 0.2 0.007 0.011
1 0.067 0.215 0.007 0.013
1 0.151 0.177 0.006 0.013
1 0.137 0.186 0.006 0.011
1 0.038 0.258 0.007 0.011
1 0.181 0.049 0.007 0.013
1 0.193 0.089 0.007 0.011
1 0.19 0.044 0.005 0.01
1 0.173 0.049 0.005 0.008
1 0.164 0.044 0.006 0.01
1 0.178 0.087 0.006 0.008
1 0.165 0.153 0.007 0.01
1 0.154 0.088 0.006 0.013
1 0.275 0.069 0.006 0.008
1 0.137 0.138 0.007 0.014
1 0.156 0.139 0.007 0.013
1 0.146 0.155 0.007 0.011
1 0.119 0.143 0.007 0.013
1 0.139 0.051 0.005 0.01
1 0.14 0.087 0.006 0.013
1 0.059 0.095 0.005 0.01
1 0.067 0.132 0.006 0.01
1 0.071 0.087 0.006 0.01
1 0.083 0.094 0.006 0.01
1 0.093 0.089 0.006 0.011
1 0.102 0.086 0.006 0.011
1 0.117 0.096 0.005 0.011
1 0.101 0.128 0.005 0.01
1 0.13 0.136 0.007 0.01
1 0.22 0.149 0.007 0.01
1 0.112 0.092 0.005 0.008
1 0.082 0.136 0.007 0.01
1 0.095 0.138 0.006 0.011
1 0.109 0.14 0.007 0.011
1 0.037 0.037 0.005 0.008
1 0.014 0.047 0.005 0.008
1 0.019 0.09 0.007 0.011
1 0.047 0.077 0.005 0.007
1 0.053 0.137 0.006 0.011
1 0.014 0.128 0.007 0.011
1 0.042 0.133 0.007 0.01
1 0.965 0.165 0.006 0.011
1 0.614 0.099 0.006 0.008
1 0.256 0.739 0.019 0.031
1 0.734 0.607 0.014 0.03
1 0.572 0.707 0.013 0.023
1 0.779 0.108 0.006 0.01
1 0.769 0.091 0.007 0.013
1 0.799 0.115 0.006 0.01
1 0.808 0.129 0.007 0.013
1 0.946 0.144 0.006 0.011
1 0.193 0.12 0.006 0.011
1 0.263 0.137 0.006 0.011
1 0.133 0.084 0.004 0.01
1 0.142 0.198 0.008 0.013
1 0.189 0.111 0.006 0.01
1 0.043 0.092 0.006 0.011
1 0.222 0.212 0.007 0.011
1 0.371 0.078 0.007 0.013
1 0.238 0.063 0.006 0.01
1 0.255 0.086 0.007 0.011
1 0.269 0.089 0.006 0.011
1 0.992 0.123 0.006 0.013
1 0.124 0.099 0.006 0.011
1 0.131 0.114 0.006 0.01
1 0.027 0.144 0.006 0.011
1 0.963 0.63 0.018 0.025
1 0.913 0.104 0.007 0.011
1 0.792 0.091 0.005 0.007
1 0.505 0.078 0.006 0.008
1 0.499 0.114 0.004 0.01
1 0.453 0.104 0.006 0.008
1 0.454 0.09 0.004 0.007
1 0.501 0.044 0.005 0.01
1 0.421 0.119 0.006 0.01
1 0.383 0.123 0.005 0.01
1 0.23 0.081 0.005 0.007
1 0.171 0.177 0.005 0.01
1 0.162 0.166 0.004 0.01
1 0.147 0.072 0.006 0.011
1 0.197 0.078 0.005 0.01
1 0.237 0.135 0.006 0.007
1 0.16 0.083 0.006 0.008
1 0.172 0.075 0.006 0.008
1 0.679 0.788 0.016 0.027
1 0.485 0.765 0.017 0.021
