1 0.102 0.548 0.009 0.021
1 0.147 0.548 0.008 0.018
1 0.176 0.561 0.008 0.018
1 0.197 0.558 0.007 0.014
1 0.234 0.546 0.008 0.013
1 0.29 0.55 0.009 0.016
1 0.318 0.546 0.009 0.016
1 0.346 0.533 0.01 0.019
1 0.353 0.558 0.009 0.018
1 0.389 0.568 0.008 0.016
1 0.404 0.544 0.009 0.016
1 0.428 0.541 0.01 0.019
1 0.482 0.562 0.009 0.019
1 0.553 0.548 0.009 0.018
1 0.548 0.54 0.008 0.014
1 0.618 0.548 0.012 0.024
1 0.642 0.577 0.009 0.021
1 0.663 0.564 0.01 0.021
1 0.673 0.532 0.008 0.018
1 0.803 0.548 0.013 0.024
1 0.787 0.564 0.009 0.021
1 0.854 0.51 0.008 0.019
1 0.879 0.519 0.012 0.027
1 0.921 0.558 0.013 0.029
1 0.812 0.526 0.01 0.021
1 0.52 0.544 0.008 0.016
1 0.681 0.515 0.008 0.016
1 0.626 0.529 0.007 0.018
1 0.269 0.558 0.008 0.014
