1 0.018 0.888 0.011 0.021
1 0.039 0.949 0.012 0.027
1 0.087 0.94 0.01 0.021
1 0.102 0.976 0.016 0.033
1 0.126 0.958 0.01 0.025
1 0.212 0.946 0.012 0.037
1 0.152 0.803 0.009 0.02
1 0.139 0.784 0.008 0.018
1 0.118 0.781 0.007 0.02
1 0.161 0.877 0.011 0.02
1 0.225 0.806 0.008 0.018
1 0.236 0.737 0.006 0.014
1 0.105 0.815 0.007 0.021
1 0.163 0.786 0.003 0.014
1 0.294 0.921 0.015 0.037
1 0.355 0.943 0.011 0.031
1 0.371 0.916 0.009 0.027
1 0.4 0.895 0.008 0.031
1 0.407 0.99 0.014 0.02
1 0.395 0.84 0.009 0.023
1 0.347 0.827 0.006 0.018
1 0.362 0.823 0.007 0.014
1 0.347 0.792 0.01 0.021
1 0.303 0.857 0.006 0.016
1 0.308 0.825 0.008 0.018
1 0.261 0.894 0.006 0.018
1 0.272 0.974 0.008 0.025
1 0.264 0.788 0.007 0.018
1 0.237 0.786 0.006 0.014
1 0.384 0.907 0.008 0.014
1 0.336 0.771 0.004 0.014
1 0.542 0.877 0.013 0.027
1 0.447 0.922 0.008 0.027
1 0.428 0.854 0.008 0.02
1 0.445 0.781 0.011 0.023
1 0.525 0.835 0.006 0.025
1 0.538 0.832 0.009 0.02
1 0.479 0.759 0.006 0.014
1 0.595 0.769 0.008 0.021
1 0.576 0.836 0.008 0.02
1 0.584 0.739 0.006 0.018
1 0.496 0.797 0.008 0.02
1 0.494 0.874 0.007 0.029
1 0.433 0.801 0.008 0.016
1 0.45 0.722 0.004 0.01
1 0.42 0.741 0.004 0.014
1 0.559 0.798 0.007 0.021
1 0.71 0.95 0.016 0.037
1 0.743 0.967 0.021 0.043
1 0.635 0.981 0.016 0.037
1 0.627 0.897 0.007 0.021
1 0.622 0.876 0.009 0.018
1 0.603 0.88 0.011 0.021
1 0.733 0.841 0.012 0.025
1 0.699 0.894 0.01 0.033
1 0.721 0.812 0.01 0.027
1 0.685 0.802 0.008 0.025
1 0.631 0.791 0.006 0.02
1 0.652 0.783 0.007 0.02
1 0.693 0.769 0.009 0.018
1 0.833 0.962 0.014 0.033
1 0.826 0.855 0.015 0.031
1 0.857 0.837 0.015 0.029
1 0.893 0.83 0.016 0.031
1 0.907 0.969 0.015 0.043
1 0.934 0.85 0.016 0.043
1 0.976 0.839 0.01 0.033
1 0.789 0.838 0.013 0.027
1 0.798 0.858 0.009 0.021
1 0.775 0.801 0.01 0.023
1 0.826 0.774 0.012 0.029
1 0.926 0.745 0.011 0.029
1 0.842 0.74 0.007 0.02
1 0.956 0.74 0.007 0.02
1 0.667 0.755 0.01 0.025
1 0.538 0.718 0.009 0.025
1 0.515 0.738 0.009 0.02
1 0.483 0.724 0.008 0.018
1 0.175 0.774 0.01 0.018
1 0.208 0.774 0.009 0.021
1 0.176 0.898 0.01 0.027
