1 0.066 0.732 0.055 0.13
1 0.117 0.752 0.04 0.097
1 0.096 0.677 0.045 0.097
1 0.155 0.691 0.034 0.08
1 0.313 0.682 0.056 0.122
1 0.236 0.643 0.024 0.061
1 0.436 0.665 0.048 0.122
1 0.523 0.737 0.06 0.116
1 0.574 0.776 0.048 0.111
1 0.584 0.682 0.032 0.08
1 0.62 0.697 0.033 0.085
1 0.522 0.652 0.037 0.089
1 0.656 0.675 0.037 0.08
1 0.688 0.809 0.047 0.087
1 0.763 0.655 0.026 0.054
1 0.815 0.719 0.039 0.094
1 0.84 0.659 0.055 0.12
1 0.976 0.701 0.047 0.108
1 0.935 0.648 0.032 0.062
1 0.259 0.734 0.045 0.106
