1 0.105 0.076 0.012 0.022
1 0.038 0.078 0.008 0.015
1 0.186 0.089 0.004 0.007
1 0.205 0.087 0.004 0.009
1 0.136 0.091 0.004 0.006
1 0.002 0.068 0.004 0.015
1 0.016 0.093 0.005 0.009
1 0.263 0.062 0.01 0.019
1 0.29 0.057 0.01 0.018
1 0.329 0.054 0.006 0.012
1 0.378 0.068 0.01 0.018
1 0.424 0.065 0.009 0.015
1 0.438 0.065 0.007 0.015
1 0.394 0.071 0.008 0.015
1 0.613 0.078 0.006 0.012
1 0.667 0.083 0.006 0.01
1 0.715 0.08 0.004 0.01
1 0.684 0.077 0.006 0.01
1 0.565 0.08 0.006 0.01
1 0.527 0.076 0.004 0.009
1 0.554 0.073 0.004 0.007
1 0.749 0.065 0.014 0.022
1 0.777 0.076 0.004 0.009
1 0.839 0.084 0.005 0.009
1 0.701 0.077 0.004 0.007
1 0.74 0.076 0.005 0.009
1 0.231 0.083 0.005 0.007
