1 0.021 0.908 0.043 0.103
1 0.159 0.935 0.106 0.13
1 0.398 0.839 0.085 0.133
1 0.451 0.872 0.057 0.135
1 0.636 0.927 0.075 0.123
1 0.562 0.969 0.06 0.062
1 0.699 0.77 0.061 0.141
1 0.888 0.636 0.05 0.092
1 0.975 0.489 0.05 0.174
1 0.942 0.466 0.061 0.114
1 0.916 0.416 0.05 0.094
1 0.888 0.407 0.029 0.066
1 0.894 0.28 0.037 0.073
1 0.98 0.243 0.039 0.081
1 0.988 0.128 0.023 0.078
1 0.916 0.166 0.04 0.067
1 0.885 0.216 0.045 0.073
1 0.845 0.306 0.031 0.032
1 0.972 0.073 0.03 0.067
1 0.881 0.103 0.041 0.072
1 0.839 0.502 0.062 0.116
1 0.749 0.63 0.059 0.116
1 0.777 0.501 0.049 0.088
1 0.787 0.411 0.046 0.078
1 0.695 0.551 0.067 0.12
1 0.658 0.673 0.062 0.114
1 0.671 0.455 0.05 0.079
1 0.642 0.404 0.04 0.081
1 0.777 0.269 0.047 0.075
1 0.77 0.369 0.046 0.087
1 0.744 0.278 0.034 0.072
1 0.792 0.193 0.038 0.069
1 0.771 0.177 0.039 0.067
1 0.743 0.151 0.036 0.067
1 0.715 0.158 0.035 0.065
1 0.549 0.13 0.035 0.062
1 0.589 0.144 0.017 0.048
1 0.662 0.18 0.033 0.048
1 0.71 0.272 0.039 0.072
1 0.622 0.181 0.041 0.066
1 0.616 0.25 0.049 0.087
1 0.537 0.192 0.042 0.062
1 0.527 0.255 0.046 0.082
1 0.646 0.29 0.043 0.057
1 0.653 0.345 0.047 0.091
1 0.559 0.412 0.048 0.094
1 0.505 0.423 0.049 0.104
1 0.55 0.333 0.048 0.085
1 0.464 0.296 0.052 0.088
1 0.496 0.265 0.026 0.06
1 0.469 0.202 0.041 0.073
1 0.497 0.194 0.035 0.056
1 0.496 0.078 0.034 0.065
1 0.384 0.105 0.038 0.057
1 0.394 0.177 0.042 0.07
1 0.334 0.16 0.042 0.073
1 0.268 0.156 0.036 0.063
1 0.392 0.349 0.044 0.073
1 0.417 0.419 0.055 0.084
1 0.347 0.402 0.037 0.062
1 0.246 0.099 0.032 0.051
1 0.157 0.122 0.035 0.065
1 0.254 0.148 0.025 0.041
1 0.211 0.151 0.031 0.062
1 0.188 0.155 0.036 0.053
1 0.186 0.212 0.044 0.081
1 0.248 0.202 0.042 0.084
1 0.106 0.141 0.029 0.044
1 0.136 0.238 0.043 0.089
1 0.032 0.149 0.039 0.06
1 0.034 0.228 0.047 0.081
1 0.229 0.312 0.038 0.085
1 0.201 0.264 0.042 0.056
1 0.144 0.334 0.035 0.056
1 0.122 0.391 0.027 0.069
1 0.079 0.283 0.039 0.07
1 0.022 0.398 0.044 0.092
1 0.07 0.45 0.048 0.097
1 0.19 0.468 0.046 0.113
1 0.231 0.408 0.052 0.091
1 0.252 0.477 0.054 0.084
1 0.289 0.453 0.033 0.07
1 0.307 0.537 0.044 0.1
1 0.236 0.656 0.071 0.136
1 0.054 0.684 0.063 0.119
1 0.16 0.776 0.066 0.109
1 0.494 0.733 0.07 0.126
1 0.434 0.683 0.062 0.138
1 0.392 0.633 0.032 0.084
1 0.448 0.576 0.063 0.139
1 0.376 0.444 0.032 0.059
1 0.542 0.018 0.011 0.022
1 0.378 0.051 0.011 0.013
