1 0.185 0.251 0.008 0.008
1 0.308 0.373 0.011 0.011
1 0.289 0.25 0.008 0.007
1 0.272 0.261 0.011 0.008
1 0.258 0.251 0.008 0.008
1 0.279 0.241 0.007 0.006
1 0.606 0.389 0.016 0.012
1 0.587 0.313 0.008 0.009
1 0.57 0.295 0.009 0.01
1 0.533 0.301 0.01 0.011
1 0.526 0.289 0.008 0.008
1 0.618 0.253 0.01 0.011
1 0.635 0.273 0.012 0.013
1 0.647 0.299 0.013 0.014
1 0.696 0.308 0.017 0.015
1 0.728 0.309 0.016 0.014
1 0.745 0.277 0.009 0.011
1 0.764 0.271 0.01 0.009
1 0.757 0.259 0.01 0.011
1 0.77 0.254 0.01 0.008
1 0.739 0.248 0.01 0.009
1 0.716 0.252 0.008 0.007
1 0.704 0.254 0.008 0.01
1 0.681 0.254 0.011 0.009
1 0.709 0.272 0.01 0.011
1 0.768 0.236 0.01 0.007
1 0.76 0.225 0.006 0.008
1 0.783 0.266 0.011 0.011
1 0.795 0.28 0.008 0.006
1 0.79 0.293 0.006 0.008
1 0.802 0.294 0.006 0.006
1 0.816 0.288 0.013 0.012
1 0.828 0.258 0.008 0.011
1 0.799 0.258 0.006 0.005
1 0.856 0.257 0.01 0.01
1 0.879 0.263 0.007 0.008
1 0.896 0.26 0.006 0.008
1 0.884 0.251 0.007 0.008
1 0.851 0.3 0.011 0.011
1 0.819 0.302 0.008 0.009
1 0.908 0.301 0.008 0.011
1 0.895 0.293 0.008 0.011
1 0.924 0.307 0.011 0.014
1 0.945 0.295 0.012 0.012
1 0.962 0.318 0.008 0.011
1 0.912 0.327 0.011 0.011
1 0.888 0.341 0.012 0.013
1 0.84 0.316 0.009 0.009
1 0.933 0.452 0.015 0.015
1 0.957 0.453 0.01 0.013
1 0.93 0.44 0.015 0.013
1 0.889 0.45 0.014 0.018
1 0.868 0.444 0.013 0.014
1 0.706 0.418 0.02 0.018
1 0.925 0.287 0.008 0.008
1 0.965 0.282 0.009 0.011
1 0.864 0.226 0.008 0.006
1 0.828 0.23 0.007 0.008
1 0.845 0.244 0.008 0.008
1 0.825 0.215 0.006 0.006
1 0.775 0.22 0.007 0.006
1 0.69 0.246 0.009 0.01
1 0.993 0.313 0.014 0.021
1 0.049 0.975 0.032 0.025
1 0.377 0.965 0.028 0.034
1 0.956 0.976 0.029 0.034
1 0.928 0.272 0.008 0.01
1 0.951 0.272 0.008 0.01
1 0.984 0.291 0.012 0.012
1 0.913 0.249 0.008 0.009
1 0.859 0.294 0.01 0.01
1 0.903 0.289 0.009 0.008
1 0.922 0.367 0.013 0.016
1 0.023 0.437 0.015 0.014
1 0.072 0.297 0.015 0.015
1 0.064 0.249 0.017 0.016
1 0.3 0.37 0.013 0.013
1 0.011 0.329 0.016 0.011
1 0.016 0.346 0.011 0.012
1 0.027 0.358 0.013 0.013
1 0.023 0.382 0.009 0.008
1 0.074 0.356 0.008 0.008
1 0.049 0.335 0.01 0.006
1 0.118 0.364 0.013 0.011
1 0.128 0.361 0.013 0.011
1 0.208 0.345 0.011 0.012
1 0.189 0.274 0.009 0.01
1 0.217 0.257 0.008 0.009
1 0.235 0.272 0.01 0.008
1 0.282 0.276 0.01 0.008
1 0.312 0.264 0.01 0.01
1 0.171 0.268 0.007 0.006
1 0.222 0.306 0.006 0.008
1 0.282 0.308 0.008 0.01
1 0.348 0.299 0.011 0.008
1 0.331 0.305 0.009 0.008
1 0.372 0.368 0.01 0.015
1 0.394 0.388 0.01 0.013
1 0.426 0.412 0.014 0.013
1 0.489 0.403 0.016 0.015
1 0.54 0.405 0.015 0.015
1 0.499 0.294 0.01 0.013
1 0.446 0.269 0.01 0.008
1 0.475 0.27 0.013 0.011
1 0.5 0.272 0.011 0.008
1 0.475 0.287 0.012 0.011
1 0.497 0.257 0.01 0.009
1 0.509 0.257 0.01 0.007
1 0.529 0.259 0.008 0.01
1 0.542 0.259 0.011 0.01
1 0.544 0.247 0.01 0.006
1 0.446 0.259 0.012 0.008
1 0.471 0.25 0.01 0.009
1 0.202 0.254 0.01 0.011
