1 0.12 0.362 0.025 0.053
1 0.187 0.331 0.019 0.043
1 0.222 0.346 0.021 0.043
1 0.297 0.366 0.021 0.05
1 0.316 0.351 0.019 0.038
1 0.334 0.36 0.009 0.032
1 0.376 0.378 0.009 0.038
1 0.41 0.375 0.02 0.038
1 0.461 0.452 0.023 0.055
1 0.444 0.356 0.019 0.042
1 0.459 0.366 0.017 0.033
1 0.483 0.354 0.018 0.037
1 0.497 0.391 0.021 0.042
1 0.539 0.374 0.02 0.037
1 0.595 0.407 0.017 0.038
1 0.61 0.398 0.017 0.038
1 0.602 0.353 0.018 0.035
1 0.642 0.433 0.014 0.018
1 0.658 0.421 0.021 0.033
1 0.68 0.37 0.013 0.028
1 0.701 0.402 0.014 0.03
1 0.708 0.416 0.009 0.027
1 0.709 0.431 0.016 0.047
1 0.747 0.455 0.019 0.035
1 0.767 0.457 0.021 0.037
1 0.774 0.446 0.016 0.037
1 0.796 0.467 0.011 0.018
1 0.73 0.377 0.013 0.033
1 0.784 0.359 0.015 0.03
1 0.802 0.382 0.014 0.027
1 0.774 0.406 0.011 0.027
1 0.806 0.417 0.016 0.037
1 0.842 0.442 0.019 0.042
1 0.839 0.404 0.02 0.027
1 0.863 0.437 0.017 0.033
1 0.827 0.399 0.017 0.033
1 0.878 0.411 0.016 0.033
1 0.836 0.341 0.015 0.027
1 0.868 0.369 0.017 0.027
1 0.938 0.404 0.014 0.027
1 0.929 0.351 0.016 0.025
1 0.954 0.353 0.013 0.025
1 0.985 0.316 0.01 0.02
1 0.984 0.29 0.011 0.022
1 0.934 0.29 0.013 0.022
1 0.887 0.311 0.015 0.025
1 0.848 0.306 0.013 0.027
1 0.865 0.282 0.013 0.027
1 0.88 0.276 0.014 0.028
1 0.889 0.268 0.011 0.025
1 0.893 0.26 0.01 0.03
1 0.909 0.292 0.006 0.013
1 0.903 0.262 0.009 0.02
1 0.919 0.215 0.008 0.018
1 0.979 0.24 0.011 0.017
1 0.972 0.222 0.008 0.017
1 0.979 0.211 0.01 0.018
1 0.963 0.202 0.01 0.017
1 0.94 0.229 0.011 0.017
1 0.94 0.21 0.008 0.013
1 0.897 0.209 0.016 0.027
1 0.89 0.22 0.008 0.015
1 0.934 0.174 0.01 0.017
1 0.914 0.173 0.008 0.018
1 0.998 0.118 0.005 0.022
1 0.917 0.134 0.009 0.023
1 0.907 0.132 0.008 0.017
1 0.922 0.12 0.008 0.017
1 0.94 0.136 0.006 0.015
1 0.95 0.116 0.01 0.015
1 0.938 0.136 0.004 0.012
1 0.962 0.182 0.009 0.017
1 0.934 0.093 0.008 0.012
1 0.969 0.07 0.009 0.017
1 0.994 0.065 0.008 0.013
1 0.975 0.056 0.007 0.012
1 0.984 0.058 0.005 0.01
1 0.971 0.037 0.007 0.017
1 0.958 0.015 0.009 0.01
1 0.941 0.03 0.01 0.02
1 0.956 0.043 0.007 0.015
1 0.951 0.063 0.007 0.013
1 0.939 0.071 0.006 0.012
1 0.922 0.066 0.007 0.012
1 0.861 0.104 0.01 0.017
1 0.883 0.058 0.006 0.013
1 0.913 0.026 0.006 0.012
1 0.863 0.032 0.009 0.017
1 0.844 0.036 0.006 0.012
1 0.874 0.066 0.009 0.015
1 0.886 0.089 0.008 0.012
