1 0.855 0.761 0.013 0.021
1 0.865 0.728 0.009 0.02
1 0.873 0.677 0.008 0.017
1 0.687 0.791 0.014 0.025
1 0.127 0.827 0.015 0.025
1 0.062 0.767 0.015 0.02
1 0.418 0.747 0.013 0.021
1 0.401 0.737 0.014 0.019
1 0.373 0.757 0.012 0.019
1 0.449 0.745 0.009 0.012
1 0.522 0.736 0.01 0.012
1 0.97 0.708 0.01 0.017
1 0.93 0.699 0.01 0.017
1 0.812 0.639 0.01 0.015
1 0.808 0.722 0.011 0.022
1 0.898 0.713 0.009 0.016
1 0.848 0.715 0.008 0.017
1 0.755 0.745 0.012 0.02
1 0.546 0.762 0.013 0.021
1 0.623 0.763 0.012 0.021
1 0.614 0.682 0.013 0.022
1 0.592 0.658 0.011 0.02
1 0.572 0.649 0.012 0.02
1 0.629 0.655 0.011 0.015
1 0.594 0.637 0.012 0.017
1 0.623 0.671 0.01 0.014
1 0.687 0.649 0.014 0.021
1 0.709 0.615 0.011 0.017
1 0.712 0.657 0.01 0.014
1 0.678 0.607 0.013 0.016
1 0.653 0.639 0.01 0.014
1 0.661 0.639 0.008 0.016
1 0.639 0.608 0.012 0.017
1 0.65 0.597 0.01 0.017
1 0.632 0.558 0.007 0.014
1 0.716 0.566 0.011 0.014
1 0.597 0.611 0.011 0.017
1 0.577 0.61 0.011 0.016
1 0.542 0.6 0.012 0.021
1 0.527 0.599 0.01 0.017
1 0.542 0.562 0.009 0.012
1 0.479 0.575 0.011 0.02
1 0.456 0.627 0.009 0.016
1 0.422 0.591 0.01 0.016
1 0.41 0.572 0.009 0.014
1 0.435 0.548 0.01 0.016
1 0.485 0.609 0.011 0.017
1 0.508 0.632 0.009 0.017
1 0.414 0.623 0.008 0.016
1 0.396 0.559 0.01 0.016
1 0.405 0.596 0.007 0.016
1 0.442 0.646 0.009 0.022
1 0.419 0.657 0.01 0.017
1 0.505 0.665 0.01 0.019
1 0.341 0.667 0.013 0.022
1 0.325 0.664 0.011 0.019
1 0.326 0.595 0.01 0.016
1 0.352 0.608 0.008 0.014
1 0.374 0.712 0.01 0.02
1 0.19 0.652 0.011 0.02
1 0.145 0.631 0.01 0.019
1 0.257 0.662 0.011 0.015
1 0.274 0.625 0.007 0.015
1 0.253 0.63 0.008 0.015
1 0.167 0.672 0.009 0.015
1 0.292 0.601 0.008 0.017
1 0.097 0.668 0.013 0.024
1 0.035 0.673 0.011 0.017
1 0.042 0.587 0.009 0.016
1 0.028 0.601 0.008 0.016
1 0.045 0.561 0.01 0.016
1 0.115 0.577 0.013 0.019
1 0.186 0.579 0.013 0.022
1 0.194 0.516 0.012 0.017
1 0.253 0.501 0.011 0.017
1 0.28 0.539 0.009 0.016
1 0.182 0.531 0.011 0.017
1 0.167 0.553 0.009 0.015
1 0.089 0.584 0.01 0.017
1 0.053 0.531 0.009 0.015
1 0.099 0.512 0.007 0.014
1 0.067 0.499 0.008 0.012
1 0.072 0.541 0.01 0.014
1 0.016 0.572 0.021 0.026
1 0.106 0.619 0.008 0.019
1 0.059 0.681 0.009 0.012
1 0.128 0.416 0.008 0.014
1 0.114 0.468 0.009 0.016
1 0.127 0.462 0.008 0.015
1 0.133 0.459 0.007 0.011
1 0.147 0.454 0.007 0.012
1 0.16 0.425 0.007 0.01
1 0.213 0.513 0.008 0.014
1 0.182 0.386 0.008 0.012
1 0.186 0.369 0.007 0.011
1 0.197 0.368 0.006 0.011
1 0.251 0.381 0.008 0.014
1 0.215 0.368 0.005 0.009
1 0.278 0.413 0.008 0.012
1 0.352 0.427 0.008 0.012
1 0.4 0.421 0.008 0.012
1 0.38 0.492 0.008 0.014
1 0.399 0.48 0.007 0.012
1 0.277 0.392 0.006 0.01
1 0.417 0.39 0.007 0.011
1 0.379 0.431 0.007 0.011
1 0.314 0.476 0.006 0.012
1 0.249 0.454 0.006 0.012
1 0.34 0.381 0.006 0.011
1 0.521 0.512 0.01 0.016
1 0.44 0.493 0.009 0.015
1 0.663 0.511 0.009 0.015
1 0.627 0.517 0.008 0.016
1 0.534 0.515 0.009 0.015
1 0.661 0.573 0.008 0.017
1 0.862 0.587 0.01 0.017
1 0.812 0.585 0.01 0.02
1 0.772 0.555 0.008 0.016
1 0.8 0.537 0.009 0.019
1 0.833 0.517 0.009 0.014
1 0.863 0.54 0.009 0.014
1 0.863 0.556 0.009 0.016
1 0.762 0.63 0.007 0.012
1 0.743 0.519 0.008 0.012
1 0.829 0.507 0.01 0.017
1 0.885 0.517 0.006 0.012
1 0.965 0.585 0.01 0.016
1 0.949 0.581 0.008 0.019
1 0.882 0.702 0.008 0.016
1 0.942 0.691 0.008 0.016
1 0.761 0.478 0.008 0.014
1 0.756 0.463 0.008 0.015
1 0.66 0.469 0.009 0.015
1 0.668 0.442 0.01 0.015
1 0.711 0.448 0.006 0.01
1 0.727 0.46 0.006 0.011
1 0.737 0.455 0.008 0.011
1 0.809 0.457 0.008 0.011
1 0.785 0.416 0.008 0.012
1 0.84 0.429 0.009 0.016
1 0.88 0.449 0.01 0.015
1 0.888 0.428 0.008 0.014
1 0.757 0.373 0.007 0.01
1 0.67 0.411 0.007 0.012
1 0.799 0.367 0.006 0.011
1 0.737 0.335 0.007 0.01
1 0.582 0.418 0.008 0.011
1 0.502 0.441 0.009 0.012
1 0.501 0.416 0.005 0.011
1 0.456 0.228 0.004 0.006
1 0.43 0.239 0.004 0.007
1 0.41 0.26 0.005 0.007
1 0.424 0.252 0.005 0.007
1 0.435 0.259 0.004 0.007
1 0.395 0.246 0.005 0.007
1 0.396 0.275 0.005 0.007
1 0.258 0.312 0.007 0.011
1 0.831 0.549 0.007 0.014
1 0.993 0.578 0.011 0.02
1 0.907 0.881 0.014 0.024
1 0.779 0.839 0.01 0.02
1 0.654 0.829 0.013 0.021
1 0.575 0.269 0.004 0.007
1 0.638 0.298 0.004 0.009
1 0.629 0.302 0.005 0.007
1 0.261 0.186 0.011 0.014
1 0.116 0.645 0.014 0.019
1 0.813 0.477 0.01 0.019
1 0.761 0.394 0.008 0.02
1 0.952 0.766 0.014 0.022
1 0.886 0.595 0.013 0.022
1 0.023 0.473 0.01 0.014
1 0.335 0.564 0.011 0.02
1 0.351 0.534 0.012 0.016
1 0.371 0.524 0.01 0.016
1 0.357 0.575 0.011 0.017
1 0.153 0.449 0.01 0.017
1 0.357 0.625 0.014 0.02
1 0.43 0.668 0.011 0.021
1 0.556 0.699 0.011 0.021
1 0.083 0.709 0.011 0.019
1 0.262 0.675 0.009 0.016
1 0.021 0.337 0.008 0.012
1 0.079 0.387 0.011 0.015
