1 0.048 0.447 0.016 0.036
1 0.061 0.456 0.013 0.023
1 0.098 0.471 0.011 0.023
1 0.154 0.441 0.016 0.033
1 0.165 0.448 0.011 0.027
1 0.176 0.44 0.009 0.02
1 0.224 0.418 0.018 0.033
1 0.27 0.449 0.021 0.038
1 0.31 0.448 0.016 0.036
1 0.382 0.45 0.018 0.029
1 0.415 0.444 0.017 0.03
1 0.446 0.426 0.021 0.044
1 0.528 0.44 0.015 0.035
1 0.579 0.453 0.017 0.033
1 0.565 0.44 0.01 0.017
1 0.659 0.427 0.02 0.042
1 0.716 0.433 0.008 0.015
1 0.734 0.456 0.017 0.03
1 0.803 0.439 0.018 0.039
1 0.84 0.447 0.012 0.026
1 0.004 0.46 0.009 0.027
