1 0.118 0.469 0.097 0.204
1 0.487 0.467 0.099 0.213
1 0.738 0.255 0.093 0.169
1 0.254 0.414 0.057 0.1
1 0.394 0.161 0.05 0.1
1 0.22 0.301 0.039 0.062
1 0.207 0.214 0.03 0.046
1 0.096 0.25 0.04 0.069
1 0.174 0.208 0.021 0.04
1 0.308 0.187 0.021 0.051
1 0.22 0.071 0.019 0.033
1 0.171 0.076 0.013 0.026
1 0.357 0.083 0.016 0.046
1 0.445 0.088 0.01 0.021
1 0.508 0.098 0.014 0.028
1 0.495 0.1 0.01 0.021
1 0.533 0.121 0.01 0.025
1 0.536 0.18 0.01 0.019
1 0.661 0.262 0.025 0.06
1 0.665 0.099 0.019 0.033
1 0.815 0.19 0.025 0.046
1 0.894 0.37 0.038 0.076
1 0.906 0.142 0.018 0.028
1 0.932 0.242 0.018 0.037
1 0.518 0.126 0.015 0.033
