1 0.075 0.135 0.013 0.035
1 0.107 0.13 0.029 0.053
1 0.15 0.125 0.031 0.046
1 0.101 0.392 0.056 0.098
1 0.15 0.39 0.034 0.081
1 0.211 0.401 0.068 0.092
1 0.308 0.358 0.043 0.088
1 0.387 0.338 0.057 0.108
1 0.499 0.303 0.04 0.063
1 0.581 0.38 0.069 0.144
1 0.338 0.138 0.028 0.049
1 0.484 0.133 0.024 0.03
1 0.559 0.12 0.026 0.053
1 0.642 0.102 0.022 0.037
1 0.606 0.12 0.021 0.039
1 0.371 0.159 0.022 0.042
1 0.029 0.427 0.048 0.092
1 0.052 0.631 0.103 0.392
1 0.012 0.138 0.023 0.066
1 0.685 0.335 0.046 0.091
1 0.732 0.084 0.026 0.053
1 0.798 0.106 0.021 0.053
1 0.859 0.325 0.043 0.085
1 0.887 0.272 0.028 0.05
1 0.948 0.298 0.043 0.069
1 0.949 0.093 0.022 0.045
1 0.983 0.09 0.023 0.045
1 0.76 0.311 0.029 0.072
