1 0.163 0.648 0.06 0.088
1 0.245 0.817 0.09 0.113
1 0.625 0.483 0.034 0.062
1 0.813 0.431 0.028 0.045
1 0.425 0.507 0.024 0.035
1 0.233 0.426 0.026 0.042
1 0.162 0.406 0.024 0.035
1 0.042 0.432 0.02 0.027
1 0.716 0.363 0.017 0.03
1 0.562 0.425 0.029 0.039
1 0.324 0.439 0.024 0.04
1 0.964 0.358 0.017 0.026
1 0.875 0.357 0.017 0.03
1 0.826 0.332 0.016 0.024
1 0.777 0.316 0.013 0.021
1 0.727 0.301 0.013 0.021
1 0.686 0.295 0.011 0.019
1 0.629 0.294 0.011 0.016
1 0.694 0.338 0.013 0.022
1 0.851 0.288 0.012 0.016
1 0.899 0.278 0.011 0.02
1 0.962 0.259 0.011 0.016
1 0.782 0.257 0.01 0.016
1 0.718 0.271 0.01 0.011
1 0.674 0.288 0.01 0.015
1 0.696 0.261 0.008 0.015
1 0.65 0.277 0.009 0.012
1 0.666 0.269 0.009 0.011
1 0.9 0.244 0.007 0.016
1 0.923 0.255 0.009 0.011
1 0.823 0.247 0.006 0.01
1 0.634 0.256 0.007 0.01
1 0.67 0.248 0.006 0.01
1 0.404 0.376 0.019 0.025
1 0.34 0.35 0.01 0.016
1 0.28 0.377 0.013 0.024
1 0.201 0.365 0.018 0.025
1 0.443 0.335 0.01 0.017
1 0.476 0.365 0.015 0.029
1 0.486 0.325 0.011 0.017
1 0.525 0.315 0.01 0.019
1 0.458 0.275 0.008 0.011
1 0.415 0.278 0.008 0.011
1 0.354 0.318 0.01 0.015
1 0.376 0.303 0.007 0.012
1 0.602 0.304 0.01 0.019
1 0.585 0.28 0.008 0.015
1 0.477 0.297 0.007 0.012
1 0.461 0.294 0.007 0.011
1 0.394 0.35 0.008 0.012
1 0.37 0.325 0.009 0.012
1 0.562 0.318 0.012 0.02
1 0.609 0.268 0.006 0.012
1 0.511 0.293 0.008 0.014
1 0.549 0.265 0.006 0.009
1 0.925 0.234 0.006 0.009
1 0.865 0.266 0.009 0.014
1 0.75 0.233 0.005 0.009
1 0.731 0.237 0.006 0.011
1 0.867 0.227 0.005 0.007
1 0.877 0.235 0.006 0.009
1 0.845 0.247 0.006 0.01
1 0.944 0.227 0.004 0.009
