1 0.97 0.775 0.06 0.143
1 0.907 0.713 0.033 0.075
1 0.804 0.663 0.051 0.102
1 0.778 0.616 0.042 0.081
1 0.739 0.849 0.072 0.119
1 0.828 0.937 0.09 0.127
1 0.629 0.897 0.084 0.174
1 0.721 0.453 0.023 0.041
1 0.697 0.424 0.019 0.04
1 0.634 0.388 0.015 0.029
1 0.656 0.465 0.021 0.035
1 0.579 0.411 0.017 0.028
1 0.703 0.317 0.013 0.027
1 0.727 0.362 0.017 0.031
1 0.411 0.541 0.035 0.065
1 0.401 0.639 0.037 0.066
1 0.296 0.785 0.062 0.125
1 0.274 0.696 0.051 0.083
1 0.401 0.881 0.084 0.145
1 0.509 0.931 0.059 0.125
1 0.151 0.878 0.088 0.152
1 0.018 0.754 0.036 0.143
1 0.066 0.592 0.028 0.055
1 0.079 0.522 0.026 0.044
1 0.42 0.389 0.013 0.024
1 0.471 0.354 0.01 0.018
1 0.433 0.343 0.011 0.022
1 0.674 0.426 0.013 0.031
1 0.07 0.392 0.016 0.032
