1 0.061 0.507 0.029 0.054
1 0.124 0.476 0.019 0.04
1 0.185 0.517 0.024 0.051
1 0.195 0.465 0.015 0.038
1 0.26 0.42 0.014 0.034
1 0.265 0.46 0.021 0.04
1 0.27 0.493 0.022 0.05
1 0.329 0.475 0.016 0.041
1 0.35 0.506 0.028 0.053
1 0.336 0.376 0.017 0.038
1 0.353 0.411 0.013 0.025
1 0.469 0.37 0.019 0.034
1 0.424 0.481 0.025 0.05
1 0.477 0.493 0.027 0.056
1 0.537 0.513 0.022 0.044
1 0.433 0.384 0.009 0.015
1 0.602 0.46 0.027 0.051
1 0.596 0.49 0.02 0.028
1 0.694 0.549 0.023 0.047
1 0.752 0.521 0.023 0.044
1 0.8 0.529 0.024 0.044
1 0.943 0.458 0.021 0.046
1 0.97 0.492 0.016 0.034
1 0.692 0.465 0.016 0.04
1 0.002 0.485 0.005 0.041
