1 0.924 0.45 0.018 0.044
1 0.799 0.431 0.009 0.015
1 0.995 0.47 0.01 0.032
1 0.751 0.479 0.025 0.053
1 0.717 0.437 0.017 0.03
1 0.678 0.427 0.009 0.018
1 0.741 0.433 0.014 0.026
1 0.608 0.405 0.015 0.03
1 0.649 0.443 0.01 0.017
1 0.56 0.521 0.024 0.05
1 0.482 0.42 0.016 0.032
1 0.459 0.432 0.022 0.059
1 0.385 0.411 0.014 0.024
1 0.346 0.427 0.01 0.021
1 0.344 0.365 0.01 0.02
1 0.313 0.395 0.013 0.021
1 0.3 0.43 0.02 0.044
1 0.107 0.431 0.017 0.039
1 0.042 0.444 0.017 0.032
1 0.018 0.445 0.01 0.027
1 0.577 0.445 0.008 0.012
