1 0.289 0.546 0.021 0.037
1 0.314 0.511 0.02 0.036
1 0.425 0.516 0.027 0.049
1 0.349 0.595 0.014 0.033
1 0.192 0.452 0.019 0.03
1 0.18 0.466 0.012 0.023
1 0.482 0.474 0.011 0.023
1 0.448 0.476 0.01 0.02
1 0.537 0.513 0.007 0.017
1 0.564 0.516 0.011 0.02
1 0.596 0.459 0.011 0.017
1 0.579 0.571 0.01 0.017
1 0.617 0.428 0.024 0.044
1 0.746 0.451 0.009 0.014
1 0.732 0.518 0.01 0.019
1 0.724 0.477 0.01 0.02
1 0.678 0.467 0.008 0.014
1 0.67 0.431 0.007 0.01
1 0.857 0.441 0.005 0.011
1 0.47 0.222 0.009 0.016
1 0.402 0.239 0.008 0.011
