1 0.972 0.92 0.034 0.071
1 0.861 0.938 0.032 0.076
1 0.962 0.804 0.029 0.061
1 0.82 0.786 0.028 0.06
1 0.836 0.766 0.016 0.036
1 0.916 0.698 0.03 0.065
1 0.986 0.645 0.027 0.055
1 0.881 0.607 0.028 0.057
1 0.937 0.544 0.028 0.058
1 0.975 0.476 0.025 0.054
1 0.859 0.531 0.028 0.052
1 0.88 0.516 0.021 0.048
1 0.936 0.408 0.023 0.051
1 0.927 0.457 0.022 0.054
1 0.852 0.424 0.028 0.054
1 0.98 0.354 0.019 0.042
1 0.943 0.366 0.021 0.045
1 0.968 0.292 0.021 0.04
1 0.929 0.326 0.021 0.039
1 0.878 0.351 0.024 0.036
1 0.983 0.191 0.018 0.037
1 0.945 0.243 0.02 0.042
1 0.955 0.218 0.015 0.034
1 0.893 0.254 0.02 0.043
1 0.907 0.263 0.018 0.036
1 0.892 0.222 0.019 0.028
1 0.924 0.185 0.017 0.037
1 0.894 0.187 0.02 0.031
1 0.98 0.138 0.02 0.037
1 0.859 0.169 0.019 0.034
1 0.866 0.227 0.018 0.04
1 0.935 0.106 0.021 0.04
1 0.963 0.096 0.012 0.028
1 0.896 0.095 0.018 0.036
1 0.893 0.054 0.011 0.019
1 0.871 0.075 0.011 0.022
1 0.945 0.077 0.016 0.025
1 0.745 0.86 0.035 0.071
1 0.714 0.766 0.029 0.07
1 0.742 0.662 0.029 0.062
1 0.699 0.578 0.027 0.061
1 0.797 0.49 0.026 0.062
1 0.656 0.518 0.027 0.062
1 0.626 0.597 0.024 0.046
1 0.828 0.458 0.023 0.048
1 0.756 0.446 0.022 0.049
1 0.771 0.438 0.019 0.037
1 0.812 0.362 0.021 0.037
1 0.754 0.383 0.021 0.043
1 0.829 0.32 0.02 0.039
1 0.812 0.285 0.019 0.034
1 0.834 0.205 0.018 0.036
1 0.81 0.194 0.02 0.037
1 0.769 0.255 0.02 0.043
1 0.78 0.239 0.018 0.037
1 0.819 0.138 0.016 0.037
1 0.817 0.175 0.016 0.031
1 0.789 0.146 0.017 0.033
1 0.775 0.165 0.018 0.036
1 0.75 0.2 0.018 0.037
1 0.735 0.15 0.016 0.03
1 0.773 0.123 0.018 0.031
1 0.756 0.1 0.015 0.031
1 0.815 0.073 0.018 0.033
1 0.85 0.097 0.016 0.03
1 0.785 0.079 0.013 0.024
1 0.801 0.037 0.015 0.027
1 0.77 0.055 0.015 0.027
1 0.754 0.068 0.017 0.025
1 0.764 0.037 0.016 0.024
1 0.728 0.055 0.016 0.03
1 0.757 0.015 0.015 0.024
1 0.796 0.006 0.013 0.012
1 0.742 0.007 0.013 0.013
1 0.525 0.893 0.031 0.074
1 0.529 0.744 0.022 0.068
1 0.452 0.702 0.031 0.057
1 0.519 0.674 0.025 0.051
1 0.412 0.844 0.036 0.085
1 0.432 0.982 0.042 0.036
1 0.315 0.809 0.047 0.082
1 0.574 0.531 0.028 0.051
1 0.495 0.62 0.03 0.058
1 0.471 0.512 0.026 0.054
1 0.555 0.442 0.031 0.06
1 0.472 0.429 0.023 0.049
1 0.512 0.399 0.023 0.051
1 0.626 0.396 0.024 0.054
1 0.714 0.41 0.023 0.049
1 0.448 0.394 0.023 0.045
1 0.698 0.47 0.024 0.039
1 0.685 0.348 0.021 0.048
1 0.726 0.339 0.021 0.046
1 0.754 0.34 0.022 0.043
1 0.703 0.283 0.016 0.03
1 0.645 0.305 0.021 0.042
1 0.655 0.281 0.02 0.036
1 0.604 0.338 0.022 0.048
1 0.72 0.202 0.018 0.04
1 0.704 0.203 0.017 0.034
1 0.689 0.173 0.014 0.024
1 0.636 0.239 0.018 0.034
1 0.613 0.319 0.019 0.034
1 0.6 0.266 0.027 0.042
1 0.606 0.202 0.02 0.04
1 0.575 0.293 0.02 0.039
1 0.546 0.36 0.018 0.039
1 0.555 0.226 0.02 0.042
1 0.56 0.2 0.019 0.04
1 0.699 0.077 0.016 0.028
1 0.724 0.115 0.014 0.021
1 0.705 0.115 0.018 0.028
1 0.684 0.1 0.017 0.03
1 0.688 0.033 0.015 0.027
1 0.669 0.115 0.015 0.03
1 0.685 0.138 0.018 0.028
1 0.631 0.166 0.018 0.037
1 0.642 0.148 0.012 0.022
1 0.659 0.103 0.018 0.034
1 0.648 0.062 0.014 0.03
1 0.659 0.036 0.016 0.027
1 0.633 0.078 0.018 0.028
1 0.609 0.083 0.015 0.033
1 0.621 0.029 0.014 0.025
1 0.6 0.062 0.014 0.022
1 0.658 0.01 0.015 0.018
1 0.599 0.042 0.013 0.019
1 0.597 0.028 0.012 0.018
1 0.587 0.12 0.015 0.031
1 0.569 0.077 0.017 0.03
1 0.571 0.127 0.017 0.034
1 0.542 0.065 0.013 0.028
1 0.55 0.057 0.01 0.028
1 0.557 0.044 0.007 0.013
1 0.562 0.016 0.014 0.027
1 0.525 0.015 0.012 0.021
1 0.544 0.106 0.015 0.034
1 0.528 0.083 0.014 0.024
1 0.521 0.112 0.018 0.039
1 0.492 0.093 0.015 0.031
1 0.506 0.141 0.018 0.036
1 0.461 0.107 0.016 0.03
1 0.454 0.065 0.016 0.033
1 0.509 0.032 0.014 0.028
1 0.489 0.047 0.014 0.031
1 0.454 0.028 0.012 0.024
1 0.427 0.113 0.021 0.024
1 0.418 0.152 0.017 0.033
1 0.419 0.104 0.018 0.027
1 0.408 0.077 0.016 0.031
1 0.409 0.049 0.013 0.021
1 0.389 0.14 0.018 0.03
1 0.36 0.121 0.015 0.033
1 0.374 0.096 0.016 0.031
1 0.395 0.042 0.014 0.024
1 0.379 0.042 0.013 0.022
1 0.397 0.013 0.014 0.022
1 0.376 0.019 0.013 0.018
1 0.359 0.048 0.016 0.024
1 0.351 0.029 0.015 0.025
1 0.322 0.042 0.017 0.033
1 0.42 0.011 0.016 0.022
1 0.326 0.142 0.019 0.031
1 0.324 0.092 0.014 0.031
1 0.33 0.007 0.014 0.015
1 0.358 0.007 0.015 0.015
1 0.285 0.014 0.016 0.028
1 0.274 0.074 0.02 0.027
1 0.306 0.121 0.017 0.034
1 0.258 0.127 0.018 0.031
1 0.261 0.084 0.018 0.034
1 0.25 0.052 0.016 0.027
1 0.249 0.016 0.014 0.025
1 0.241 0.028 0.016 0.031
1 0.239 0.135 0.017 0.037
1 0.224 0.091 0.017 0.03
1 0.223 0.068 0.015 0.025
1 0.195 0.041 0.015 0.028
1 0.196 0.092 0.016 0.036
1 0.18 0.018 0.014 0.03
1 0.191 0.012 0.011 0.021
1 0.206 0.031 0.01 0.027
1 0.202 0.164 0.02 0.034
1 0.188 0.131 0.016 0.024
1 0.552 0.164 0.013 0.024
1 0.453 0.216 0.019 0.033
1 0.514 0.264 0.021 0.037
1 0.488 0.27 0.019 0.034
1 0.502 0.33 0.021 0.045
1 0.468 0.334 0.018 0.043
1 0.419 0.272 0.021 0.045
1 0.399 0.296 0.02 0.048
1 0.446 0.196 0.013 0.033
1 0.4 0.197 0.018 0.04
1 0.37 0.181 0.016 0.034
1 0.36 0.193 0.019 0.03
1 0.34 0.199 0.02 0.034
1 0.338 0.25 0.02 0.042
1 0.303 0.259 0.021 0.042
1 0.348 0.332 0.021 0.042
1 0.432 0.362 0.018 0.043
1 0.283 0.329 0.023 0.045
1 0.265 0.214 0.018 0.042
1 0.278 0.202 0.018 0.033
1 0.286 0.246 0.021 0.046
1 0.32 0.182 0.019 0.036
1 0.27 0.169 0.017 0.031
1 0.406 0.381 0.022 0.039
1 0.408 0.422 0.021 0.043
1 0.392 0.435 0.027 0.061
1 0.34 0.378 0.022 0.048
1 0.281 0.451 0.03 0.054
1 0.346 0.565 0.029 0.058
1 0.396 0.53 0.029 0.054
1 0.366 0.68 0.035 0.083
1 0.265 0.539 0.03 0.064
1 0.255 0.478 0.022 0.043
1 0.234 0.69 0.041 0.07
1 0.194 0.653 0.024 0.065
1 0.153 0.865 0.045 0.077
1 0.048 0.841 0.037 0.074
1 0.04 0.693 0.036 0.067
1 0.174 0.49 0.03 0.057
1 0.076 0.445 0.031 0.06
1 0.136 0.487 0.024 0.062
1 0.201 0.391 0.026 0.061
1 0.242 0.403 0.025 0.058
1 0.077 0.388 0.021 0.045
1 0.198 0.299 0.028 0.057
1 0.228 0.311 0.022 0.042
1 0.221 0.234 0.019 0.036
1 0.206 0.247 0.022 0.036
1 0.143 0.234 0.021 0.04
1 0.152 0.225 0.017 0.036
1 0.111 0.241 0.018 0.039
1 0.153 0.33 0.022 0.045
1 0.159 0.305 0.02 0.042
1 0.128 0.322 0.018 0.049
1 0.072 0.309 0.029 0.052
1 0.082 0.268 0.025 0.048
1 0.145 0.17 0.019 0.04
1 0.15 0.15 0.019 0.034
1 0.096 0.189 0.018 0.036
1 0.067 0.24 0.019 0.04
1 0.042 0.173 0.021 0.042
1 0.089 0.121 0.017 0.036
1 0.125 0.124 0.017 0.036
1 0.169 0.106 0.019 0.03
1 0.151 0.07 0.017 0.03
1 0.124 0.086 0.012 0.025
1 0.088 0.064 0.016 0.033
1 0.075 0.072 0.015 0.025
1 0.03 0.124 0.016 0.024
1 0.072 0.147 0.019 0.037
1 0.053 0.15 0.02 0.034
1 0.025 0.092 0.016 0.028
1 0.034 0.046 0.014 0.03
1 0.042 0.03 0.014 0.024
1 0.107 0.028 0.016 0.031
1 0.057 0.022 0.011 0.019
1 0.123 0.011 0.016 0.022
1 0.097 0.022 0.015 0.031
1 0.01 0.061 0.019 0.03
1 0.165 0.016 0.016 0.03
1 0.009 0.568 0.018 0.073
1 0.006 0.15 0.012 0.046
1 0.008 0.013 0.016 0.027
1 0.008 0.254 0.016 0.042
1 0.115 0.985 0.046 0.03
1 0.95 0.063 0.018 0.031
