1 0.159 0.168 0.057 0.106
1 0.516 0.347 0.041 0.094
1 0.482 0.31 0.029 0.08
1 0.433 0.358 0.027 0.056
1 0.527 0.752 0.093 0.198
1 0.281 0.886 0.063 0.229
1 0.941 0.766 0.082 0.132
1 0.719 0.646 0.062 0.12
1 0.721 0.543 0.037 0.065
1 0.693 0.512 0.042 0.073
1 0.633 0.49 0.027 0.05
1 0.87 0.532 0.048 0.088
1 0.967 0.555 0.062 0.095
1 0.361 0.224 0.013 0.03
1 0.056 0.418 0.015 0.024
1 0.895 0.419 0.02 0.041
1 0.932 0.398 0.023 0.042
1 0.986 0.411 0.027 0.042
1 0.928 0.498 0.033 0.064
1 0.973 0.353 0.015 0.024
1 0.838 0.39 0.017 0.035
1 0.863 0.379 0.016 0.03
1 0.85 0.346 0.013 0.023
1 0.713 0.401 0.015 0.029
1 0.721 0.436 0.024 0.045
1 0.667 0.434 0.015 0.032
1 0.633 0.428 0.018 0.035
1 0.651 0.416 0.011 0.02
1 0.624 0.388 0.011 0.021
1 0.644 0.378 0.009 0.02
1 0.657 0.377 0.01 0.02
1 0.707 0.352 0.009 0.017
1 0.73 0.354 0.01 0.014
1 0.762 0.341 0.009 0.018
1 0.824 0.329 0.008 0.015
1 0.924 0.383 0.018 0.027
1 0.939 0.377 0.015 0.035
1 0.878 0.34 0.008 0.02
1 0.959 0.327 0.009 0.018
1 0.929 0.33 0.008 0.018
1 0.978 0.32 0.008 0.018
1 0.968 0.318 0.006 0.015
