1 0.176 0.321 0.071 0.176
1 0.237 0.339 0.028 0.054
1 0.284 0.408 0.055 0.101
1 0.322 0.343 0.028 0.056
1 0.384 0.355 0.04 0.075
1 0.378 0.427 0.06 0.089
1 0.422 0.368 0.018 0.034
1 0.444 0.378 0.013 0.018
1 0.461 0.35 0.03 0.05
1 0.517 0.372 0.038 0.07
1 0.574 0.363 0.024 0.056
1 0.62 0.343 0.033 0.059
1 0.501 0.158 0.007 0.015
1 0.523 0.162 0.009 0.016
1 0.562 0.157 0.005 0.016
1 0.585 0.095 0.007 0.018
1 0.633 0.096 0.008 0.016
1 0.65 0.175 0.007 0.013
1 0.54 0.198 0.007 0.015
1 0.755 0.264 0.067 0.122
1 0.941 0.359 0.109 0.177
