1 0.994 0.467 0.011 0.024
1 0.991 0.411 0.012 0.019
1 0.944 0.434 0.011 0.03
1 0.844 0.658 0.03 0.063
1 0.859 0.542 0.014 0.049
1 0.857 0.506 0.019 0.042
1 0.809 0.416 0.013 0.022
1 0.868 0.41 0.011 0.016
1 0.809 0.389 0.012 0.017
1 0.775 0.414 0.012 0.022
1 0.725 0.41 0.012 0.022
1 0.687 0.405 0.012 0.025
1 0.639 0.411 0.012 0.017
1 0.656 0.438 0.014 0.022
1 0.643 0.484 0.008 0.027
1 0.602 0.438 0.008 0.028
1 0.592 0.4 0.013 0.02
1 0.55 0.401 0.013 0.02
1 0.562 0.404 0.008 0.017
1 0.576 0.412 0.009 0.017
1 0.584 0.411 0.008 0.017
1 0.531 0.415 0.011 0.017
1 0.516 0.385 0.01 0.02
1 0.485 0.399 0.012 0.025
1 0.47 0.393 0.01 0.024
1 0.475 0.392 0.008 0.017
1 0.457 0.398 0.012 0.02
1 0.441 0.39 0.011 0.02
1 0.421 0.407 0.011 0.019
1 0.416 0.448 0.016 0.042
1 0.543 0.403 0.008 0.013
1 0.396 0.41 0.014 0.025
1 0.379 0.389 0.007 0.013
1 0.385 0.408 0.007 0.016
1 0.37 0.406 0.009 0.017
1 0.353 0.401 0.011 0.024
1 0.337 0.402 0.014 0.019
1 0.328 0.403 0.009 0.019
1 0.271 0.39 0.013 0.024
1 0.282 0.388 0.01 0.019
1 0.253 0.392 0.009 0.016
1 0.242 0.385 0.01 0.019
1 0.228 0.391 0.013 0.025
1 0.185 0.388 0.012 0.022
1 0.299 0.394 0.007 0.016
1 0.223 0.353 0.009 0.016
1 0.228 0.362 0.007 0.014
1 0.171 0.393 0.016 0.027
1 0.123 0.384 0.013 0.024
1 0.114 0.461 0.012 0.02
1 0.092 0.383 0.009 0.022
1 0.164 0.485 0.012 0.038
1 0.182 0.524 0.024 0.046
1 0.005 0.4 0.011 0.027
1 0.02 0.502 0.011 0.024
1 0.199 0.385 0.006 0.013
1 0.214 0.388 0.007 0.016
1 0.43 0.389 0.01 0.024
