1 0.029 0.056 0.012 0.021
1 0.045 0.013 0.007 0.015
1 0.064 0.034 0.009 0.018
1 0.066 0.288 0.014 0.034
1 0.082 0.35 0.016 0.028
1 0.023 0.662 0.013 0.033
1 0.237 0.459 0.01 0.024
1 0.362 0.43 0.014 0.03
1 0.333 0.376 0.011 0.019
1 0.278 0.353 0.015 0.027
1 0.228 0.316 0.012 0.025
1 0.288 0.222 0.012 0.027
1 0.262 0.174 0.013 0.025
1 0.279 0.144 0.01 0.027
1 0.378 0.252 0.016 0.03
1 0.363 0.157 0.016 0.024
1 0.469 0.27 0.015 0.031
1 0.409 0.323 0.013 0.024
1 0.537 0.501 0.014 0.024
1 0.598 0.286 0.01 0.024
1 0.483 0.214 0.011 0.022
1 0.605 0.179 0.013 0.025
1 0.65 0.085 0.012 0.028
1 0.157 0.164 0.013 0.028
1 0.294 0.036 0.013 0.033
1 0.763 0.039 0.014 0.028
1 0.904 0.013 0.01 0.022
1 0.861 0.152 0.015 0.025
1 0.854 0.215 0.012 0.027
1 0.951 0.198 0.011 0.028
1 0.93 0.266 0.011 0.031
1 0.923 0.309 0.01 0.025
1 0.947 0.316 0.012 0.033
1 0.854 0.444 0.014 0.027
1 0.838 0.416 0.012 0.027
1 0.816 0.414 0.01 0.025
1 0.669 0.447 0.01 0.028
1 0.811 0.224 0.009 0.021
1 0.058 0.925 0.009 0.025
1 0.736 0.554 0.007 0.027
1 0.821 0.54 0.007 0.019
1 0.818 0.624 0.01 0.033
1 0.828 0.854 0.009 0.025
1 0.854 0.679 0.009 0.03
1 0.599 0.601 0.008 0.025
1 0.848 0.633 0.007 0.022
1 0.979 0.084 0.011 0.025
1 0.869 0.187 0.013 0.022
1 0.643 0.761 0.016 0.015
