1 0.904 0.375 0.047 0.1
1 0.847 0.353 0.022 0.038
1 0.789 0.379 0.028 0.055
1 0.729 0.35 0.03 0.059
1 0.708 0.312 0.015 0.029
1 0.635 0.324 0.026 0.048
1 0.589 0.361 0.021 0.039
1 0.577 0.335 0.017 0.027
1 0.45 0.334 0.02 0.043
1 0.362 0.372 0.025 0.048
1 0.334 0.369 0.016 0.027
1 0.391 0.36 0.018 0.035
1 0.273 0.359 0.012 0.027
1 0.26 0.366 0.013 0.023
1 0.251 0.341 0.008 0.014
1 0.257 0.327 0.006 0.016
1 0.246 0.356 0.011 0.022
1 0.237 0.355 0.013 0.025
1 0.233 0.361 0.009 0.017
1 0.22 0.361 0.008 0.014
1 0.198 0.371 0.013 0.026
1 0.166 0.371 0.012 0.023
1 0.16 0.366 0.011 0.02
1 0.128 0.372 0.012 0.022
1 0.116 0.376 0.01 0.025
1 0.144 0.355 0.008 0.012
1 0.145 0.368 0.006 0.012
1 0.153 0.372 0.006 0.013
1 0.099 0.377 0.011 0.02
1 0.09 0.376 0.01 0.02
1 0.074 0.384 0.01 0.017
1 0.168 0.35 0.008 0.013
1 0.02 0.382 0.01 0.016
1 0.884 0.351 0.016 0.035
