1 0.487 0.581 0.009 0.025
1 0.505 0.596 0.008 0.025
1 0.511 0.626 0.01 0.027
1 0.471 0.557 0.008 0.019
1 0.399 0.663 0.011 0.021
1 0.363 0.603 0.009 0.019
1 0.298 0.581 0.009 0.017
1 0.334 0.561 0.009 0.017
1 0.125 0.628 0.009 0.019
1 0.115 0.648 0.01 0.025
1 0.097 0.607 0.007 0.017
1 0.085 0.604 0.008 0.017
1 0.013 0.609 0.009 0.021
1 0.175 0.593 0.006 0.019
1 0.115 0.589 0.007 0.019
1 0.092 0.56 0.007 0.017
1 0.207 0.583 0.009 0.021
1 0.384 0.541 0.008 0.023
1 0.405 0.544 0.011 0.025
1 0.575 0.572 0.006 0.015
1 0.521 0.622 0.01 0.027
1 0.539 0.659 0.011 0.025
1 0.604 0.556 0.007 0.021
1 0.67 0.591 0.011 0.023
1 0.553 0.579 0.008 0.017
1 0.206 0.688 0.013 0.029
1 0.133 0.972 0.024 0.052
1 0.284 0.905 0.019 0.048
1 0.476 0.481 0.007 0.021
1 0.336 0.535 0.008 0.017
1 0.347 0.524 0.006 0.015
1 0.292 0.762 0.011 0.035
1 0.289 0.617 0.012 0.029
1 0.267 0.553 0.01 0.023
1 0.21 0.539 0.007 0.019
1 0.276 0.874 0.017 0.033
1 0.617 0.616 0.008 0.027
1 0.588 0.569 0.01 0.025
1 0.595 0.557 0.006 0.015
1 0.469 0.982 0.022 0.036
1 0.404 0.733 0.014 0.035
1 0.564 0.799 0.018 0.048
1 0.679 0.671 0.012 0.029
1 0.159 0.69 0.013 0.025
1 0.133 0.599 0.007 0.015
1 0.297 0.547 0.01 0.023
1 0.307 0.558 0.008 0.025
1 0.312 0.547 0.006 0.015
1 0.362 0.55 0.008 0.017
1 0.324 0.646 0.01 0.021
1 0.474 0.512 0.009 0.021
1 0.433 0.613 0.011 0.029
1 0.625 0.55 0.009 0.021
1 0.72 0.724 0.012 0.027
1 0.646 0.537 0.007 0.019
1 0.005 0.777 0.01 0.027
1 0.997 0.62 0.006 0.031
1 0.994 0.677 0.01 0.025
1 0.204 0.618 0.01 0.027
1 0.249 0.598 0.008 0.029
1 0.264 0.666 0.01 0.027
1 0.242 0.626 0.01 0.027
1 0.885 0.41 0.036 0.109
1 0.054 0.917 0.023 0.061
1 0.083 0.86 0.019 0.042
1 0.148 0.875 0.022 0.046
1 0.173 0.847 0.021 0.04
1 0.215 0.826 0.019 0.048
1 0.205 0.938 0.022 0.048
1 0.331 0.869 0.017 0.04
1 0.328 0.809 0.016 0.044
1 0.227 0.774 0.02 0.035
1 0.043 0.712 0.016 0.035
1 0.065 0.666 0.013 0.027
1 0.085 0.765 0.012 0.029
1 0.087 0.814 0.021 0.042
1 0.005 0.871 0.011 0.046
1 0.021 0.662 0.014 0.035
1 0.036 0.64 0.013 0.033
1 0.058 0.63 0.011 0.023
1 0.072 0.64 0.01 0.029
1 0.125 0.711 0.014 0.033
1 0.184 0.735 0.016 0.035
1 0.154 0.785 0.014 0.031
1 0.135 0.843 0.02 0.038
1 0.139 0.803 0.015 0.033
1 0.154 0.748 0.016 0.029
1 0.219 0.724 0.011 0.027
1 0.278 0.839 0.018 0.035
1 0.378 0.804 0.016 0.042
1 0.367 0.777 0.015 0.038
1 0.354 0.715 0.013 0.033
1 0.287 0.695 0.012 0.027
1 0.25 0.702 0.015 0.033
1 0.162 0.626 0.009 0.023
1 0.168 0.614 0.008 0.023
1 0.452 0.67 0.01 0.027
1 0.539 0.922 0.021 0.056
1 0.553 0.837 0.015 0.038
1 0.601 0.896 0.017 0.042
1 0.627 0.898 0.012 0.038
1 0.634 0.823 0.016 0.046
1 0.614 0.772 0.015 0.042
1 0.583 0.765 0.015 0.048
1 0.528 0.762 0.012 0.038
1 0.506 0.789 0.015 0.042
1 0.463 0.792 0.018 0.044
1 0.451 0.836 0.015 0.044
1 0.421 0.862 0.021 0.046
1 0.425 0.797 0.013 0.038
1 0.414 0.753 0.014 0.036
1 0.332 0.765 0.014 0.036
1 0.391 0.693 0.012 0.031
1 0.226 0.538 0.008 0.021
1 0.667 0.484 0.006 0.015
1 0.681 0.524 0.006 0.015
1 0.508 0.472 0.008 0.015
1 0.658 0.452 0.005 0.013
1 0.655 0.442 0.006 0.013
1 0.714 0.538 0.007 0.017
1 0.692 0.556 0.007 0.017
1 0.713 0.488 0.005 0.013
1 0.718 0.48 0.008 0.019
1 0.752 0.464 0.005 0.013
1 0.698 0.461 0.005 0.015
1 0.074 0.576 0.008 0.019
1 0.441 0.709 0.013 0.033
1 0.477 0.695 0.011 0.027
1 0.5 0.735 0.012 0.038
1 0.47 0.755 0.011 0.029
1 0.531 0.723 0.013 0.029
1 0.554 0.684 0.012 0.029
1 0.582 0.718 0.013 0.031
1 0.605 0.704 0.014 0.031
1 0.51 0.688 0.014 0.033
1 0.646 0.75 0.014 0.04
1 0.695 0.75 0.011 0.035
1 0.71 0.903 0.014 0.036
1 0.683 0.701 0.011 0.031
1 0.698 0.7 0.011 0.033
1 0.654 0.681 0.012 0.031
1 0.642 0.7 0.012 0.029
1 0.65 0.638 0.01 0.025
1 0.663 0.613 0.008 0.025
1 0.683 0.623 0.009 0.025
1 0.713 0.645 0.012 0.031
1 0.697 0.607 0.009 0.021
1 0.691 0.578 0.009 0.023
1 0.612 0.679 0.01 0.023
1 0.587 0.633 0.011 0.027
1 0.607 0.627 0.009 0.025
1 0.573 0.662 0.012 0.027
1 0.573 0.614 0.008 0.023
1 0.538 0.583 0.011 0.027
1 0.638 0.591 0.008 0.023
1 0.427 0.649 0.01 0.023
1 0.459 0.583 0.009 0.021
1 0.448 0.574 0.01 0.023
1 0.354 0.621 0.01 0.021
1 0.374 0.57 0.008 0.019
1 0.381 0.632 0.011 0.025
1 0.4 0.607 0.008 0.019
1 0.279 0.639 0.011 0.023
1 0.263 0.596 0.007 0.017
1 0.229 0.583 0.008 0.019
1 0.242 0.558 0.007 0.017
1 0.256 0.562 0.007 0.019
