1 0.206 0.828 0.018 0.028
1 0.265 0.857 0.021 0.039
1 0.155 0.855 0.021 0.048
1 0.065 0.903 0.013 0.037
1 0.096 0.842 0.021 0.041
1 0.128 0.841 0.012 0.025
1 0.12 0.833 0.008 0.019
1 0.126 0.802 0.016 0.031
1 0.189 0.784 0.017 0.034
1 0.217 0.787 0.013 0.026
1 0.204 0.758 0.011 0.022
1 0.081 0.811 0.018 0.031
1 0.057 0.811 0.018 0.037
1 0.021 0.803 0.013 0.032
1 0.02 0.779 0.013 0.025
1 0.07 0.756 0.01 0.023
1 0.065 0.77 0.008 0.015
1 0.047 0.776 0.011 0.013
1 0.096 0.8 0.008 0.022
1 0.134 0.756 0.008 0.015
1 0.126 0.757 0.007 0.012
1 0.164 0.744 0.012 0.026
1 0.127 0.728 0.013 0.02
1 0.096 0.729 0.008 0.016
1 0.089 0.728 0.006 0.012
1 0.104 0.697 0.008 0.015
1 0.129 0.708 0.005 0.012
1 0.124 0.713 0.005 0.007
1 0.166 0.723 0.009 0.013
1 0.174 0.697 0.012 0.012
1 0.147 0.708 0.008 0.019
1 0.072 0.723 0.005 0.013
1 0.067 0.726 0.004 0.007
1 0.061 0.727 0.008 0.015
1 0.176 0.721 0.008 0.01
1 0.212 0.693 0.009 0.018
1 0.143 0.677 0.005 0.006
1 0.174 0.654 0.006 0.009
1 0.152 0.649 0.007 0.009
1 0.112 0.635 0.004 0.007
1 0.126 0.646 0.005 0.006
1 0.128 0.683 0.007 0.012
1 0.135 0.708 0.005 0.012
1 0.11 0.683 0.006 0.012
1 0.103 0.679 0.005 0.007
1 0.083 0.7 0.007 0.009
1 0.079 0.713 0.008 0.013
1 0.047 0.703 0.006 0.012
1 0.039 0.721 0.008 0.015
1 0.066 0.676 0.005 0.01
1 0.012 0.697 0.004 0.01
1 0.157 0.665 0.005 0.009
1 0.184 0.642 0.004 0.009
1 0.079 0.664 0.004 0.007
1 0.048 0.662 0.003 0.007
1 0.086 0.653 0.005 0.007
1 0.063 0.653 0.003 0.004
1 0.013 0.655 0.007 0.006
1 0.021 0.646 0.006 0.009
1 0.011 0.664 0.004 0.009
1 0.127 0.628 0.004 0.007
1 0.238 0.645 0.003 0.009
1 0.247 0.648 0.003 0.009
1 0.234 0.671 0.007 0.012
1 0.238 0.695 0.01 0.022
1 0.238 0.713 0.011 0.019
1 0.248 0.718 0.008 0.015
1 0.181 0.705 0.008 0.015
1 0.184 0.745 0.006 0.01
1 0.169 0.754 0.011 0.022
1 0.131 0.774 0.011 0.019
1 0.111 0.874 0.025 0.039
1 0.235 0.772 0.015 0.02
1 0.244 0.758 0.013 0.025
1 0.228 0.755 0.013 0.019
1 0.247 0.734 0.007 0.012
1 0.251 0.748 0.013 0.022
1 0.259 0.819 0.018 0.031
1 0.269 0.754 0.012 0.019
1 0.289 0.694 0.009 0.013
1 0.278 0.734 0.006 0.009
1 0.286 0.736 0.007 0.013
1 0.298 0.749 0.011 0.023
1 0.309 0.732 0.01 0.015
1 0.309 0.76 0.012 0.016
1 0.297 0.784 0.01 0.029
1 0.288 0.794 0.008 0.018
1 0.333 0.791 0.013 0.023
1 0.338 0.777 0.013 0.022
1 0.321 0.661 0.009 0.015
1 0.307 0.7 0.005 0.009
1 0.314 0.696 0.005 0.006
1 0.323 0.7 0.009 0.013
1 0.34 0.676 0.008 0.013
1 0.363 0.661 0.007 0.015
1 0.36 0.707 0.008 0.013
1 0.365 0.692 0.006 0.012
1 0.341 0.702 0.007 0.015
1 0.348 0.697 0.008 0.016
1 0.369 0.74 0.015 0.025
1 0.365 0.718 0.01 0.015
1 0.344 0.744 0.01 0.012
1 0.359 0.761 0.008 0.019
1 0.336 0.757 0.01 0.018
1 0.328 0.856 0.022 0.048
1 0.408 0.914 0.024 0.054
1 0.342 0.825 0.011 0.029
1 0.395 0.86 0.01 0.02
1 0.526 0.75 0.01 0.012
1 0.521 0.781 0.01 0.012
1 0.572 0.768 0.005 0.009
1 0.577 0.769 0.008 0.012
1 0.554 0.761 0.005 0.007
1 0.594 0.789 0.009 0.013
1 0.54 0.823 0.007 0.009
1 0.546 0.822 0.007 0.01
1 0.558 0.839 0.014 0.02
1 0.576 0.853 0.011 0.016
1 0.591 0.872 0.013 0.025
1 0.614 0.876 0.014 0.025
1 0.648 0.898 0.015 0.025
1 0.669 0.912 0.014 0.029
1 0.696 0.923 0.015 0.028
1 0.602 0.9 0.011 0.016
1 0.918 0.985 0.019 0.023
1 0.745 0.827 0.021 0.026
1 0.8 0.92 0.016 0.023
1 0.985 0.966 0.018 0.039
1 0.934 0.933 0.015 0.025
1 0.898 0.908 0.015 0.023
1 0.956 0.879 0.015 0.023
1 0.995 0.923 0.007 0.018
1 0.997 0.876 0.004 0.013
1 0.988 0.844 0.012 0.018
1 0.974 0.818 0.011 0.019
1 0.952 0.826 0.012 0.015
1 0.918 0.868 0.013 0.019
1 0.874 0.893 0.016 0.02
1 0.901 0.85 0.012 0.019
1 0.928 0.824 0.01 0.016
1 0.973 0.782 0.008 0.009
1 0.967 0.81 0.005 0.009
1 0.907 0.82 0.008 0.012
1 0.921 0.805 0.008 0.007
1 0.847 0.882 0.014 0.019
1 0.85 0.854 0.011 0.015
1 0.872 0.833 0.011 0.02
1 0.861 0.827 0.009 0.018
1 0.882 0.813 0.009 0.012
1 0.904 0.8 0.006 0.009
1 0.869 0.807 0.008 0.015
1 0.824 0.863 0.014 0.023
1 0.79 0.861 0.013 0.018
1 0.821 0.844 0.011 0.01
1 0.828 0.812 0.008 0.016
1 0.855 0.817 0.008 0.019
1 0.843 0.806 0.009 0.012
1 0.864 0.787 0.006 0.007
1 0.88 0.789 0.007 0.01
1 0.926 0.772 0.006 0.009
1 0.775 0.816 0.01 0.015
1 0.689 0.868 0.013 0.018
1 0.809 0.834 0.01 0.019
1 0.796 0.814 0.008 0.01
1 0.783 0.798 0.01 0.012
1 0.759 0.814 0.007 0.013
1 0.731 0.805 0.007 0.013
1 0.72 0.803 0.01 0.015
1 0.714 0.806 0.006 0.009
1 0.711 0.832 0.012 0.02
1 0.701 0.829 0.01 0.018
1 0.665 0.85 0.013 0.019
1 0.646 0.846 0.012 0.018
1 0.618 0.825 0.009 0.016
1 0.609 0.827 0.01 0.019
1 0.646 0.79 0.008 0.01
1 0.637 0.784 0.008 0.009
1 0.626 0.775 0.004 0.006
1 0.648 0.746 0.007 0.009
1 0.585 0.788 0.007 0.009
1 0.667 0.8 0.007 0.009
1 0.675 0.808 0.007 0.01
1 0.703 0.799 0.009 0.013
1 0.688 0.79 0.007 0.013
1 0.676 0.776 0.006 0.012
1 0.705 0.768 0.006 0.009
1 0.716 0.784 0.006 0.007
1 0.72 0.775 0.005 0.006
1 0.729 0.785 0.006 0.009
1 0.755 0.79 0.007 0.007
1 0.737 0.762 0.006 0.01
1 0.75 0.769 0.007 0.009
1 0.819 0.796 0.007 0.01
1 0.815 0.787 0.007 0.012
1 0.782 0.777 0.006 0.01
1 0.777 0.756 0.005 0.009
1 0.797 0.757 0.006 0.012
1 0.832 0.798 0.01 0.015
1 0.836 0.775 0.005 0.006
1 0.86 0.78 0.006 0.01
1 0.873 0.765 0.006 0.01
1 0.873 0.735 0.003 0.006
1 0.893 0.727 0.006 0.012
1 0.917 0.732 0.007 0.01
1 0.943 0.736 0.007 0.007
1 0.959 0.744 0.006 0.009
1 0.836 0.692 0.004 0.009
1 0.983 0.735 0.006 0.009
1 0.92 0.771 0.003 0.01
1 0.904 0.765 0.006 0.01
1 0.942 0.762 0.008 0.012
1 0.996 0.812 0.007 0.022
1 0.694 0.78 0.005 0.007
1 0.238 0.925 0.014 0.048
1 0.342 0.966 0.022 0.067
1 0.392 0.739 0.012 0.019
