1 0.922 0.146 0.033 0.065
1 0.851 0.296 0.051 0.091
1 0.793 0.175 0.03 0.059
1 0.726 0.019 0.023 0.038
1 0.67 0.224 0.031 0.062
1 0.6 0.432 0.048 0.097
1 0.546 0.39 0.036 0.072
1 0.51 0.307 0.032 0.063
1 0.55 0.05 0.017 0.035
1 0.494 0.071 0.018 0.034
1 0.371 0.357 0.033 0.06
1 0.433 0.135 0.015 0.025
1 0.398 0.125 0.014 0.029
1 0.373 0.113 0.011 0.026
1 0.436 0.017 0.01 0.019
1 0.392 0.013 0.01 0.019
1 0.353 0.022 0.01 0.021
1 0.315 0.031 0.011 0.021
1 0.333 0.134 0.01 0.018
1 0.273 0.058 0.009 0.022
1 0.377 0.218 0.025 0.047
1 0.292 0.249 0.015 0.028
1 0.266 0.243 0.021 0.034
1 0.295 0.305 0.021 0.037
1 0.583 0.196 0.02 0.034
1 0.251 0.444 0.033 0.062
1 0.126 0.455 0.036 0.06
1 0.142 0.372 0.035 0.062
1 0.125 0.346 0.023 0.04
1 0.013 0.426 0.025 0.05
1 0.063 0.343 0.02 0.035
1 0.069 0.301 0.016 0.028
1 0.077 0.282 0.016 0.026
1 0.115 0.271 0.012 0.018
1 0.119 0.324 0.013 0.025
1 0.129 0.3 0.016 0.024
1 0.133 0.321 0.017 0.025
1 0.179 0.321 0.01 0.021
1 0.186 0.268 0.017 0.029
1 0.076 0.185 0.015 0.031
1 0.107 0.167 0.012 0.025
1 0.095 0.18 0.01 0.013
1 0.065 0.163 0.006 0.012
1 0.13 0.159 0.01 0.021
1 0.203 0.093 0.009 0.019
1 0.233 0.096 0.01 0.018
1 0.279 0.166 0.009 0.015
1 0.242 0.178 0.017 0.024
1 0.168 0.172 0.012 0.021
1 0.147 0.117 0.009 0.016
1 0.133 0.13 0.01 0.016
1 0.106 0.128 0.01 0.018
1 0.029 0.214 0.011 0.019
1 0.202 0.173 0.011 0.019
