1 0.939 0.379 0.036 0.057
1 0.904 0.392 0.044 0.074
1 0.898 0.269 0.025 0.037
1 0.819 0.269 0.024 0.041
1 0.826 0.198 0.019 0.031
1 0.838 0.34 0.021 0.046
1 0.813 0.399 0.037 0.061
1 0.76 0.294 0.027 0.034
1 0.781 0.342 0.033 0.055
1 0.762 0.415 0.041 0.065
1 0.77 0.212 0.023 0.028
1 0.74 0.252 0.025 0.039
1 0.716 0.222 0.014 0.019
1 0.681 0.292 0.032 0.05
1 0.675 0.209 0.023 0.039
1 0.742 0.203 0.019 0.024
1 0.64 0.257 0.026 0.041
1 0.653 0.244 0.018 0.039
1 0.638 0.189 0.017 0.03
1 0.689 0.365 0.037 0.064
1 0.646 0.336 0.031 0.051
1 0.619 0.39 0.042 0.073
1 0.576 0.303 0.037 0.054
1 0.6 0.251 0.024 0.045
1 0.578 0.2 0.02 0.032
1 0.561 0.228 0.016 0.034
1 0.541 0.399 0.031 0.06
1 0.538 0.26 0.024 0.043
1 0.52 0.229 0.017 0.037
1 0.488 0.206 0.021 0.03
1 0.495 0.296 0.028 0.034
1 0.462 0.326 0.036 0.06
1 0.439 0.413 0.043 0.068
1 0.427 0.335 0.026 0.042
1 0.408 0.271 0.021 0.032
1 0.376 0.292 0.028 0.047
1 0.337 0.348 0.028 0.05
1 0.325 0.397 0.032 0.055
1 0.302 0.356 0.021 0.049
1 0.253 0.333 0.047 0.073
1 0.196 0.346 0.029 0.043
1 0.127 0.348 0.045 0.077
1 0.005 0.367 0.011 0.058
1 0.974 0.341 0.03 0.046
1 0.869 0.349 0.014 0.022
