1 0.41 0.508 0.021 0.048
1 0.437 0.386 0.017 0.036
1 0.351 0.456 0.017 0.048
1 0.402 0.408 0.02 0.048
1 0.462 0.686 0.035 0.077
1 0.294 0.503 0.023 0.066
1 0.322 0.525 0.023 0.05
1 0.268 0.524 0.025 0.057
1 0.175 0.503 0.02 0.057
1 0.205 0.697 0.024 0.066
1 0.187 0.608 0.024 0.066
1 0.236 0.541 0.019 0.059
1 0.359 0.589 0.019 0.064
1 0.367 0.372 0.014 0.039
1 0.408 0.362 0.017 0.043
1 0.386 0.56 0.019 0.052
1 0.253 0.365 0.014 0.043
1 0.292 0.348 0.014 0.045
1 0.299 0.692 0.026 0.089
1 0.457 0.36 0.014 0.039
1 0.445 0.275 0.012 0.032
1 0.231 0.451 0.018 0.043
1 0.24 0.308 0.013 0.039
1 0.466 0.312 0.012 0.034
1 0.29 0.434 0.015 0.045
1 0.321 0.483 0.018 0.048
1 0.351 0.37 0.018 0.045
1 0.189 0.435 0.017 0.052
1 0.302 0.333 0.015 0.034
1 0.091 0.664 0.03 0.077
1 0.115 0.63 0.027 0.068
1 0.119 0.536 0.019 0.055
1 0.111 0.475 0.02 0.045
1 0.061 0.5 0.021 0.045
1 0.03 0.827 0.034 0.086
1 0.058 0.426 0.02 0.048
1 0.142 0.302 0.012 0.032
1 0.04 0.345 0.014 0.027
1 0.084 0.373 0.008 0.023
1 0.168 0.317 0.016 0.039
1 0.427 0.285 0.011 0.03
1 0.493 0.348 0.013 0.041
1 0.453 0.247 0.012 0.03
1 0.466 0.28 0.013 0.032
1 0.385 0.248 0.011 0.032
1 0.408 0.247 0.011 0.03
1 0.362 0.239 0.013 0.032
1 0.436 0.256 0.013 0.03
1 0.897 0.33 0.018 0.05
1 0.831 0.139 0.019 0.086
1 0.768 0.434 0.017 0.041
1 0.706 0.311 0.014 0.045
1 0.64 0.552 0.011 0.032
1 0.55 0.497 0.011 0.03
1 0.42 0.62 0.011 0.045
1 0.37 0.35 0.016 0.041
1 0.412 0.227 0.011 0.027
1 0.054 0.549 0.023 0.057
1 0.037 0.061 0.014 0.036
1 0.028 0.122 0.011 0.025
1 0.145 0.061 0.009 0.023
1 0.239 0.111 0.009 0.023
1 0.299 0.192 0.01 0.025
1 0.32 0.119 0.007 0.02
1 0.27 0.291 0.012 0.032
1 0.187 0.303 0.015 0.039
1 0.407 0.053 0.01 0.025
1 0.396 0.281 0.014 0.039
1 0.463 0.444 0.019 0.052
1 0.493 0.411 0.017 0.05
1 0.218 0.385 0.013 0.043
