1 0.949 0.395 0.019 0.028
1 0.874 0.373 0.016 0.047
1 0.87 0.396 0.019 0.032
1 0.858 0.488 0.02 0.033
1 0.917 0.522 0.036 0.06
1 0.8 0.414 0.017 0.031
1 0.779 0.487 0.017 0.028
1 0.741 0.524 0.021 0.038
1 0.775 0.539 0.021 0.033
1 0.794 0.614 0.038 0.076
1 0.671 0.689 0.084 0.151
1 0.643 0.566 0.033 0.052
1 0.642 0.5 0.017 0.031
1 0.622 0.506 0.014 0.031
1 0.632 0.434 0.014 0.02
1 0.525 0.605 0.021 0.054
1 0.594 0.619 0.023 0.02
1 0.463 0.945 0.088 0.111
1 0.144 0.801 0.087 0.164
1 0.377 0.397 0.064 0.125
1 0.151 0.635 0.032 0.071
1 0.099 0.638 0.028 0.051
1 0.264 0.592 0.02 0.049
1 0.215 0.591 0.023 0.038
1 0.158 0.564 0.021 0.031
1 0.126 0.55 0.016 0.032
1 0.103 0.53 0.011 0.023
1 0.072 0.536 0.013 0.025
1 0.216 0.539 0.014 0.022
1 0.213 0.52 0.012 0.022
1 0.063 0.787 0.077 0.102
1 0.319 0.445 0.01 0.02
1 0.281 0.447 0.008 0.017
1 0.339 0.447 0.012 0.023
1 0.2 0.462 0.008 0.016
1 0.161 0.519 0.009 0.016
1 0.134 0.533 0.011 0.019
1 0.044 0.472 0.013 0.02
1 0.198 0.519 0.006 0.01
1 0.019 0.729 0.038 0.112
