1 0.143 0.751 0.018 0.034
1 0.185 0.85 0.025 0.047
1 0.236 0.786 0.015 0.035
1 0.268 0.746 0.018 0.037
1 0.027 0.848 0.017 0.034
1 0.047 0.913 0.02 0.038
1 0.127 0.683 0.013 0.028
1 0.012 0.714 0.016 0.038
1 0.111 0.435 0.019 0.026
1 0.147 0.429 0.016 0.028
1 0.188 0.409 0.018 0.029
1 0.189 0.479 0.013 0.028
1 0.269 0.446 0.011 0.028
1 0.26 0.334 0.014 0.029
1 0.167 0.284 0.013 0.019
1 0.025 0.376 0.013 0.022
1 0.31 0.738 0.018 0.031
1 0.378 0.677 0.019 0.032
1 0.278 0.679 0.014 0.026
1 0.455 0.819 0.011 0.028
1 0.526 0.665 0.017 0.034
1 0.556 0.739 0.02 0.035
1 0.662 0.814 0.022 0.035
1 0.729 0.706 0.02 0.04
1 0.66 0.67 0.017 0.035
1 0.758 0.736 0.015 0.035
1 0.57 0.928 0.013 0.035
1 0.975 0.735 0.017 0.031
1 0.932 0.708 0.021 0.038
1 0.892 0.708 0.018 0.035
1 0.828 0.691 0.014 0.028
1 0.801 0.722 0.017 0.034
1 0.938 0.813 0.014 0.025
1 0.929 0.907 0.012 0.028
1 0.787 0.826 0.02 0.041
1 0.982 0.911 0.023 0.034
1 0.534 0.278 0.013 0.028
1 0.569 0.353 0.011 0.026
1 0.603 0.364 0.012 0.026
1 0.697 0.348 0.012 0.029
1 0.615 0.282 0.013 0.023
1 0.637 0.277 0.011 0.021
1 0.681 0.281 0.012 0.025
1 0.749 0.359 0.015 0.023
1 0.752 0.276 0.01 0.021
1 0.47 0.295 0.012 0.019
1 0.398 0.385 0.013 0.016
1 0.396 0.367 0.014 0.021
1 0.374 0.341 0.013 0.022
1 0.352 0.342 0.014 0.021
1 0.313 0.356 0.013 0.021
1 0.309 0.432 0.012 0.022
1 0.417 0.312 0.013 0.022
1 0.356 0.298 0.013 0.023
1 0.365 0.753 0.014 0.022
1 0.458 0.738 0.015 0.031
1 0.891 0.229 0.011 0.022
1 0.915 0.254 0.011 0.023
1 0.919 0.269 0.011 0.022
1 0.97 0.306 0.014 0.019
1 0.956 0.276 0.009 0.019
1 0.982 0.379 0.014 0.025
1 0.995 0.351 0.011 0.031
1 0.906 0.312 0.011 0.022
1 0.908 0.342 0.011 0.022
1 0.879 0.344 0.012 0.025
1 0.903 0.378 0.012 0.023
1 0.963 0.408 0.019 0.018
1 0.836 0.236 0.012 0.021
1 0.862 0.228 0.009 0.025
1 0.861 0.317 0.012 0.021
1 0.792 0.253 0.012 0.022
1 0.837 0.333 0.012 0.026
1 0.852 0.383 0.012 0.022
1 0.798 0.347 0.013 0.025
1 0.804 0.323 0.011 0.019
1 0.144 0.152 0.011 0.015
1 0.114 0.142 0.01 0.015
1 0.381 0.159 0.011 0.019
1 0.424 0.152 0.01 0.019
1 0.274 0.207 0.008 0.015
1 0.115 0.386 0.013 0.026
1 0.5 0.12 0.01 0.016
1 0.34 0.094 0.007 0.015
1 0.423 0.082 0.01 0.012
1 0.268 0.057 0.009 0.012
1 0.312 0.058 0.009 0.013
1 0.388 0.079 0.008 0.012
1 0.802 0.101 0.009 0.015
1 0.833 0.109 0.008 0.015
1 0.889 0.09 0.007 0.013
1 0.59 0.69 0.016 0.037
1 0.245 0.473 0.012 0.028
1 0.289 0.356 0.014 0.023
1 0.552 0.06 0.009 0.018
1 0.617 0.043 0.011 0.016
1 0.652 0.02 0.008 0.016
1 0.456 0.12 0.009 0.015
1 0.177 0.023 0.008 0.013
1 0.212 0.013 0.007 0.012
1 0.242 0.014 0.007 0.01
1 0.14 0.016 0.008 0.012
1 0.944 0.249 0.016 0.021
1 0.986 0.107 0.011 0.021
1 0.965 0.113 0.012 0.018
1 0.903 0.098 0.009 0.019
1 0.914 0.799 0.015 0.038
1 0.877 0.639 0.01 0.012
1 0.883 0.267 0.007 0.018
1 0.615 0.35 0.006 0.016
1 0.565 0.291 0.011 0.016
1 0.594 0.285 0.009 0.022
1 0.708 0.273 0.009 0.021
1 0.72 0.268 0.007 0.019
1 0.208 0.385 0.011 0.016
1 0.224 0.488 0.01 0.031
1 0.307 0.465 0.013 0.026
1 0.005 0.207 0.01 0.026
1 0.007 0.365 0.014 0.023
1 0.062 0.453 0.016 0.023
1 0.044 0.477 0.016 0.028
1 0.125 0.386 0.007 0.026
1 0.21 0.404 0.006 0.016
1 0.222 0.428 0.01 0.026
1 0.185 0.544 0.005 0.023
1 0.226 0.597 0.009 0.018
1 0.295 0.589 0.01 0.021
1 0.116 0.54 0.006 0.012
1 0.939 0.038 0.005 0.009
1 0.849 0.105 0.008 0.013
1 0.805 0.075 0.007 0.012
1 0.782 0.031 0.006 0.012
1 0.747 0.027 0.006 0.01
1 0.762 0.081 0.009 0.013
1 0.75 0.096 0.01 0.013
1 0.782 0.132 0.009 0.015
1 0.792 0.096 0.006 0.013
1 0.796 0.126 0.006 0.015
1 0.808 0.113 0.005 0.009
1 0.811 0.1 0.007 0.016
1 0.705 0.026 0.007 0.012
1 0.762 0.14 0.008 0.007
1 0.742 0.137 0.007 0.007
1 0.725 0.138 0.008 0.009
1 0.7 0.137 0.011 0.01
1 0.68 0.133 0.008 0.01
1 0.67 0.065 0.009 0.012
1 0.583 0.065 0.008 0.012
1 0.588 0.017 0.006 0.01
1 0.499 0.095 0.009 0.013
1 0.468 0.017 0.005 0.007
1 0.464 0.067 0.007 0.01
1 0.417 0.032 0.007 0.01
1 0.433 0.003 0.006 0.006
1 0.375 0.196 0.01 0.015
1 0.309 0.106 0.01 0.013
1 0.919 0.125 0.013 0.018
1 0.613 0.097 0.009 0.012
1 0.634 0.095 0.01 0.015
1 0.657 0.153 0.01 0.016
1 0.629 0.135 0.009 0.015
1 0.583 0.136 0.009 0.016
1 0.564 0.109 0.01 0.018
1 0.556 0.123 0.007 0.012
1 0.62 0.156 0.007 0.013
1 0.643 0.106 0.009 0.016
1 0.63 0.166 0.009 0.016
1 0.495 0.069 0.009 0.015
1 0.5 0.029 0.01 0.016
1 0.507 0.029 0.008 0.015
1 0.441 0.039 0.008 0.016
1 0.26 0.141 0.008 0.016
1 0.027 0.24 0.014 0.022
1 0.093 0.165 0.008 0.01
1 0.046 0.367 0.011 0.021
1 0.954 0.446 0.014 0.022
1 0.864 0.449 0.013 0.026
1 0.868 0.48 0.015 0.022
1 0.829 0.373 0.012 0.022
1 0.912 0.546 0.016 0.028
1 0.833 0.59 0.015 0.031
1 0.932 0.382 0.014 0.022
1 0.92 0.402 0.013 0.023
1 0.938 0.332 0.009 0.019
1 0.3 0.913 0.015 0.032
1 0.324 0.826 0.012 0.029
1 0.213 0.738 0.017 0.031
1 0.179 0.252 0.01 0.018
1 0.059 0.196 0.009 0.016
1 0.147 0.19 0.011 0.016
1 0.242 0.397 0.011 0.021
1 0.206 0.414 0.01 0.016
1 0.062 0.36 0.013 0.022
1 0.097 0.388 0.013 0.022
1 0.997 0.456 0.006 0.023
1 0.995 0.442 0.011 0.028
1 0.061 0.769 0.018 0.037
