1 0.89 0.781 0.021 0.039
1 0.93 0.618 0.017 0.039
1 0.897 0.592 0.014 0.028
1 0.84 0.634 0.011 0.03
1 0.824 0.608 0.021 0.037
1 0.963 0.369 0.016 0.033
1 0.93 0.456 0.011 0.034
1 0.787 0.65 0.014 0.039
1 0.716 0.647 0.018 0.036
1 0.758 0.612 0.015 0.03
1 0.701 0.603 0.017 0.031
1 0.645 0.628 0.019 0.036
1 0.635 0.609 0.021 0.034
1 0.538 0.56 0.017 0.033
1 0.514 0.632 0.02 0.033
1 0.438 0.605 0.021 0.043
1 0.439 0.543 0.008 0.027
1 0.399 0.641 0.018 0.031
1 0.341 0.601 0.018 0.033
1 0.305 0.601 0.018 0.036
1 0.339 0.566 0.018 0.031
1 0.261 0.661 0.022 0.03
1 0.219 0.684 0.018 0.031
1 0.181 0.623 0.018 0.034
1 0.173 0.646 0.015 0.036
1 0.101 0.635 0.02 0.039
1 0.075 0.591 0.02 0.033
1 0.065 0.529 0.018 0.034
1 0.007 0.565 0.01 0.036
1 0.046 0.482 0.016 0.03
1 0.274 0.493 0.018 0.031
1 0.197 0.488 0.016 0.033
1 0.16 0.519 0.017 0.037
1 0.136 0.416 0.015 0.028
1 0.111 0.438 0.015 0.028
1 0.188 0.429 0.014 0.024
1 0.248 0.415 0.012 0.027
1 0.315 0.432 0.015 0.028
1 0.284 0.453 0.013 0.025
1 0.351 0.408 0.015 0.019
1 0.295 0.38 0.018 0.031
1 0.269 0.379 0.017 0.036
1 0.297 0.353 0.016 0.03
1 0.192 0.363 0.015 0.033
1 0.126 0.371 0.014 0.028
1 0.017 0.193 0.017 0.028
1 0.015 0.227 0.014 0.025
1 0.11 0.145 0.012 0.022
1 0.435 0.431 0.016 0.031
1 0.404 0.359 0.015 0.027
1 0.427 0.478 0.015 0.018
1 0.378 0.326 0.011 0.03
1 0.063 0.061 0.012 0.024
1 0.097 0.037 0.012 0.027
1 0.272 0.06 0.014 0.028
1 0.262 0.04 0.009 0.021
1 0.202 0.048 0.013 0.027
1 0.133 0.04 0.012 0.024
1 0.294 0.028 0.013 0.024
1 0.392 0.109 0.013 0.03
1 0.506 0.257 0.014 0.031
1 0.491 0.296 0.017 0.03
1 0.509 0.299 0.016 0.03
1 0.526 0.274 0.012 0.024
1 0.567 0.289 0.013 0.024
1 0.601 0.256 0.016 0.03
1 0.49 0.211 0.017 0.039
1 0.497 0.195 0.013 0.03
1 0.524 0.182 0.011 0.016
1 0.512 0.193 0.01 0.018
1 0.596 0.149 0.013 0.024
1 0.57 0.139 0.01 0.022
1 0.56 0.112 0.014 0.024
1 0.517 0.067 0.014 0.024
1 0.492 0.074 0.012 0.022
1 0.511 0.043 0.013 0.024
1 0.52 0.021 0.012 0.024
1 0.553 0.011 0.012 0.022
1 0.523 0.114 0.013 0.022
1 0.601 0.196 0.012 0.025
1 0.531 0.157 0.013 0.025
1 0.73 0.049 0.012 0.027
1 0.716 0.061 0.011 0.021
1 0.824 0.052 0.013 0.024
1 0.85 0.036 0.015 0.024
1 0.868 0.054 0.01 0.024
1 0.936 0.141 0.014 0.021
1 0.953 0.112 0.013 0.025
1 0.924 0.094 0.015 0.027
1 0.913 0.086 0.012 0.024
1 0.951 0.178 0.013 0.028
1 0.894 0.097 0.012 0.03
1 0.841 0.173 0.014 0.028
1 0.823 0.225 0.015 0.031
1 0.809 0.242 0.017 0.031
1 0.829 0.277 0.016 0.033
1 0.781 0.271 0.016 0.033
1 0.763 0.21 0.011 0.027
1 0.695 0.267 0.016 0.028
1 0.665 0.33 0.015 0.03
1 0.68 0.304 0.016 0.028
1 0.755 0.342 0.016 0.031
1 0.455 0.202 0.011 0.021
1 0.812 0.404 0.016 0.031
1 0.749 0.417 0.018 0.036
1 0.738 0.382 0.017 0.031
1 0.79 0.467 0.015 0.037
1 0.782 0.432 0.012 0.027
1 0.723 0.473 0.016 0.033
1 0.828 0.355 0.017 0.028
1 0.874 0.29 0.017 0.036
1 0.855 0.423 0.014 0.03
1 0.655 0.468 0.017 0.034
1 0.712 0.4 0.011 0.028
1 0.575 0.187 0.016 0.031
1 0.894 0.016 0.012 0.019
1 0.019 0.406 0.014 0.028
1 0.004 0.488 0.009 0.03
1 0.941 0.539 0.008 0.015
1 0.953 0.525 0.009 0.016
1 0.99 0.493 0.019 0.03
