1 0.485 0.897 0.074 0.13
1 0.357 0.892 0.079 0.187
1 0.3 0.72 0.055 0.112
1 0.815 0.813 0.036 0.071
1 0.938 0.597 0.038 0.071
1 0.889 0.575 0.04 0.074
1 0.82 0.521 0.036 0.068
1 0.868 0.428 0.029 0.058
1 0.967 0.413 0.031 0.05
1 0.897 0.358 0.025 0.049
1 0.817 0.399 0.027 0.052
1 0.83 0.424 0.026 0.043
1 0.737 0.351 0.025 0.047
1 0.738 0.546 0.049 0.087
1 0.714 0.501 0.032 0.06
1 0.992 0.305 0.014 0.043
1 0.957 0.299 0.014 0.028
1 0.837 0.3 0.015 0.025
1 0.861 0.284 0.017 0.031
1 0.842 0.267 0.012 0.024
1 0.776 0.293 0.016 0.031
1 0.739 0.301 0.018 0.027
1 0.703 0.319 0.019 0.038
1 0.755 0.254 0.013 0.028
1 0.689 0.294 0.019 0.025
1 0.697 0.262 0.01 0.016
1 0.737 0.254 0.011 0.018
1 0.689 0.379 0.026 0.035
1 0.698 0.414 0.031 0.041
1 0.681 0.331 0.017 0.031
1 0.661 0.346 0.027 0.049
1 0.629 0.355 0.018 0.038
1 0.615 0.308 0.019 0.035
1 0.668 0.555 0.05 0.086
1 0.592 0.484 0.041 0.08
1 0.584 0.414 0.028 0.047
1 0.603 0.423 0.018 0.044
1 0.547 0.455 0.031 0.055
1 0.533 0.586 0.041 0.071
1 0.446 0.529 0.044 0.071
1 0.464 0.423 0.028 0.055
1 0.429 0.429 0.025 0.05
1 0.416 0.565 0.046 0.077
1 0.283 0.539 0.029 0.063
1 0.193 0.514 0.042 0.081
1 0.255 0.454 0.036 0.053
1 0.205 0.414 0.03 0.058
1 0.3 0.425 0.028 0.047
1 0.388 0.389 0.023 0.04
1 0.344 0.355 0.029 0.05
1 0.255 0.385 0.027 0.044
1 0.263 0.364 0.023 0.049
1 0.307 0.343 0.021 0.034
1 0.284 0.347 0.017 0.028
1 0.287 0.296 0.014 0.025
1 0.298 0.263 0.019 0.032
1 0.255 0.262 0.016 0.025
1 0.327 0.254 0.015 0.027
1 0.35 0.31 0.014 0.043
1 0.231 0.253 0.015 0.028
1 0.204 0.361 0.029 0.04
1 0.188 0.308 0.021 0.035
1 0.102 0.386 0.028 0.055
1 0.123 0.322 0.023 0.04
1 0.101 0.314 0.024 0.044
1 0.12 0.291 0.019 0.031
1 0.065 0.277 0.017 0.024
1 0.046 0.26 0.021 0.032
1 0.106 0.244 0.013 0.022
1 0.014 0.229 0.011 0.028
1 0.056 0.229 0.014 0.024
1 0.541 0.257 0.013 0.025
1 0.376 0.256 0.015 0.022
1 0.514 0.254 0.014 0.021
1 0.588 0.297 0.015 0.025
1 0.654 0.287 0.016 0.034
