1 0.63 0.317 0.152 0.154
1 0.444 0.808 0.057 0.05
1 0.361 0.75 0.029 0.049
1 0.247 0.723 0.043 0.034
1 0.148 0.679 0.02 0.023
1 0.126 0.65 0.012 0.018
1 0.06 0.662 0.018 0.026
1 0.045 0.661 0.023 0.027
1 0.026 0.64 0.019 0.015
1 0.007 0.638 0.014 0.018
1 0.019 0.618 0.007 0.008
1 0.02 0.607 0.009 0.007
1 0.036 0.6 0.01 0.006
1 0.019 0.589 0.004 0.003
1 0.029 0.584 0.003 0.005
1 0.035 0.586 0.004 0.003
1 0.041 0.581 0.003 0.003
1 0.147 0.566 0.003 0.002
1 0.117 0.564 0.003 0.003
1 0.091 0.565 0.003 0.002
1 0.035 0.567 0.004 0.003
1 0.06 0.566 0.004 0.002
1 0.064 0.565 0.003 0.002
1 0.04 0.561 0.003 0.004
1 0.044 0.566 0.003 0.002
1 0.021 0.562 0.003 0.003
1 0.017 0.564 0.003 0.002
1 0.01 0.564 0.004 0.004
1 0.001 0.564 0.002 0.003
1 0.054 0.584 0.003 0.003
1 0.076 0.562 0.003 0.003
1 0.025 0.572 0.003 0.002
1 0.022 0.568 0.003 0.003
1 0.004 0.564 0.002 0.002
1 0.904 0.464 0.008 0.007
1 0.913 0.462 0.005 0.007
1 0.911 0.502 0.006 0.006
1 0.91 0.473 0.009 0.007
1 0.858 0.445 0.007 0.011
1 0.288 0.546 0.004 0.004
1 0.297 0.546 0.004 0.005
1 0.307 0.548 0.004 0.004
1 0.301 0.544 0.004 0.004
1 0.306 0.54 0.003 0.004
1 0.309 0.536 0.003 0.004
1 0.308 0.529 0.004 0.004
1 0.319 0.526 0.003 0.005
1 0.317 0.538 0.003 0.003
1 0.325 0.541 0.004 0.004
1 0.31 0.516 0.005 0.004
1 0.303 0.52 0.005 0.004
1 0.288 0.522 0.003 0.003
1 0.286 0.53 0.005 0.003
1 0.291 0.532 0.004 0.003
1 0.274 0.55 0.003 0.002
1 0.271 0.535 0.004 0.003
1 0.281 0.527 0.004 0.002
1 0.268 0.549 0.003 0.003
1 0.269 0.554 0.004 0.003
1 0.263 0.556 0.004 0.004
1 0.356 0.528 0.005 0.004
1 0.361 0.531 0.003 0.004
1 0.339 0.528 0.003 0.003
1 0.349 0.533 0.005 0.004
1 0.354 0.502 0.005 0.005
1 0.38 0.499 0.004 0.004
1 0.39 0.494 0.005 0.005
1 0.42 0.49 0.005 0.005
1 0.432 0.491 0.005 0.006
1 0.413 0.515 0.004 0.006
1 0.408 0.51 0.005 0.003
1 0.469 0.489 0.006 0.006
1 0.499 0.497 0.006 0.006
1 0.493 0.507 0.005 0.005
1 0.468 0.508 0.006 0.005
1 0.438 0.502 0.005 0.005
1 0.427 0.503 0.007 0.006
1 0.397 0.518 0.006 0.006
1 0.441 0.485 0.006 0.006
1 0.449 0.48 0.006 0.007
