1 0.802 0.397 0.018 0.03
1 0.905 0.395 0.018 0.029
1 0.965 0.312 0.015 0.029
1 0.821 0.545 0.015 0.024
1 0.752 0.09 0.014 0.021
1 0.837 0.03 0.014 0.022
1 0.665 0.125 0.015 0.024
1 0.606 0.154 0.014 0.024
1 0.574 0.128 0.015 0.024
1 0.608 0.05 0.014 0.03
1 0.571 0.014 0.012 0.024
1 0.715 0.213 0.013 0.029
1 0.763 0.223 0.017 0.025
1 0.781 0.495 0.015 0.029
1 0.968 0.514 0.015 0.032
1 0.853 0.763 0.021 0.038
1 0.276 0.467 0.015 0.037
1 0.134 0.788 0.021 0.038
1 0.125 0.076 0.02 0.038
1 0.031 0.15 0.018 0.037
1 0.006 0.277 0.012 0.045
1 0.912 0.664 0.017 0.032
