1 0.938 0.35 0.036 0.06
1 0.91 0.286 0.017 0.029
1 0.848 0.45 0.044 0.072
1 0.918 0.27 0.01 0.023
1 0.815 0.746 0.066 0.276
1 0.995 0.251 0.009 0.03
1 0.96 0.269 0.012 0.018
1 0.844 0.268 0.012 0.023
1 0.875 0.258 0.011 0.023
1 0.837 0.274 0.01 0.02
1 0.827 0.262 0.006 0.017
1 0.914 0.242 0.004 0.006
1 0.816 0.341 0.024 0.045
1 0.818 0.289 0.013 0.017
1 0.825 0.278 0.01 0.018
1 0.749 0.441 0.026 0.057
1 0.667 0.372 0.032 0.066
1 0.683 0.36 0.012 0.045
1 0.612 0.351 0.018 0.047
1 0.698 0.502 0.037 0.074
1 0.592 0.472 0.034 0.065
1 0.5 0.56 0.072 0.12
1 0.289 0.522 0.04 0.071
1 0.14 0.483 0.046 0.081
1 0.225 0.779 0.058 0.327
1 0.053 0.573 0.051 0.086
1 0.75 0.278 0.01 0.027
1 0.72 0.267 0.008 0.014
1 0.7 0.236 0.007 0.012
1 0.688 0.245 0.007 0.014
1 0.739 0.252 0.006 0.012
1 0.76 0.241 0.004 0.008
1 0.763 0.277 0.006 0.017
1 0.74 0.228 0.007 0.012
1 0.64 0.273 0.013 0.023
1 0.651 0.273 0.01 0.02
1 0.655 0.291 0.008 0.014
1 0.667 0.242 0.006 0.011
1 0.66 0.264 0.008 0.012
1 0.631 0.236 0.009 0.015
1 0.615 0.241 0.007 0.014
1 0.621 0.277 0.008 0.014
1 0.653 0.235 0.008 0.014
1 0.607 0.247 0.008 0.014
1 0.595 0.233 0.007 0.012
1 0.608 0.231 0.005 0.009
1 0.628 0.222 0.006 0.009
1 0.58 0.284 0.009 0.021
1 0.59 0.249 0.006 0.012
1 0.568 0.237 0.006 0.012
1 0.544 0.271 0.01 0.023
1 0.54 0.239 0.009 0.017
1 0.557 0.248 0.007 0.012
1 0.544 0.224 0.006 0.011
1 0.551 0.231 0.005 0.009
1 0.575 0.233 0.007 0.011
1 0.499 0.252 0.007 0.014
1 0.487 0.285 0.013 0.021
1 0.473 0.285 0.009 0.018
1 0.476 0.251 0.005 0.015
1 0.474 0.241 0.007 0.014
1 0.486 0.24 0.005 0.009
1 0.494 0.234 0.006 0.012
1 0.5 0.236 0.005 0.011
1 0.461 0.233 0.006 0.012
1 0.459 0.295 0.011 0.023
1 0.449 0.269 0.01 0.021
1 0.455 0.245 0.006 0.012
1 0.446 0.247 0.005 0.011
1 0.436 0.243 0.008 0.015
1 0.448 0.23 0.007 0.014
1 0.403 0.279 0.012 0.021
1 0.411 0.238 0.006 0.011
1 0.422 0.23 0.005 0.011
1 0.4 0.249 0.007 0.012
1 0.386 0.233 0.006 0.012
1 0.382 0.271 0.008 0.017
1 0.377 0.27 0.007 0.014
1 0.367 0.297 0.009 0.02
1 0.371 0.24 0.007 0.012
1 0.333 0.279 0.01 0.023
1 0.317 0.25 0.007 0.014
1 0.334 0.257 0.006 0.012
1 0.298 0.305 0.008 0.018
1 0.292 0.279 0.007 0.017
1 0.296 0.255 0.006 0.012
1 0.301 0.243 0.008 0.012
1 0.313 0.281 0.008 0.018
1 0.261 0.244 0.007 0.014
1 0.276 0.259 0.007 0.014
1 0.29 0.253 0.006 0.014
1 0.238 0.279 0.006 0.015
1 0.231 0.261 0.008 0.015
1 0.194 0.261 0.006 0.012
1 0.212 0.264 0.009 0.014
1 0.165 0.256 0.007 0.014
1 0.153 0.297 0.012 0.023
1 0.207 0.304 0.011 0.017
1 0.179 0.28 0.007 0.011
1 0.132 0.26 0.007 0.012
1 0.112 0.262 0.008 0.014
1 0.094 0.276 0.009 0.015
1 0.093 0.257 0.007 0.012
1 0.099 0.306 0.011 0.02
1 0.67 0.23 0.004 0.009
1 0.678 0.239 0.005 0.009
1 0.684 0.232 0.006 0.008
1 0.688 0.229 0.006 0.011
1 0.709 0.234 0.006 0.012
1 0.716 0.238 0.006 0.014
1 0.699 0.267 0.007 0.02
1 0.806 0.249 0.007 0.012
1 0.795 0.247 0.007 0.011
1 0.819 0.233 0.003 0.006
1 0.786 0.236 0.006 0.011
1 0.862 0.24 0.006 0.009
1 0.836 0.23 0.005 0.009
1 0.841 0.224 0.004 0.008
