1 0.386 0.108 0.009 0.019
1 0.492 0.222 0.009 0.017
1 0.543 0.236 0.009 0.017
1 0.665 0.306 0.007 0.012
1 0.554 0.128 0.007 0.01
1 0.6 0.114 0.008 0.017
1 0.518 0.134 0.006 0.009
1 0.424 0.105 0.009 0.019
1 0.464 0.084 0.006 0.012
1 0.354 0.124 0.01 0.019
1 0.382 0.064 0.009 0.014
1 0.413 0.089 0.007 0.012
1 0.438 0.068 0.005 0.012
1 0.037 0.541 0.017 0.031
1 0.127 0.577 0.016 0.042
1 0.174 0.557 0.014 0.026
1 0.199 0.513 0.014 0.035
1 0.242 0.556 0.017 0.045
1 0.259 0.503 0.012 0.026
1 0.303 0.596 0.018 0.038
1 0.346 0.596 0.017 0.042
1 0.322 0.516 0.013 0.023
1 0.387 0.57 0.018 0.038
1 0.412 0.473 0.014 0.014
1 0.412 0.553 0.013 0.021
1 0.438 0.567 0.016 0.024
1 0.483 0.542 0.02 0.038
1 0.534 0.51 0.014 0.024
1 0.55 0.544 0.021 0.035
1 0.574 0.601 0.024 0.052
1 0.581 0.489 0.013 0.024
1 0.6 0.562 0.014 0.021
1 0.642 0.476 0.012 0.026
1 0.636 0.545 0.02 0.047
1 0.684 0.39 0.006 0.01
1 0.709 0.431 0.009 0.012
1 0.736 0.471 0.011 0.024
1 0.917 0.462 0.011 0.016
1 0.966 0.448 0.011 0.019
1 0.91 0.541 0.013 0.024
1 0.938 0.536 0.02 0.049
1 0.949 0.596 0.015 0.038
1 0.767 0.508 0.008 0.014
1 0.772 0.492 0.007 0.01
1 0.995 0.551 0.011 0.049
1 0.982 0.51 0.012 0.016
1 0.99 0.477 0.009 0.016
1 0.05 0.539 0.007 0.014
1 0.292 0.552 0.013 0.023
1 0.311 0.537 0.016 0.028
1 0.505 0.537 0.014 0.021
1 0.483 0.484 0.006 0.014
1 0.554 0.457 0.011 0.026
1 0.659 0.558 0.014 0.035
1 0.701 0.517 0.014 0.019
1 0.774 0.466 0.007 0.014
1 0.791 0.445 0.009 0.016
1 0.95 0.489 0.007 0.014
1 0.898 0.469 0.007 0.012
1 0.882 0.515 0.007 0.014
1 0.346 0.061 0.008 0.021
1 0.413 0.147 0.008 0.017
1 0.457 0.148 0.007 0.012
1 0.495 0.192 0.009 0.014
1 0.547 0.211 0.008 0.012
1 0.562 0.152 0.01 0.016
1 0.656 0.293 0.007 0.024
1 0.616 0.151 0.007 0.017
1 0.734 0.515 0.012 0.028
1 0.743 0.527 0.01 0.031
