1 0.027 0.427 0.017 0.026
1 0.094 0.452 0.018 0.034
1 0.054 0.49 0.022 0.035
1 0.161 0.441 0.021 0.045
1 0.101 0.42 0.015 0.028
1 0.154 0.404 0.012 0.028
1 0.129 0.417 0.013 0.016
1 0.222 0.418 0.012 0.023
1 0.203 0.43 0.011 0.016
1 0.363 0.501 0.027 0.05
1 0.438 0.477 0.018 0.032
1 0.482 0.453 0.021 0.038
1 0.357 0.421 0.014 0.029
1 0.411 0.436 0.009 0.016
1 0.565 0.446 0.009 0.021
1 0.594 0.441 0.013 0.022
1 0.652 0.465 0.014 0.026
1 0.708 0.452 0.014 0.028
1 0.667 0.452 0.011 0.018
1 0.608 0.437 0.008 0.015
1 0.629 0.442 0.01 0.016
1 0.642 0.438 0.009 0.016
1 0.667 0.428 0.007 0.015
1 0.697 0.448 0.008 0.019
1 0.691 0.441 0.007 0.018
1 0.726 0.446 0.011 0.021
1 0.75 0.427 0.014 0.026
1 0.789 0.432 0.008 0.016
1 0.803 0.435 0.01 0.019
1 0.94 0.427 0.015 0.023
1 0.146 0.408 0.013 0.022
1 0.176 0.416 0.011 0.026
1 0.188 0.438 0.008 0.019
1 0.194 0.438 0.006 0.016
1 0.215 0.422 0.007 0.013
1 0.301 0.444 0.004 0.007
1 0.289 0.485 0.007 0.015
1 0.297 0.499 0.006 0.012
1 0.308 0.463 0.005 0.012
1 0.304 0.448 0.007 0.01
1 0.43 0.449 0.011 0.016
1 0.443 0.4 0.018 0.019
1 0.476 0.405 0.011 0.016
1 0.617 0.433 0.007 0.013
1 0.604 0.421 0.005 0.009
1 0.611 0.421 0.005 0.009
1 0.628 0.427 0.005 0.007
1 0.652 0.439 0.004 0.007
1 0.581 0.422 0.009 0.018
1 0.556 0.43 0.013 0.022
1 0.908 0.442 0.007 0.013
1 0.992 0.432 0.011 0.025
1 0.74 0.43 0.006 0.012
1 0.864 0.446 0.009 0.016
1 0.871 0.441 0.007 0.013
1 0.879 0.435 0.007 0.013
1 0.618 0.408 0.006 0.012
1 0.451 0.432 0.012 0.019
1 0.42 0.44 0.007 0.012
1 0.424 0.428 0.011 0.018
1 0.503 0.437 0.014 0.029
1 0.517 0.435 0.01 0.023
1 0.542 0.451 0.014 0.025
