1 0.925 0.371 0.017 0.06
1 0.859 0.431 0.019 0.06
1 0.861 0.329 0.016 0.057
1 0.81 0.377 0.02 0.06
1 0.79 0.362 0.014 0.046
1 0.729 0.459 0.02 0.057
1 0.753 0.408 0.016 0.057
1 0.689 0.405 0.018 0.062
1 0.67 0.313 0.011 0.041
1 0.637 0.389 0.018 0.051
1 0.57 0.356 0.017 0.057
1 0.557 0.373 0.014 0.051
1 0.53 0.424 0.015 0.051
1 0.523 0.324 0.017 0.057
1 0.496 0.351 0.018 0.057
1 0.46 0.371 0.018 0.054
1 0.434 0.339 0.017 0.054
1 0.697 0.318 0.012 0.051
1 0.383 0.36 0.02 0.06
1 0.402 0.347 0.015 0.049
1 0.369 0.39 0.014 0.049
1 0.294 0.39 0.017 0.049
1 0.341 0.335 0.013 0.046
1 0.278 0.386 0.015 0.051
1 0.241 0.408 0.015 0.051
1 0.215 0.373 0.017 0.057
1 0.262 0.367 0.012 0.046
1 0.166 0.347 0.016 0.054
1 0.129 0.358 0.017 0.054
1 0.069 0.359 0.017 0.051
1 0.073 0.313 0.016 0.051
1 0.015 0.328 0.017 0.054
1 0.344 0.393 0.018 0.06
1 0.479 0.304 0.014 0.049
1 0.657 0.392 0.014 0.051
1 0.762 0.383 0.018 0.057
1 0.828 0.371 0.017 0.06
1 0.993 0.397 0.014 0.051
1 0.644 0.327 0.015 0.051
