1 0.039 0.323 0.013 0.037
1 0.088 0.296 0.009 0.024
1 0.128 0.278 0.008 0.031
1 0.153 0.275 0.009 0.031
1 0.162 0.309 0.01 0.029
1 0.126 0.348 0.01 0.026
1 0.112 0.368 0.009 0.026
1 0.087 0.403 0.015 0.048
1 0.151 0.453 0.018 0.051
1 0.201 0.236 0.009 0.026
1 0.223 0.283 0.008 0.024
1 0.222 0.313 0.012 0.026
1 0.234 0.323 0.013 0.033
1 0.192 0.301 0.01 0.029
1 0.167 0.363 0.016 0.04
1 0.206 0.37 0.015 0.048
1 0.245 0.376 0.017 0.051
1 0.238 0.247 0.008 0.026
1 0.236 0.214 0.007 0.022
1 0.225 0.233 0.006 0.013
1 0.28 0.341 0.015 0.04
1 0.298 0.4 0.015 0.042
1 0.321 0.349 0.011 0.037
1 0.319 0.22 0.006 0.026
1 0.361 0.229 0.005 0.018
1 0.344 0.296 0.006 0.02
1 0.354 0.298 0.009 0.024
1 0.352 0.413 0.016 0.051
1 0.362 0.305 0.008 0.02
1 0.374 0.301 0.01 0.033
1 0.366 0.349 0.011 0.037
1 0.396 0.387 0.014 0.042
1 0.386 0.367 0.01 0.042
1 0.443 0.367 0.015 0.046
1 0.446 0.493 0.019 0.048
1 0.463 0.347 0.011 0.037
1 0.486 0.28 0.008 0.022
1 0.502 0.278 0.004 0.013
1 0.49 0.328 0.008 0.031
1 0.499 0.382 0.014 0.037
1 0.47 0.391 0.007 0.024
1 0.316 0.246 0.005 0.015
1 0.433 0.2 0.008 0.022
1 0.413 0.187 0.008 0.022
1 0.466 0.249 0.009 0.026
1 0.471 0.225 0.005 0.018
1 0.535 0.37 0.011 0.04
1 0.575 0.393 0.015 0.042
1 0.593 0.213 0.007 0.02
1 0.602 0.2 0.006 0.018
1 0.597 0.25 0.006 0.015
1 0.602 0.273 0.007 0.022
1 0.587 0.34 0.009 0.046
1 0.612 0.392 0.015 0.04
1 0.624 0.246 0.005 0.015
1 0.623 0.3 0.009 0.031
1 0.685 0.301 0.006 0.02
1 0.638 0.289 0.005 0.013
1 0.72 0.398 0.015 0.042
1 0.665 0.376 0.013 0.029
1 0.691 0.354 0.008 0.024
1 0.69 0.271 0.007 0.022
1 0.675 0.262 0.006 0.022
1 0.791 0.319 0.006 0.031
1 0.8 0.303 0.008 0.033
1 0.644 0.351 0.006 0.033
1 0.766 0.235 0.007 0.015
1 0.734 0.202 0.006 0.015
1 0.768 0.394 0.018 0.044
1 0.831 0.394 0.015 0.048
1 0.859 0.36 0.015 0.037
1 0.889 0.312 0.013 0.029
1 0.955 0.326 0.013 0.04
1 0.891 0.35 0.018 0.048
1 0.962 0.394 0.017 0.048
1 0.837 0.292 0.006 0.024
1 0.891 0.251 0.008 0.026
