1 0.007 0.32 0.011 0.025
1 0.065 0.265 0.01 0.015
1 0.139 0.411 0.02 0.051
1 0.162 0.273 0.013 0.019
1 0.161 0.368 0.015 0.031
1 0.184 0.417 0.024 0.016
1 0.414 0.326 0.018 0.028
1 0.429 0.395 0.027 0.049
1 0.466 0.313 0.015 0.029
1 0.504 0.334 0.021 0.024
1 0.489 0.29 0.009 0.016
1 0.406 0.296 0.009 0.019
1 0.525 0.338 0.012 0.018
1 0.547 0.354 0.011 0.024
1 0.534 0.304 0.01 0.016
1 0.573 0.348 0.013 0.019
1 0.778 0.432 0.034 0.063
1 0.813 0.476 0.041 0.101
1 0.92 0.421 0.03 0.075
1 0.992 0.418 0.016 0.038
1 0.748 0.365 0.02 0.046
1 0.836 0.341 0.013 0.029
1 0.88 0.407 0.021 0.046
