1 0.929 0.422 0.03 0.065
1 0.901 0.408 0.028 0.065
1 0.814 0.473 0.044 0.072
1 0.737 0.404 0.04 0.069
1 0.617 0.437 0.054 0.093
1 0.529 0.428 0.039 0.065
1 0.479 0.416 0.034 0.064
1 0.368 0.44 0.03 0.053
1 0.41 0.382 0.021 0.042
1 0.25 0.386 0.021 0.028
1 0.243 0.34 0.016 0.027
1 0.298 0.354 0.013 0.031
1 0.363 0.343 0.014 0.024
1 0.424 0.343 0.016 0.024
1 0.565 0.378 0.022 0.037
1 0.075 0.288 0.01 0.023
1 0.841 0.418 0.023 0.041
1 0.702 0.408 0.027 0.046
1 0.316 0.322 0.014 0.017
1 0.286 0.325 0.012 0.02
1 0.384 0.404 0.025 0.046
1 0.212 0.343 0.011 0.019
1 0.644 0.402 0.032 0.062
1 0.322 0.374 0.02 0.033
1 0.347 0.333 0.015 0.024
1 0.444 0.332 0.009 0.013
