1 0.134 0.139 0.053 0.105
1 0.032 0.115 0.038 0.04
1 0.061 0.169 0.015 0.04
1 0.003 0.16 0.007 0.025
1 0.153 0.195 0.015 0.034
1 0.218 0.168 0.018 0.032
1 0.276 0.19 0.013 0.025
1 0.287 0.176 0.016 0.02
1 0.31 0.201 0.013 0.018
1 0.363 0.149 0.025 0.056
1 0.418 0.165 0.018 0.041
1 0.45 0.225 0.022 0.048
1 0.468 0.25 0.014 0.035
1 0.522 0.188 0.017 0.037
1 0.595 0.204 0.02 0.054
1 0.646 0.205 0.017 0.032
1 0.634 0.231 0.037 0.038
1 0.619 0.169 0.023 0.037
1 0.756 0.233 0.02 0.047
1 0.799 0.236 0.026 0.061
1 0.811 0.248 0.012 0.031
1 0.909 0.221 0.012 0.02
1 0.984 0.171 0.008 0.018
1 0.935 0.307 0.009 0.016
1 0.689 0.223 0.018 0.037
