1 0.755 0.146 0.174 0.293
1 0.629 0.587 0.03 0.047
1 0.328 0.549 0.068 0.118
1 0.373 0.626 0.023 0.051
1 0.389 0.626 0.008 0.016
1 0.41 0.574 0.021 0.038
1 0.426 0.621 0.03 0.044
1 0.461 0.583 0.025 0.048
1 0.491 0.554 0.013 0.028
1 0.503 0.554 0.028 0.048
1 0.543 0.619 0.037 0.074
1 0.588 0.561 0.025 0.038
1 0.662 0.568 0.027 0.046
1 0.737 0.609 0.06 0.085
1 0.074 0.585 0.049 0.107
1 0.1 0.64 0.05 0.068
1 0.089 0.477 0.02 0.031
1 0.175 0.456 0.011 0.021
1 0.188 0.448 0.012 0.019
1 0.109 0.505 0.015 0.019
1 0.109 0.552 0.018 0.027
1 0.069 0.497 0.01 0.02
