1 0.196 0.359 0.012 0.02
1 0.152 0.381 0.012 0.02
1 0.131 0.317 0.01 0.02
1 0.061 0.484 0.012 0.027
1 0.014 0.38 0.014 0.025
1 0.345 0.507 0.015 0.028
1 0.451 0.503 0.011 0.02
1 0.356 0.569 0.012 0.018
1 0.775 0.495 0.012 0.021
1 0.83 0.506 0.012 0.02
1 0.812 0.487 0.012 0.018
1 0.913 0.507 0.012 0.022
1 0.949 0.539 0.01 0.02
1 0.958 0.596 0.01 0.021
1 0.779 0.572 0.01 0.021
1 0.745 0.506 0.013 0.025
1 0.853 0.541 0.012 0.02
1 0.486 0.55 0.011 0.015
1 0.474 0.564 0.013 0.02
1 0.419 0.574 0.011 0.017
1 0.58 0.522 0.011 0.024
1 0.377 0.606 0.01 0.018
