1 0.966 0.331 0.067 0.147
1 0.838 0.338 0.039 0.081
1 0.886 0.237 0.009 0.014
1 0.861 0.245 0.007 0.014
1 0.838 0.258 0.01 0.017
1 0.813 0.235 0.005 0.012
1 0.768 0.31 0.044 0.08
1 0.736 0.242 0.013 0.023
1 0.715 0.252 0.015 0.029
1 0.695 0.288 0.019 0.038
1 0.65 0.324 0.051 0.098
1 0.609 0.317 0.029 0.067
1 0.58 0.278 0.017 0.038
1 0.557 0.253 0.01 0.021
1 0.55 0.231 0.006 0.014
1 0.534 0.232 0.006 0.011
1 0.534 0.322 0.039 0.074
1 0.435 0.302 0.038 0.083
1 0.495 0.321 0.021 0.044
1 0.491 0.239 0.009 0.021
1 0.485 0.236 0.007 0.018
1 0.507 0.244 0.006 0.015
1 0.419 0.248 0.012 0.023
1 0.41 0.264 0.01 0.021
1 0.408 0.237 0.007 0.017
1 0.394 0.305 0.028 0.052
1 0.275 0.363 0.042 0.083
1 0.309 0.363 0.03 0.066
1 0.276 0.273 0.016 0.031
1 0.323 0.246 0.008 0.017
1 0.192 0.291 0.019 0.032
1 0.214 0.318 0.022 0.041
1 0.214 0.269 0.012 0.02
1 0.167 0.319 0.024 0.046
1 0.107 0.462 0.079 0.14
1 0.092 0.327 0.033 0.069
1 0.062 0.288 0.016 0.028
1 0.009 0.377 0.019 0.072
1 0.077 0.337 0.022 0.049
1 0.161 0.258 0.01 0.023
1 0.247 0.358 0.027 0.054
1 0.328 0.283 0.012 0.023
1 0.265 0.25 0.008 0.015
1 0.039 0.382 0.027 0.055
1 0.234 0.256 0.012 0.018
