1 0.604 0.616 0.02 0.026
1 0.556 0.582 0.019 0.031
1 0.498 0.546 0.021 0.027
1 0.548 0.551 0.008 0.013
1 0.521 0.536 0.008 0.016
1 0.601 0.536 0.009 0.013
1 0.587 0.529 0.009 0.014
1 0.644 0.535 0.008 0.013
1 0.642 0.531 0.008 0.013
1 0.564 0.533 0.008 0.014
1 0.539 0.643 0.022 0.033
1 0.449 0.535 0.008 0.013
1 0.434 0.533 0.007 0.013
1 0.456 0.528 0.007 0.012
1 0.532 0.524 0.007 0.012
1 0.504 0.521 0.008 0.013
1 0.398 0.54 0.013 0.026
1 0.38 0.566 0.008 0.018
1 0.289 0.541 0.018 0.03
1 0.345 0.559 0.01 0.022
1 0.354 0.539 0.007 0.013
1 0.383 0.557 0.009 0.013
1 0.331 0.551 0.007 0.014
1 0.853 0.504 0.024 0.039
1 0.967 0.634 0.015 0.018
1 0.997 0.512 0.007 0.013
1 0.956 0.559 0.009 0.014
1 0.968 0.508 0.008 0.014
1 0.922 0.503 0.008 0.014
1 0.989 0.57 0.008 0.014
1 0.925 0.573 0.011 0.013
1 0.896 0.572 0.012 0.018
1 0.81 0.572 0.007 0.01
1 0.79 0.548 0.017 0.027
1 0.242 0.556 0.017 0.029
1 0.182 0.546 0.016 0.026
1 0.192 0.593 0.015 0.025
1 0.202 0.568 0.019 0.03
1 0.221 0.544 0.012 0.014
1 0.133 0.558 0.021 0.027
1 0.085 0.518 0.015 0.036
1 0.075 0.525 0.011 0.03
1 0.408 0.24 0.006 0.012
1 0.359 0.561 0.009 0.014
1 0.511 0.548 0.008 0.012
1 0.487 0.568 0.01 0.016
1 0.417 0.553 0.01 0.014
1 0.87 0.061 0.008 0.014
1 0.87 0.033 0.008 0.01
1 0.891 0.036 0.007 0.01
1 0.815 0.027 0.008 0.013
1 0.658 0.53 0.009 0.016
1 0.723 0.533 0.023 0.029
1 0.583 0.012 0.008 0.014
