1 0.066 0.27 0.005 0.009
1 0.084 0.277 0.006 0.01
1 0.096 0.271 0.007 0.012
1 0.114 0.271 0.007 0.01
1 0.176 0.258 0.005 0.012
1 0.209 0.371 0.012 0.016
1 0.208 0.398 0.015 0.025
1 0.236 0.434 0.013 0.03
1 0.076 0.6 0.031 0.048
1 0.083 0.497 0.009 0.026
1 0.194 0.582 0.029 0.042
1 0.32 0.303 0.012 0.021
1 0.296 0.303 0.019 0.023
1 0.337 0.322 0.011 0.018
1 0.307 0.281 0.015 0.025
1 0.359 0.298 0.008 0.013
1 0.3 0.577 0.025 0.035
1 0.283 0.405 0.017 0.01
1 0.407 0.544 0.024 0.044
1 0.397 0.432 0.02 0.038
1 0.434 0.411 0.021 0.034
1 0.436 0.479 0.027 0.049
1 0.482 0.486 0.02 0.044
1 0.508 0.544 0.027 0.051
1 0.534 0.444 0.021 0.036
1 0.579 0.472 0.024 0.048
1 0.573 0.57 0.025 0.033
1 0.547 0.424 0.021 0.036
1 0.568 0.285 0.009 0.018
1 0.548 0.28 0.006 0.016
1 0.605 0.39 0.015 0.03
1 0.628 0.427 0.021 0.036
1 0.747 0.289 0.013 0.023
1 0.934 0.316 0.01 0.018
1 0.64 0.531 0.027 0.055
1 0.736 0.526 0.027 0.052
1 0.871 0.544 0.029 0.051
1 0.985 0.525 0.027 0.051
1 0.962 0.699 0.019 0.038
