1 0.651 0.094 0.097 0.188
1 0.369 0.671 0.021 0.07
1 0.046 0.933 0.092 0.133
1 0.329 0.434 0.028 0.047
1 0.523 0.538 0.022 0.025
1 0.48 0.484 0.015 0.025
1 0.583 0.437 0.017 0.03
1 0.544 0.247 0.017 0.032
1 0.497 0.226 0.013 0.026
1 0.333 0.365 0.011 0.026
1 0.165 0.389 0.023 0.044
1 0.069 0.208 0.023 0.062
1 0.473 0.234 0.01 0.027
1 0.392 0.237 0.015 0.029
1 0.423 0.244 0.009 0.021
1 0.357 0.249 0.012 0.019
1 0.335 0.243 0.016 0.027
1 0.315 0.236 0.014 0.021
1 0.253 0.238 0.013 0.026
1 0.181 0.26 0.009 0.015
1 0.17 0.231 0.012 0.025
1 0.131 0.252 0.008 0.015
