1 0.706 0.604 0.033 0.067
1 0.709 0.537 0.028 0.044
1 0.556 0.605 0.045 0.073
1 0.5 0.595 0.036 0.064
1 0.446 0.634 0.034 0.051
1 0.775 0.554 0.029 0.058
1 0.731 0.427 0.011 0.026
1 0.672 0.459 0.01 0.035
1 0.628 0.42 0.012 0.025
1 0.626 0.489 0.015 0.025
1 0.59 0.528 0.018 0.038
1 0.553 0.481 0.023 0.041
1 0.59 0.423 0.014 0.026
1 0.435 0.5 0.019 0.035
1 0.516 0.442 0.015 0.029
1 0.415 0.461 0.012 0.019
1 0.313 0.625 0.043 0.075
1 0.154 0.696 0.05 0.088
1 0.226 0.545 0.023 0.042
1 0.089 0.556 0.022 0.037
1 0.257 0.482 0.021 0.037
1 0.358 0.494 0.026 0.047
1 0.335 0.488 0.019 0.032
1 0.288 0.517 0.018 0.034
1 0.213 0.437 0.012 0.018
1 0.188 0.435 0.011 0.016
1 0.141 0.45 0.01 0.022
1 0.118 0.452 0.01 0.018
1 0.085 0.439 0.014 0.022
1 0.028 0.442 0.013 0.023
1 0.276 0.472 0.015 0.023
1 0.17 0.443 0.01 0.02
1 0.13 0.421 0.015 0.015
1 0.395 0.415 0.013 0.026
1 0.415 0.398 0.01 0.018
1 0.351 0.389 0.007 0.012
1 0.328 0.419 0.009 0.016
1 0.34 0.41 0.006 0.013
1 0.378 0.423 0.011 0.018
1 0.395 0.448 0.014 0.025
1 0.538 0.4 0.01 0.016
1 0.498 0.409 0.011 0.016
1 0.483 0.412 0.011 0.019
1 0.468 0.45 0.019 0.026
1 0.822 0.501 0.03 0.051
1 0.927 0.471 0.015 0.029
1 0.979 0.4 0.013 0.022
1 0.945 0.401 0.011 0.02
1 0.845 0.395 0.01 0.015
1 0.88 0.401 0.009 0.016
1 0.931 0.393 0.009 0.015
1 0.818 0.426 0.018 0.022
