1 0.213 0.842 0.043 0.038
1 0.209 0.929 0.06 0.057
1 0.131 0.951 0.071 0.052
1 0.055 0.938 0.105 0.123
1 0.137 0.86 0.031 0.031
1 0.32 0.822 0.026 0.023
1 0.373 0.84 0.021 0.025
1 0.452 0.826 0.024 0.024
1 0.413 0.819 0.021 0.02
1 0.363 0.801 0.018 0.016
1 0.437 0.79 0.011 0.009
1 0.409 0.779 0.012 0.01
1 0.294 0.827 0.016 0.015
1 0.814 0.865 0.059 0.087
1 0.686 0.846 0.051 0.044
1 0.517 0.802 0.016 0.016
1 0.64 0.843 0.028 0.033
1 0.105 0.826 0.016 0.016
1 0.193 0.772 0.011 0.011
1 0.224 0.784 0.011 0.012
1 0.08 0.798 0.014 0.013
1 0.096 0.783 0.01 0.012
1 0.122 0.782 0.01 0.01
1 0.627 0.751 0.009 0.009
1 0.688 0.755 0.009 0.007
1 0.894 0.861 0.035 0.035
1 0.552 0.796 0.012 0.012
1 0.455 0.972 0.091 0.056
1 0.256 0.822 0.019 0.02
1 0.606 0.834 0.019 0.019
1 0.583 0.823 0.021 0.02
1 0.127 0.844 0.027 0.026
