1 0.13 0.461 0.021 0.033
1 0.142 0.438 0.019 0.031
1 0.05 0.471 0.032 0.054
1 0.321 0.548 0.021 0.044
1 0.09 0.665 0.099 0.17
1 0.387 0.554 0.085 0.14
1 0.525 0.551 0.053 0.086
1 0.573 0.58 0.021 0.053
1 0.599 0.479 0.021 0.039
1 0.817 0.572 0.052 0.081
1 0.627 0.428 0.02 0.03
1 0.661 0.457 0.014 0.026
1 0.708 0.46 0.02 0.032
1 0.728 0.436 0.013 0.022
1 0.768 0.449 0.027 0.041
1 0.812 0.437 0.013 0.019
1 0.86 0.479 0.026 0.033
1 0.925 0.475 0.03 0.031
1 0.951 0.434 0.018 0.023
1 0.884 0.437 0.019 0.024
