1 0.923 0.498 0.051 0.11
1 0.805 0.491 0.059 0.109
1 0.7 0.475 0.034 0.07
1 0.6 0.504 0.062 0.127
1 0.629 0.373 0.028 0.055
1 0.509 0.323 0.026 0.058
1 0.367 0.463 0.059 0.119
1 0.156 0.556 0.065 0.143
1 0.133 0.398 0.054 0.095
1 0.252 0.343 0.033 0.072
1 0.174 0.323 0.032 0.052
1 0.868 0.412 0.028 0.055
1 0.723 0.276 0.008 0.019
1 0.736 0.401 0.032 0.063
1 0.539 0.274 0.012 0.021
1 0.458 0.265 0.007 0.016
1 0.365 0.249 0.007 0.015
1 0.286 0.403 0.044 0.085
1 0.413 0.408 0.03 0.063
1 0.257 0.306 0.024 0.034
1 0.218 0.231 0.006 0.015
1 0.25 0.244 0.009 0.016
1 0.271 0.247 0.006 0.015
1 0.061 0.252 0.017 0.033
1 0.141 0.257 0.011 0.019
1 0.154 0.235 0.007 0.015
1 0.022 0.402 0.044 0.106
1 0.114 0.21 0.005 0.009
1 0.182 0.218 0.005 0.009
1 0.193 0.217 0.004 0.007
1 0.06 0.197 0.007 0.012
