1 0.714 0.804 0.077 0.195
1 0.783 0.558 0.044 0.095
1 0.84 0.592 0.027 0.066
1 0.87 0.455 0.022 0.072
1 0.77 0.463 0.018 0.045
1 0.76 0.412 0.014 0.032
1 0.673 0.485 0.027 0.066
1 0.683 0.394 0.012 0.029
1 0.59 0.513 0.032 0.077
1 0.554 0.461 0.019 0.048
1 0.495 0.519 0.045 0.109
1 0.54 0.401 0.012 0.029
1 0.577 0.371 0.007 0.022
1 0.588 0.397 0.007 0.023
1 0.354 0.439 0.019 0.047
1 0.34 0.581 0.041 0.104
1 0.315 0.508 0.023 0.063
1 0.3 0.421 0.013 0.029
1 0.151 0.621 0.042 0.099
1 0.01 0.502 0.02 0.075
1 0.198 0.475 0.017 0.039
1 0.131 0.407 0.012 0.032
1 0.491 0.43 0.014 0.029
1 0.076 0.384 0.009 0.025
1 0.826 0.423 0.019 0.036
1 0.493 0.368 0.01 0.027
1 0.523 0.423 0.015 0.039
