1 0.041 0.483 0.03 0.064
1 0.09 0.508 0.028 0.047
1 0.141 0.504 0.021 0.044
1 0.014 0.369 0.018 0.028
1 0.006 0.339 0.011 0.023
1 0.126 0.348 0.016 0.031
1 0.119 0.376 0.015 0.025
1 0.192 0.389 0.015 0.028
1 0.216 0.402 0.013 0.031
1 0.239 0.509 0.021 0.045
1 0.226 0.337 0.015 0.026
1 0.231 0.365 0.019 0.02
1 0.254 0.341 0.016 0.025
1 0.278 0.389 0.016 0.025
1 0.269 0.51 0.031 0.057
1 0.298 0.521 0.031 0.053
1 0.299 0.369 0.013 0.02
1 0.212 0.307 0.013 0.018
1 0.236 0.306 0.013 0.016
1 0.315 0.367 0.014 0.022
1 0.313 0.344 0.014 0.013
1 0.354 0.383 0.014 0.025
1 0.379 0.406 0.021 0.026
1 0.392 0.399 0.013 0.031
1 0.35 0.48 0.024 0.042
1 0.437 0.404 0.021 0.036
1 0.433 0.355 0.018 0.016
1 0.448 0.347 0.012 0.028
1 0.367 0.329 0.017 0.028
1 0.44 0.319 0.011 0.022
1 0.47 0.306 0.014 0.016
1 0.472 0.338 0.014 0.028
1 0.486 0.318 0.006 0.009
1 0.531 0.32 0.012 0.02
1 0.42 0.489 0.02 0.047
1 0.5 0.456 0.014 0.025
1 0.555 0.332 0.018 0.034
1 0.578 0.342 0.014 0.023
1 0.601 0.349 0.015 0.023
1 0.611 0.396 0.013 0.026
1 0.602 0.423 0.013 0.031
1 0.604 0.325 0.008 0.016
1 0.609 0.305 0.011 0.02
1 0.748 0.428 0.022 0.031
1 0.784 0.369 0.006 0.025
1 0.818 0.372 0.01 0.026
1 0.833 0.37 0.015 0.019
1 0.86 0.372 0.014 0.022
1 0.847 0.345 0.009 0.015
1 0.933 0.379 0.02 0.036
1 0.991 0.412 0.018 0.032
1 0.573 0.215 0.009 0.015
1 0.863 0.315 0.009 0.016
1 0.758 0.395 0.013 0.019
1 0.938 0.524 0.019 0.038
1 0.542 0.296 0.009 0.013
1 0.461 0.483 0.023 0.038
1 0.007 0.324 0.01 0.02
1 0.102 0.418 0.016 0.028
1 0.133 0.312 0.007 0.018
1 0.398 0.339 0.011 0.02
1 0.412 0.294 0.01 0.022
1 0.791 0.355 0.012 0.031
1 0.837 0.349 0.01 0.02
1 0.92 0.426 0.013 0.025
1 0.923 0.494 0.014 0.031
1 0.236 0.358 0.012 0.026
