1 0.961 0.718 0.02 0.038
1 0.941 0.692 0.018 0.038
1 0.979 0.604 0.017 0.038
1 0.923 0.614 0.021 0.038
1 0.913 0.575 0.018 0.036
1 0.869 0.652 0.016 0.031
1 0.892 0.695 0.015 0.036
1 0.91 0.711 0.016 0.028
1 0.943 0.797 0.019 0.04
1 0.9 0.745 0.013 0.029
1 0.984 0.87 0.019 0.045
1 0.916 0.853 0.02 0.042
1 0.923 0.914 0.021 0.047
1 0.886 0.895 0.02 0.04
1 0.871 0.962 0.021 0.045
1 0.794 0.858 0.02 0.045
1 0.796 0.976 0.021 0.042
1 0.801 0.76 0.018 0.031
1 0.801 0.613 0.018 0.036
1 0.831 0.58 0.014 0.031
1 0.803 0.583 0.019 0.028
1 0.834 0.761 0.016 0.038
1 0.98 0.316 0.015 0.033
1 0.951 0.309 0.015 0.033
1 0.956 0.259 0.014 0.029
1 0.932 0.321 0.016 0.033
1 0.918 0.292 0.014 0.029
1 0.928 0.371 0.019 0.04
1 0.899 0.349 0.016 0.031
1 0.876 0.413 0.017 0.035
1 0.902 0.534 0.015 0.036
1 0.951 0.509 0.017 0.035
1 0.833 0.508 0.018 0.033
1 0.822 0.477 0.017 0.036
1 0.834 0.375 0.018 0.035
1 0.853 0.341 0.015 0.038
1 0.843 0.337 0.012 0.026
1 0.993 0.152 0.011 0.028
1 0.86 0.106 0.014 0.029
1 0.845 0.057 0.014 0.031
1 0.86 0.054 0.012 0.026
1 0.903 0.055 0.012 0.024
1 0.9 0.017 0.011 0.028
1 0.851 0.008 0.011 0.016
1 0.829 0.211 0.017 0.035
1 0.824 0.264 0.019 0.033
1 0.828 0.115 0.013 0.033
1 0.961 0.226 0.014 0.029
1 0.915 0.229 0.011 0.026
1 0.818 0.044 0.012 0.029
1 0.826 0.022 0.01 0.026
1 0.807 0.087 0.014 0.029
1 0.804 0.168 0.017 0.028
1 0.767 0.125 0.014 0.031
1 0.759 0.094 0.012 0.026
1 0.743 0.056 0.011 0.026
1 0.74 0.021 0.009 0.021
1 0.887 0.068 0.016 0.029
1 0.713 0.209 0.01 0.024
1 0.794 0.193 0.006 0.012
1 0.842 0.191 0.009 0.029
1 0.861 0.219 0.01 0.019
1 0.714 0.316 0.014 0.029
1 0.753 0.324 0.011 0.026
1 0.771 0.333 0.015 0.036
1 0.741 0.394 0.017 0.029
1 0.655 0.257 0.016 0.036
1 0.642 0.232 0.01 0.021
1 0.664 0.248 0.011 0.026
1 0.616 0.291 0.016 0.031
1 0.629 0.342 0.018 0.033
1 0.61 0.268 0.012 0.028
1 0.777 0.509 0.016 0.035
1 0.739 0.535 0.016 0.036
1 0.718 0.525 0.014 0.036
1 0.747 0.624 0.018 0.036
1 0.7 0.585 0.017 0.038
1 0.666 0.594 0.019 0.036
1 0.677 0.485 0.018 0.033
1 0.656 0.639 0.02 0.036
1 0.759 0.786 0.018 0.036
1 0.74 0.723 0.016 0.035
1 0.707 0.726 0.013 0.026
1 0.708 0.784 0.017 0.038
1 0.677 0.665 0.014 0.022
1 0.735 0.924 0.02 0.038
1 0.603 0.552 0.018 0.035
1 0.584 0.54 0.013 0.028
1 0.63 0.473 0.015 0.036
1 0.562 0.4 0.017 0.035
1 0.579 0.399 0.014 0.029
1 0.554 0.502 0.017 0.035
1 0.595 0.045 0.014 0.028
1 0.596 0.019 0.012 0.021
1 0.627 0.047 0.012 0.028
1 0.631 0.111 0.015 0.028
1 0.531 0.021 0.013 0.031
1 0.502 0.009 0.014 0.017
1 0.498 0.048 0.012 0.028
1 0.491 0.094 0.014 0.026
1 0.494 0.152 0.015 0.031
1 0.505 0.187 0.014 0.028
1 0.543 0.137 0.012 0.024
1 0.561 0.01 0.01 0.019
1 0.512 0.009 0.006 0.017
1 0.631 0.006 0.014 0.012
1 0.646 0.07 0.01 0.026
1 0.669 0.108 0.009 0.026
1 0.435 0.059 0.013 0.028
1 0.462 0.04 0.01 0.024
1 0.48 0.028 0.012 0.028
1 0.383 0.023 0.015 0.026
1 0.373 0.016 0.009 0.016
1 0.389 0.11 0.01 0.022
1 0.417 0.152 0.014 0.028
1 0.424 0.124 0.013 0.029
1 0.453 0.175 0.01 0.024
1 0.444 0.228 0.012 0.031
1 0.395 0.179 0.01 0.022
1 0.318 0.191 0.013 0.029
1 0.36 0.138 0.012 0.029
1 0.375 0.112 0.011 0.024
1 0.314 0.075 0.01 0.029
1 0.351 0.253 0.015 0.035
1 0.292 0.197 0.012 0.031
1 0.476 0.259 0.017 0.033
1 0.472 0.3 0.016 0.029
1 0.491 0.358 0.018 0.038
1 0.466 0.35 0.015 0.033
1 0.409 0.299 0.016 0.035
1 0.419 0.261 0.013 0.031
1 0.396 0.362 0.015 0.035
1 0.555 0.666 0.011 0.028
1 0.501 0.768 0.017 0.038
1 0.604 0.721 0.017 0.035
1 0.496 0.567 0.016 0.033
1 0.497 0.485 0.016 0.033
1 0.507 0.429 0.016 0.038
1 0.441 0.457 0.016 0.031
1 0.463 0.477 0.013 0.026
1 0.443 0.527 0.016 0.033
1 0.5 0.868 0.021 0.036
1 0.526 0.946 0.017 0.04
1 0.519 0.84 0.014 0.026
1 0.459 0.833 0.015 0.033
1 0.417 0.785 0.019 0.036
1 0.427 0.746 0.015 0.031
1 0.437 0.958 0.014 0.04
1 0.381 0.891 0.021 0.038
1 0.324 0.44 0.014 0.033
1 0.352 0.475 0.013 0.033
1 0.407 0.458 0.013 0.029
1 0.378 0.418 0.013 0.029
1 0.324 0.35 0.016 0.026
1 0.33 0.304 0.013 0.029
1 0.401 0.651 0.015 0.038
1 0.302 0.627 0.015 0.033
1 0.362 0.862 0.013 0.022
1 0.273 0.923 0.023 0.047
1 0.324 0.985 0.016 0.026
1 0.248 0.851 0.017 0.038
1 0.255 0.696 0.02 0.038
1 0.297 0.742 0.016 0.031
1 0.349 0.708 0.017 0.038
1 0.148 0.746 0.02 0.042
1 0.105 0.856 0.021 0.043
1 0.08 0.821 0.02 0.04
1 0.107 0.746 0.017 0.042
1 0.052 0.733 0.017 0.043
1 0.042 0.913 0.016 0.038
1 0.13 0.978 0.018 0.031
1 0.003 0.943 0.006 0.031
1 0.006 0.816 0.012 0.04
1 0.063 0.589 0.018 0.04
1 0.169 0.515 0.018 0.04
1 0.177 0.505 0.013 0.031
1 0.132 0.617 0.017 0.047
1 0.097 0.668 0.017 0.038
1 0.019 0.644 0.018 0.031
1 0.045 0.522 0.013 0.029
1 0.282 0.306 0.013 0.031
1 0.308 0.257 0.013 0.029
1 0.2 0.339 0.015 0.035
1 0.196 0.28 0.016 0.031
1 0.2 0.243 0.007 0.016
1 0.248 0.448 0.014 0.035
1 0.2 0.409 0.016 0.033
1 0.186 0.447 0.015 0.029
1 0.185 0.326 0.01 0.026
1 0.255 0.24 0.014 0.033
1 0.095 0.43 0.014 0.033
1 0.027 0.371 0.016 0.036
1 0.023 0.332 0.017 0.031
1 0.02 0.46 0.015 0.038
1 0.039 0.465 0.015 0.035
1 0.047 0.302 0.016 0.033
1 0.074 0.262 0.012 0.029
1 0.127 0.263 0.013 0.031
1 0.025 0.287 0.013 0.031
1 0.265 0.067 0.012 0.028
1 0.273 0.012 0.015 0.024
1 0.224 0.026 0.011 0.024
1 0.151 0.021 0.008 0.017
1 0.151 0.038 0.009 0.021
1 0.281 0.129 0.012 0.022
1 0.253 0.131 0.013 0.028
1 0.183 0.199 0.012 0.031
1 0.181 0.169 0.012 0.022
1 0.176 0.129 0.014 0.029
1 0.147 0.144 0.012 0.024
1 0.087 0.131 0.016 0.031
1 0.063 0.074 0.013 0.028
1 0.032 0.125 0.014 0.029
1 0.046 0.157 0.014 0.029
1 0.037 0.236 0.014 0.029
1 0.149 0.217 0.014 0.026
1 0.078 0.016 0.011 0.024
1 0.249 0.102 0.012 0.024
1 0.286 0.089 0.011 0.026
1 0.102 0.093 0.009 0.019
1 0.29 0.891 0.019 0.038
1 0.698 0.881 0.021 0.045
1 0.879 0.527 0.018 0.036
1 0.96 0.378 0.015 0.036
