1 0.221 0.384 0.009 0.015
1 0.267 0.372 0.009 0.012
1 0.294 0.356 0.01 0.012
1 0.312 0.288 0.006 0.011
1 0.322 0.38 0.008 0.012
1 0.359 0.382 0.009 0.011
1 0.373 0.379 0.008 0.012
1 0.384 0.42 0.009 0.012
1 0.422 0.406 0.007 0.013
1 0.421 0.353 0.007 0.011
1 0.45 0.373 0.007 0.009
1 0.187 0.446 0.03 0.054
1 0.282 0.438 0.033 0.04
1 0.34 0.424 0.031 0.037
1 0.423 0.446 0.03 0.038
1 0.255 0.727 0.051 0.068
1 0.392 0.648 0.051 0.068
1 0.501 0.781 0.059 0.127
1 0.609 0.645 0.04 0.061
1 0.345 0.66 0.031 0.054
1 0.774 0.737 0.087 0.127
1 0.727 0.576 0.045 0.068
1 0.767 0.537 0.018 0.027
1 0.782 0.532 0.013 0.029
1 0.856 0.65 0.029 0.05
1 0.967 0.665 0.059 0.054
1 0.875 0.67 0.034 0.057
1 0.815 0.54 0.017 0.025
1 0.822 0.517 0.016 0.027
1 0.893 0.589 0.016 0.021
1 0.907 0.593 0.01 0.016
1 0.916 0.573 0.015 0.016
1 0.94 0.582 0.019 0.017
1 0.982 0.599 0.019 0.021
1 0.963 0.596 0.013 0.017
1 0.66 0.497 0.021 0.027
1 0.688 0.496 0.019 0.037
1 0.622 0.471 0.018 0.033
1 0.604 0.439 0.026 0.032
1 0.524 0.498 0.021 0.041
1 0.51 0.421 0.028 0.036
1 0.434 0.42 0.008 0.011
1 0.071 0.473 0.021 0.028
1 0.125 0.498 0.021 0.033
1 0.025 0.486 0.033 0.046
1 0.997 0.573 0.006 0.011
1 0.831 0.531 0.007 0.011
1 0.415 0.363 0.006 0.011
1 0.42 0.397 0.006 0.007
1 0.28 0.388 0.006 0.009
