1 0.021 0.225 0.027 0.068
1 0.073 0.175 0.035 0.079
1 0.098 0.225 0.023 0.05
1 0.156 0.222 0.026 0.058
1 0.188 0.171 0.032 0.079
1 0.213 0.199 0.021 0.06
1 0.296 0.204 0.03 0.069
1 0.393 0.188 0.03 0.079
1 0.368 0.15 0.024 0.061
1 0.279 0.151 0.033 0.06
1 0.467 0.25 0.031 0.061
1 0.48 0.192 0.03 0.069
1 0.514 0.203 0.035 0.077
1 0.555 0.224 0.03 0.071
1 0.613 0.147 0.035 0.069
1 0.549 0.204 0.026 0.053
1 0.734 0.14 0.034 0.071
1 0.774 0.171 0.032 0.061
1 0.853 0.156 0.035 0.061
1 0.921 0.18 0.023 0.048
1 0.952 0.178 0.033 0.076
1 0.443 0.228 0.026 0.063
