1 0.953 0.738 0.022 0.049
1 0.99 0.656 0.019 0.052
1 0.976 0.594 0.022 0.052
1 0.961 0.531 0.02 0.045
1 0.997 0.467 0.007 0.049
1 0.94 0.477 0.02 0.047
1 0.87 0.752 0.022 0.054
1 0.901 0.662 0.022 0.054
1 0.901 0.608 0.023 0.047
1 0.879 0.523 0.023 0.054
1 0.867 0.503 0.021 0.045
1 0.885 0.424 0.021 0.05
1 0.843 0.673 0.023 0.047
1 0.792 0.723 0.024 0.047
1 0.772 0.661 0.024 0.056
1 0.821 0.609 0.025 0.045
1 0.798 0.53 0.021 0.052
1 0.803 0.492 0.019 0.041
1 0.791 0.437 0.022 0.05
1 0.771 0.39 0.022 0.047
1 0.728 0.69 0.025 0.052
1 0.751 0.586 0.021 0.05
1 0.695 0.631 0.025 0.058
1 0.723 0.564 0.021 0.041
1 0.742 0.522 0.02 0.05
1 0.73 0.465 0.02 0.041
1 0.674 0.552 0.022 0.054
1 0.634 0.719 0.024 0.05
1 0.617 0.608 0.024 0.058
1 0.645 0.54 0.021 0.045
1 0.673 0.499 0.023 0.045
1 0.656 0.388 0.021 0.058
1 0.635 0.39 0.022 0.047
1 0.98 0.332 0.021 0.049
1 0.907 0.355 0.02 0.049
1 0.888 0.358 0.02 0.043
1 0.818 0.35 0.022 0.038
1 0.708 0.361 0.021 0.049
1 0.751 0.344 0.02 0.043
1 0.598 0.558 0.023 0.054
1 0.602 0.482 0.021 0.029
1 0.55 0.769 0.021 0.049
1 0.512 0.786 0.036 0.09
1 0.529 0.63 0.023 0.056
1 0.545 0.63 0.014 0.045
1 0.566 0.54 0.021 0.05
1 0.534 0.506 0.021 0.049
1 0.579 0.414 0.021 0.047
1 0.568 0.385 0.021 0.04
1 0.523 0.401 0.021 0.047
1 0.466 0.767 0.021 0.049
1 0.396 0.751 0.021 0.052
1 0.447 0.645 0.025 0.059
1 0.453 0.567 0.023 0.052
1 0.482 0.492 0.024 0.052
1 0.459 0.475 0.021 0.054
1 0.448 0.422 0.021 0.049
1 0.384 0.665 0.02 0.05
1 0.395 0.531 0.019 0.052
1 0.362 0.554 0.022 0.061
1 0.396 0.471 0.021 0.05
1 0.383 0.384 0.021 0.052
1 0.343 0.372 0.021 0.043
1 0.311 0.729 0.023 0.049
1 0.318 0.667 0.023 0.054
1 0.315 0.535 0.023 0.049
1 0.266 0.56 0.022 0.049
1 0.319 0.482 0.021 0.043
1 0.316 0.413 0.021 0.049
1 0.235 0.707 0.026 0.061
1 0.249 0.692 0.02 0.047
1 0.235 0.554 0.022 0.058
1 0.246 0.481 0.023 0.052
1 0.254 0.446 0.021 0.04
1 0.257 0.373 0.021 0.045
1 0.192 0.379 0.024 0.047
1 0.176 0.407 0.021 0.041
1 0.174 0.456 0.024 0.052
1 0.164 0.555 0.021 0.045
1 0.181 0.617 0.021 0.047
1 0.169 0.68 0.022 0.05
1 0.159 0.763 0.023 0.056
1 0.077 0.701 0.022 0.059
1 0.089 0.672 0.023 0.059
1 0.11 0.568 0.023 0.054
1 0.105 0.531 0.022 0.047
1 0.111 0.419 0.021 0.05
1 0.123 0.375 0.021 0.041
1 0.009 0.647 0.016 0.052
1 0.02 0.538 0.023 0.054
1 0.03 0.464 0.023 0.054
1 0.037 0.425 0.02 0.038
1 0.048 0.358 0.022 0.04
