0 0.890625 0.883663 0.140625 0.193069
0 0.939453 0.663366 0.113281 0.198020
0 0.750000 0.497525 0.140625 0.193069
0 0.890625 0.480198 0.117188 0.168317
0 0.943359 0.373762 0.058594 0.143564
1 0.751953 0.391089 0.074219 0.108911
0 0.410156 0.603960 0.101562 0.148515
0 0.558594 0.462871 0.078125 0.123762
0 0.316406 0.485149 0.070312 0.099010
0 0.146484 0.495050 0.074219 0.079208
0 0.169922 0.423267 0.058594 0.084158
0 0.064453 0.381188 0.058594 0.069307
0 0.376953 0.245050 0.035156 0.044554
0 0.443359 0.245050 0.042969 0.044554
0 0.404297 0.133663 0.035156 0.059406
