1 0.045 0.213 0.023 0.04
1 0.03 0.307 0.027 0.047
1 0.148 0.102 0.022 0.039
1 0.219 0.1 0.021 0.022
1 0.194 0.136 0.017 0.035
1 0.279 0.124 0.019 0.036
1 0.359 0.109 0.02 0.034
1 0.425 0.104 0.023 0.03
1 0.389 0.096 0.018 0.033
1 0.45 0.087 0.016 0.021
1 0.47 0.062 0.017 0.036
1 0.53 0.085 0.017 0.035
1 0.575 0.1 0.019 0.029
1 0.67 0.08 0.017 0.027
1 0.838 0.111 0.021 0.036
1 0.931 0.337 0.025 0.047
1 0.725 0.351 0.026 0.035
1 0.748 0.346 0.02 0.056
1 0.672 0.341 0.032 0.055
1 0.556 0.369 0.027 0.048
1 0.566 0.343 0.027 0.056
1 0.47 0.353 0.027 0.052
1 0.413 0.34 0.028 0.051
1 0.374 0.365 0.027 0.056
1 0.356 0.341 0.025 0.047
1 0.305 0.337 0.03 0.052
1 0.233 0.337 0.024 0.052
1 0.191 0.333 0.029 0.057
1 0.136 0.307 0.031 0.053
1 0.75 0.084 0.022 0.043
1 0.897 0.112 0.021 0.036
1 0.464 0.102 0.014 0.025
1 0.013 0.101 0.02 0.033
