1 0.773 0.492 0.053 0.07
1 0.727 0.501 0.053 0.051
1 0.555 0.275 0.033 0.066
1 0.456 0.311 0.034 0.059
1 0.416 0.336 0.044 0.074
1 0.083 0.413 0.017 0.032
1 0.147 0.505 0.034 0.056
1 0.043 0.408 0.005 0.01
1 0.027 0.395 0.005 0.008
1 0.034 0.394 0.006 0.008
1 0.065 0.412 0.006 0.008
1 0.049 0.386 0.004 0.011
1 0.097 0.366 0.007 0.014
1 0.023 0.413 0.004 0.01
1 0.067 0.375 0.004 0.008
1 0.075 0.375 0.004 0.008
1 0.116 0.412 0.005 0.011
1 0.06 0.373 0.006 0.014
1 0.115 0.428 0.005 0.011
1 0.13 0.404 0.005 0.011
1 0.138 0.407 0.005 0.01
1 0.148 0.433 0.006 0.011
1 0.146 0.401 0.006 0.011
1 0.161 0.401 0.005 0.011
1 0.166 0.401 0.004 0.011
1 0.171 0.399 0.004 0.007
1 0.182 0.399 0.005 0.008
1 0.2 0.41 0.004 0.007
1 0.187 0.393 0.004 0.008
1 0.175 0.376 0.005 0.008
1 0.278 0.39 0.005 0.011
1 0.343 0.417 0.004 0.008
1 0.347 0.383 0.004 0.008
1 0.633 0.4 0.005 0.01
1 0.646 0.393 0.004 0.01
1 0.637 0.391 0.004 0.008
1 0.681 0.382 0.005 0.01
1 0.703 0.379 0.006 0.011
1 0.766 0.388 0.004 0.008
1 0.759 0.386 0.004 0.008
1 0.734 0.384 0.005 0.008
1 0.794 0.375 0.004 0.008
1 0.865 0.427 0.005 0.011
1 0.869 0.41 0.006 0.011
1 0.887 0.42 0.005 0.008
1 0.889 0.406 0.004 0.008
1 0.905 0.403 0.005 0.01
1 0.919 0.421 0.005 0.008
1 0.914 0.406 0.004 0.008
1 0.924 0.406 0.005 0.012
1 0.93 0.417 0.006 0.01
1 0.911 0.416 0.005 0.008
1 0.94 0.396 0.004 0.01
1 0.942 0.417 0.007 0.011
1 0.899 0.433 0.007 0.012
1 0.938 0.441 0.006 0.011
1 0.952 0.421 0.008 0.012
1 0.967 0.424 0.006 0.012
1 0.968 0.446 0.008 0.011
1 0.985 0.427 0.007 0.011
1 0.997 0.424 0.005 0.01
1 0.997 0.461 0.007 0.015
1 0.988 0.414 0.007 0.012
