1 0.424 0.351 0.06 0.113
1 0.667 0.185 0.056 0.103
1 0.091 0.093 0.02 0.038
1 0.204 0.104 0.019 0.037
1 0.105 0.283 0.025 0.043
1 0.211 0.286 0.021 0.04
1 0.293 0.293 0.019 0.04
1 0.313 0.284 0.017 0.04
1 0.497 0.279 0.016 0.026
1 0.339 0.111 0.019 0.034
1 0.065 0.106 0.021 0.038
1 0.023 0.271 0.025 0.051
1 0.223 0.274 0.018 0.034
1 0.328 0.288 0.014 0.037
1 0.618 0.27 0.017 0.027
1 0.519 0.27 0.017 0.029
1 0.546 0.267 0.017 0.025
1 0.112 0.085 0.019 0.04
1 0.167 0.096 0.024 0.037
1 0.07 0.279 0.02 0.039
1 0.29 0.125 0.017 0.029
1 0.397 0.123 0.021 0.04
1 0.453 0.276 0.017 0.031
1 0.472 0.258 0.018 0.029
1 0.471 0.169 0.016 0.031
1 0.826 0.269 0.014 0.025
1 0.774 0.201 0.015 0.022
1 0.908 0.205 0.014 0.022
1 0.867 0.186 0.015 0.019
1 0.818 0.326 0.015 0.022
1 0.645 0.269 0.013 0.018
1 0.633 0.278 0.012 0.021
1 0.122 0.285 0.017 0.032
