1 0.433 0.23 0.174 0.169
1 0.161 0.309 0.05 0.04
1 0.229 0.258 0.027 0.021
1 0.203 0.267 0.035 0.025
1 0.125 0.255 0.03 0.025
1 0.248 0.225 0.026 0.024
1 0.231 0.203 0.016 0.013
1 0.11 0.204 0.021 0.019
1 0.145 0.215 0.022 0.02
1 0.168 0.164 0.014 0.012
1 0.099 0.168 0.018 0.013
1 0.126 0.175 0.018 0.016
1 0.066 0.153 0.016 0.014
1 0.012 0.141 0.023 0.019
1 0.083 0.133 0.02 0.015
1 0.115 0.134 0.011 0.008
1 0.193 0.108 0.016 0.01
1 0.151 0.119 0.019 0.015
1 0.116 0.108 0.022 0.015
1 0.04 0.123 0.014 0.012
1 0.025 0.113 0.014 0.014
1 0.06 0.112 0.012 0.008
1 0.092 0.106 0.011 0.008
1 0.762 0.18 0.015 0.016
1 0.732 0.186 0.021 0.014
1 0.708 0.196 0.022 0.02
1 0.667 0.205 0.026 0.017
1 0.661 0.235 0.023 0.024
1 0.621 0.215 0.024 0.018
1 0.594 0.188 0.013 0.012
1 0.632 0.182 0.014 0.012
1 0.814 0.231 0.031 0.031
1 0.823 0.2 0.025 0.019
1 0.899 0.236 0.031 0.026
1 0.701 0.312 0.045 0.042
1 0.791 0.278 0.038 0.038
1 0.91 0.277 0.041 0.037
1 0.933 0.405 0.073 0.062
1 0.838 0.599 0.119 0.099
1 0.883 0.193 0.029 0.021
