1 0.865 0.338 0.026 0.049
1 0.935 0.274 0.027 0.047
1 0.871 0.287 0.027 0.047
1 0.806 0.276 0.021 0.047
1 0.831 0.409 0.03 0.047
1 0.765 0.335 0.027 0.05
1 0.738 0.296 0.022 0.047
1 0.758 0.507 0.028 0.049
1 0.703 0.423 0.028 0.051
1 0.609 0.497 0.031 0.056
1 0.931 0.482 0.024 0.049
1 0.994 0.347 0.012 0.047
1 0.993 0.279 0.015 0.046
1 0.66 0.351 0.028 0.051
1 0.567 0.351 0.022 0.054
1 0.473 0.254 0.051 0.104
1 0.156 0.461 0.024 0.046
1 0.181 0.531 0.025 0.047
1 0.275 0.524 0.023 0.046
1 0.261 0.46 0.024 0.049
1 0.353 0.446 0.022 0.044
1 0.285 0.371 0.023 0.05
1 0.318 0.337 0.023 0.041
1 0.229 0.327 0.021 0.04
1 0.223 0.282 0.018 0.04
1 0.264 0.22 0.021 0.037
1 0.208 0.224 0.021 0.04
1 0.158 0.21 0.021 0.035
1 0.176 0.368 0.025 0.049
1 0.135 0.321 0.024 0.051
1 0.091 0.348 0.023 0.049
1 0.107 0.394 0.023 0.044
1 0.073 0.51 0.026 0.05
1 0.049 0.439 0.026 0.049
1 0.061 0.376 0.021 0.035
1 0.075 0.23 0.021 0.037
1 0.369 0.279 0.023 0.046
1 0.401 0.184 0.021 0.041
1 0.541 0.228 0.023 0.05
1 0.439 0.237 0.017 0.034
