1 0.073 0.204 0.027 0.08
1 0.176 0.21 0.024 0.082
1 0.265 0.296 0.023 0.082
1 0.292 0.445 0.023 0.089
1 0.134 0.474 0.027 0.091
1 0.183 0.471 0.025 0.089
1 0.26 0.663 0.024 0.089
1 0.356 0.337 0.025 0.084
1 0.388 0.444 0.026 0.101
1 0.375 0.684 0.029 0.094
1 0.496 0.674 0.024 0.08
1 0.483 0.452 0.026 0.084
1 0.439 0.296 0.026 0.091
1 0.522 0.276 0.025 0.084
1 0.567 0.456 0.025 0.087
1 0.614 0.679 0.026 0.089
1 0.734 0.68 0.028 0.096
1 0.654 0.463 0.025 0.082
1 0.611 0.326 0.023 0.084
1 0.703 0.336 0.026 0.082
1 0.797 0.313 0.026 0.068
1 0.75 0.47 0.023 0.073
1 0.846 0.463 0.025 0.096
1 0.91 0.478 0.024 0.098
1 0.903 0.316 0.022 0.075
