1 0.039 0.322 0.012 0.018
1 0.073 0.333 0.012 0.02
1 0.094 0.315 0.014 0.018
1 0.121 0.305 0.011 0.017
1 0.142 0.298 0.01 0.017
1 0.167 0.286 0.011 0.02
1 0.111 0.252 0.012 0.017
1 0.118 0.233 0.008 0.016
1 0.14 0.226 0.011 0.017
1 0.067 0.251 0.012 0.016
1 0.038 0.277 0.011 0.016
1 0.011 0.284 0.01 0.016
1 0.148 0.36 0.011 0.017
1 0.17 0.358 0.01 0.016
1 0.113 0.418 0.011 0.016
1 0.024 0.461 0.011 0.016
1 0.215 0.385 0.01 0.018
1 0.236 0.368 0.011 0.018
1 0.279 0.36 0.012 0.017
1 0.298 0.358 0.011 0.018
1 0.309 0.316 0.011 0.016
1 0.332 0.288 0.01 0.018
1 0.295 0.238 0.01 0.014
1 0.317 0.232 0.011 0.016
1 0.271 0.266 0.01 0.016
1 0.236 0.323 0.011 0.016
1 0.262 0.325 0.011 0.017
1 0.183 0.223 0.009 0.016
1 0.205 0.212 0.01 0.013
1 0.228 0.208 0.011 0.017
1 0.197 0.269 0.013 0.02
1 0.335 0.354 0.01 0.014
1 0.272 0.428 0.012 0.016
1 0.25 0.435 0.011 0.016
1 0.19 0.455 0.011 0.02
1 0.163 0.458 0.014 0.02
1 0.32 0.419 0.011 0.018
1 0.281 0.424 0.01 0.018
1 0.438 0.318 0.01 0.016
1 0.409 0.329 0.011 0.02
1 0.461 0.367 0.012 0.02
1 0.667 0.404 0.011 0.017
1 0.558 0.337 0.011 0.017
1 0.576 0.322 0.012 0.017
1 0.607 0.32 0.011 0.017
1 0.637 0.225 0.012 0.017
1 0.543 0.27 0.01 0.018
1 0.566 0.26 0.011 0.013
1 0.514 0.279 0.01 0.014
1 0.501 0.281 0.011 0.017
1 0.477 0.248 0.013 0.017
1 0.452 0.247 0.01 0.016
1 0.497 0.223 0.01 0.018
1 0.525 0.217 0.012 0.017
1 0.503 0.178 0.012 0.018
1 0.481 0.189 0.012 0.016
1 0.409 0.206 0.009 0.016
1 0.339 0.175 0.009 0.014
1 0.347 0.167 0.009 0.014
1 0.41 0.139 0.01 0.016
1 0.302 0.176 0.011 0.016
1 0.944 0.152 0.012 0.02
1 0.991 0.16 0.01 0.018
1 0.969 0.108 0.012 0.018
1 0.948 0.109 0.009 0.014
1 0.893 0.201 0.011 0.02
1 0.94 0.199 0.01 0.016
1 0.965 0.209 0.011 0.017
1 0.982 0.215 0.011 0.018
1 0.964 0.25 0.011 0.018
1 0.939 0.251 0.01 0.016
1 0.908 0.246 0.01 0.016
1 0.913 0.349 0.012 0.018
1 0.839 0.349 0.011 0.016
1 0.964 0.413 0.011 0.018
1 0.988 0.368 0.012 0.021
1 0.957 0.368 0.012 0.02
1 0.96 0.461 0.011 0.018
1 0.923 0.454 0.011 0.02
1 0.932 0.412 0.011 0.017
1 0.903 0.439 0.011 0.018
1 0.887 0.411 0.008 0.014
1 0.859 0.427 0.011 0.018
1 0.863 0.394 0.012 0.017
1 0.834 0.385 0.011 0.017
1 0.823 0.434 0.011 0.017
1 0.792 0.413 0.011 0.017
1 0.806 0.37 0.011 0.018
1 0.76 0.411 0.012 0.02
1 0.895 0.377 0.01 0.014
1 0.774 0.65 0.012 0.018
1 0.877 0.779 0.01 0.022
1 0.606 0.682 0.012 0.02
1 0.62 0.621 0.013 0.021
1 0.556 0.686 0.014 0.022
1 0.731 0.789 0.01 0.018
1 0.823 0.779 0.01 0.017
1 0.286 0.576 0.014 0.022
1 0.267 0.581 0.012 0.012
1 0.066 0.665 0.011 0.018
1 0.749 0.216 0.01 0.016
