1 0.69 0.122 0.022 0.024
1 0.769 0.122 0.025 0.021
1 0.307 0.044 0.035 0.026
1 0.558 0.034 0.032 0.026
1 0.378 0.114 0.049 0.074
1 0.294 0.188 0.077 0.09
1 0.215 0.128 0.024 0.021
1 0.102 0.136 0.022 0.022
1 0.104 0.183 0.03 0.029
1 0.115 0.313 0.065 0.055
1 0.681 0.18 0.073 0.077
1 0.877 0.267 0.029 0.025
1 0.902 0.32 0.033 0.026
1 0.853 0.377 0.033 0.03
1 0.912 0.429 0.035 0.018
1 0.787 0.212 0.031 0.032
1 0.675 0.072 0.03 0.027
1 0.779 0.075 0.033 0.025
1 0.895 0.073 0.027 0.021
1 0.011 0.18 0.02 0.025
1 0.015 0.077 0.024 0.02
1 0.121 0.023 0.029 0.023
1 0.958 0.368 0.034 0.029
1 0.985 0.335 0.029 0.03
1 0.945 0.313 0.032 0.028
1 0.968 0.285 0.035 0.031
1 0.91 0.174 0.036 0.028
1 0.917 0.65 0.043 0.037
1 0.952 0.582 0.049 0.048
1 0.903 0.586 0.04 0.032
1 0.976 0.497 0.049 0.041
1 0.009 0.126 0.019 0.018
1 0.109 0.264 0.036 0.028
1 0.436 0.039 0.037 0.027
1 0.685 0.024 0.03 0.021
1 0.23 0.036 0.025 0.022
