1 0.607 0.771 0.009 0.022
1 0.737 0.696 0.012 0.024
1 0.756 0.776 0.014 0.033
1 0.797 0.698 0.01 0.027
1 0.796 0.823 0.019 0.038
1 0.787 0.892 0.021 0.052
1 0.852 0.887 0.021 0.046
1 0.894 0.879 0.023 0.05
1 0.853 0.817 0.017 0.033
1 0.824 0.821 0.018 0.031
1 0.883 0.763 0.015 0.027
1 0.868 0.75 0.013 0.026
1 0.845 0.733 0.011 0.022
1 0.9 0.652 0.014 0.029
1 0.835 0.668 0.008 0.021
1 0.836 0.703 0.013 0.027
1 0.81 0.707 0.014 0.022
1 0.812 0.677 0.012 0.024
1 0.796 0.653 0.009 0.017
1 0.766 0.71 0.011 0.024
1 0.939 0.734 0.017 0.031
1 0.961 0.662 0.014 0.024
1 0.962 0.59 0.011 0.019
1 0.946 0.804 0.018 0.034
1 0.945 0.877 0.025 0.057
1 0.935 0.936 0.025 0.052
1 0.9 0.737 0.016 0.031
1 0.667 0.33 0.047 0.107
1 0.134 0.869 0.016 0.029
1 0.174 0.826 0.013 0.027
1 0.168 0.863 0.015 0.034
1 0.215 0.875 0.012 0.031
1 0.231 0.87 0.013 0.029
1 0.251 0.821 0.011 0.021
1 0.305 0.797 0.021 0.048
1 0.333 0.829 0.014 0.026
1 0.357 0.889 0.017 0.033
1 0.384 0.835 0.01 0.027
1 0.422 0.851 0.047 0.112
1 0.488 0.895 0.021 0.038
1 0.529 0.761 0.013 0.031
1 0.548 0.832 0.013 0.029
1 0.573 0.857 0.02 0.043
1 0.539 0.893 0.019 0.043
1 0.584 0.828 0.013 0.031
1 0.054 0.79 0.012 0.029
1 0.117 0.78 0.009 0.021
1 0.136 0.781 0.012 0.022
1 0.161 0.744 0.009 0.021
1 0.168 0.777 0.011 0.021
1 0.178 0.745 0.007 0.019
1 0.198 0.747 0.009 0.019
1 0.202 0.726 0.008 0.019
1 0.109 0.865 0.015 0.026
1 0.217 0.821 0.012 0.021
1 0.23 0.837 0.012 0.024
1 0.233 0.79 0.01 0.019
1 0.25 0.761 0.008 0.014
1 0.216 0.729 0.009 0.017
1 0.244 0.717 0.008 0.015
1 0.354 0.743 0.011 0.022
1 0.388 0.742 0.009 0.017
1 0.356 0.785 0.009 0.017
1 0.381 0.773 0.008 0.017
1 0.402 0.788 0.014 0.026
1 0.422 0.774 0.014 0.029
1 0.424 0.725 0.008 0.021
1 0.392 0.699 0.009 0.021
1 0.411 0.704 0.009 0.019
1 0.401 0.672 0.008 0.017
1 0.446 0.685 0.008 0.015
1 0.447 0.708 0.009 0.017
1 0.457 0.731 0.008 0.022
1 0.458 0.779 0.011 0.022
1 0.464 0.697 0.007 0.015
1 0.48 0.725 0.009 0.017
1 0.469 0.78 0.011 0.027
1 0.495 0.779 0.011 0.022
1 0.483 0.701 0.009 0.017
1 0.479 0.679 0.008 0.017
1 0.454 0.704 0.008 0.022
1 0.497 0.671 0.008 0.019
1 0.504 0.698 0.008 0.021
1 0.51 0.731 0.009 0.019
1 0.53 0.735 0.011 0.021
1 0.548 0.727 0.01 0.021
1 0.538 0.704 0.009 0.022
1 0.549 0.683 0.008 0.019
1 0.518 0.671 0.008 0.015
1 0.543 0.692 0.009 0.019
1 0.496 0.698 0.01 0.019
1 0.355 0.835 0.012 0.024
1 0.32 0.793 0.01 0.019
1 0.426 0.702 0.01 0.019
1 0.464 0.707 0.008 0.015
1 0.565 0.71 0.009 0.021
1 0.572 0.732 0.011 0.021
1 0.576 0.691 0.01 0.021
1 0.517 0.647 0.008 0.019
1 0.562 0.614 0.008 0.015
1 0.58 0.635 0.008 0.019
1 0.586 0.619 0.008 0.014
1 0.611 0.651 0.008 0.017
1 0.549 0.638 0.007 0.019
1 0.589 0.788 0.01 0.022
1 0.754 0.68 0.01 0.021
1 0.759 0.648 0.01 0.021
1 0.738 0.649 0.008 0.015
1 0.746 0.606 0.008 0.015
1 0.726 0.624 0.008 0.021
1 0.738 0.624 0.009 0.017
1 0.769 0.593 0.01 0.017
1 0.768 0.618 0.009 0.019
1 0.754 0.624 0.009 0.014
1 0.765 0.567 0.007 0.014
1 0.786 0.696 0.008 0.014
1 0.794 0.631 0.008 0.015
1 0.788 0.619 0.008 0.015
1 0.82 0.65 0.009 0.015
1 0.826 0.675 0.007 0.014
1 0.829 0.644 0.008 0.014
1 0.853 0.632 0.008 0.017
1 0.869 0.63 0.01 0.019
1 0.878 0.611 0.008 0.015
1 0.894 0.626 0.008 0.015
1 0.901 0.604 0.008 0.015
1 0.915 0.625 0.008 0.014
1 0.885 0.654 0.008 0.015
1 0.89 0.572 0.008 0.014
1 0.871 0.585 0.01 0.015
1 0.912 0.588 0.008 0.017
1 0.833 0.622 0.008 0.017
1 0.832 0.582 0.007 0.012
1 0.905 0.548 0.009 0.021
1 0.777 0.661 0.008 0.015
1 0.79 0.6 0.008 0.017
1 0.792 0.56 0.007 0.014
1 0.833 0.535 0.008 0.015
1 0.848 0.578 0.008 0.015
1 0.849 0.596 0.008 0.017
1 0.928 0.631 0.008 0.017
1 0.792 0.783 0.015 0.029
1 0.816 0.755 0.011 0.022
1 0.923 0.603 0.011 0.017
1 0.936 0.58 0.01 0.015
1 0.954 0.554 0.008 0.015
1 0.923 0.54 0.0 0.0
1 0.926 0.546 0.007 0.014
1 0.932 0.529 0.008 0.014
1 0.926 0.515 0.007 0.015
1 0.926 0.491 0.007 0.014
1 0.924 0.571 0.008 0.015
1 0.942 0.523 0.007 0.015
1 0.947 0.485 0.008 0.015
1 0.963 0.487 0.009 0.015
1 0.966 0.503 0.007 0.014
1 0.991 0.518 0.008 0.015
1 0.991 0.58 0.009 0.019
1 0.949 0.534 0.009 0.019
1 0.984 0.479 0.008 0.015
1 0.965 0.523 0.008 0.015
1 0.743 0.551 0.007 0.015
1 0.771 0.533 0.006 0.01
1 0.773 0.626 0.007 0.015
1 0.818 0.603 0.008 0.014
1 0.827 0.495 0.008 0.014
1 0.869 0.504 0.006 0.012
1 0.881 0.516 0.006 0.012
1 0.849 0.455 0.007 0.017
1 0.926 0.469 0.006 0.014
1 0.883 0.489 0.007 0.015
1 0.868 0.525 0.007 0.015
1 0.849 0.542 0.008 0.015
1 0.909 0.509 0.008 0.019
1 0.932 0.456 0.008 0.015
1 0.944 0.551 0.007 0.019
1 0.783 0.746 0.014 0.024
1 0.486 0.832 0.014 0.034
1 0.526 0.838 0.014 0.027
1 0.576 0.771 0.014 0.027
1 0.459 0.834 0.015 0.029
1 0.241 0.775 0.009 0.021
1 0.27 0.755 0.007 0.015
1 0.541 0.619 0.01 0.014
1 0.938 0.644 0.008 0.017
1 0.981 0.622 0.01 0.021
1 0.776 0.566 0.006 0.012
1 0.867 0.669 0.012 0.022
1 0.858 0.67 0.011 0.021
1 0.844 0.645 0.009 0.019
1 0.809 0.573 0.009 0.022
1 0.011 0.784 0.014 0.031
1 0.107 0.726 0.012 0.019
1 0.191 0.878 0.013 0.027
1 0.284 0.791 0.011 0.022
