1 0.874 0.177 0.028 0.024
1 0.852 0.168 0.019 0.02
1 0.706 0.173 0.028 0.023
1 0.676 0.173 0.01 0.008
1 0.941 0.173 0.007 0.005
1 0.977 0.167 0.01 0.008
1 0.711 0.277 0.029 0.028
1 0.303 0.23 0.04 0.033
1 0.243 0.187 0.02 0.017
1 0.209 0.188 0.019 0.016
1 0.182 0.203 0.017 0.016
1 0.142 0.198 0.02 0.015
1 0.076 0.183 0.019 0.014
1 0.048 0.196 0.017 0.013
1 0.03 0.21 0.016 0.014
1 0.024 0.191 0.014 0.012
1 0.126 0.208 0.013 0.011
1 0.283 0.194 0.016 0.016
1 0.304 0.191 0.02 0.015
1 0.34 0.173 0.02 0.017
1 0.267 0.182 0.015 0.013
