1 0.485 0.598 0.021 0.043
1 0.026 0.59 0.017 0.03
1 0.089 0.606 0.014 0.027
1 0.104 0.609 0.014 0.03
1 0.114 0.631 0.018 0.036
1 0.052 0.63 0.014 0.025
1 0.163 0.616 0.018 0.035
1 0.201 0.638 0.016 0.032
1 0.209 0.629 0.013 0.028
1 0.251 0.6 0.016 0.028
1 0.257 0.622 0.008 0.024
1 0.29 0.616 0.014 0.028
1 0.302 0.619 0.014 0.028
1 0.321 0.671 0.013 0.03
1 0.329 0.678 0.008 0.025
1 0.666 0.719 0.009 0.019
1 0.655 0.716 0.006 0.013
1 0.693 0.721 0.009 0.024
1 0.564 0.256 0.021 0.047
1 0.705 0.721 0.012 0.024
1 0.726 0.712 0.01 0.019
1 0.755 0.709 0.012 0.025
1 0.785 0.778 0.011 0.024
1 0.781 0.708 0.011 0.025
1 0.808 0.713 0.011 0.027
1 0.845 0.698 0.011 0.025
1 0.901 0.704 0.011 0.021
1 0.949 0.701 0.011 0.022
1 0.924 0.81 0.008 0.019
1 0.637 0.709 0.011 0.014
1 0.649 0.706 0.005 0.013
1 0.018 0.544 0.007 0.014
1 0.045 0.558 0.006 0.013
1 0.05 0.558 0.006 0.016
1 0.071 0.592 0.009 0.016
1 0.091 0.547 0.007 0.017
1 0.114 0.558 0.007 0.016
1 0.121 0.6 0.008 0.017
1 0.135 0.632 0.008 0.016
1 0.13 0.581 0.006 0.014
1 0.122 0.557 0.006 0.011
1 0.133 0.569 0.007 0.013
1 0.17 0.543 0.007 0.013
1 0.187 0.603 0.008 0.021
1 0.223 0.543 0.006 0.013
1 0.229 0.57 0.007 0.014
1 0.231 0.552 0.006 0.011
1 0.236 0.588 0.007 0.014
1 0.268 0.594 0.007 0.016
1 0.252 0.56 0.006 0.014
1 0.289 0.585 0.006 0.013
1 0.298 0.564 0.007 0.013
1 0.324 0.558 0.006 0.013
1 0.312 0.553 0.004 0.009
1 0.324 0.605 0.006 0.013
1 0.312 0.625 0.008 0.021
1 0.333 0.611 0.006 0.013
1 0.339 0.633 0.008 0.017
1 0.349 0.631 0.006 0.014
1 0.342 0.607 0.005 0.014
1 0.361 0.607 0.005 0.013
1 0.378 0.607 0.008 0.017
1 0.362 0.562 0.006 0.013
1 0.344 0.559 0.006 0.013
1 0.378 0.577 0.006 0.016
1 0.402 0.607 0.009 0.014
1 0.41 0.573 0.006 0.016
1 0.424 0.577 0.008 0.017
1 0.446 0.613 0.005 0.006
1 0.456 0.6 0.005 0.009
1 0.465 0.596 0.005 0.009
1 0.501 0.619 0.005 0.009
1 0.506 0.616 0.005 0.009
1 0.513 0.617 0.006 0.014
1 0.58 0.65 0.006 0.011
1 0.523 0.613 0.006 0.013
1 0.551 0.626 0.006 0.013
1 0.579 0.631 0.005 0.011
1 0.606 0.651 0.006 0.013
1 0.622 0.679 0.008 0.019
1 0.635 0.686 0.006 0.014
1 0.651 0.682 0.006 0.014
1 0.636 0.631 0.005 0.011
1 0.641 0.616 0.006 0.013
1 0.608 0.63 0.007 0.013
1 0.583 0.618 0.007 0.014
1 0.598 0.616 0.006 0.013
1 0.633 0.668 0.007 0.016
1 0.679 0.688 0.01 0.017
1 0.681 0.71 0.008 0.014
1 0.709 0.696 0.007 0.014
1 0.732 0.68 0.006 0.014
1 0.752 0.677 0.005 0.011
1 0.764 0.674 0.006 0.011
1 0.767 0.696 0.007 0.014
1 0.778 0.67 0.005 0.009
1 0.74 0.658 0.006 0.011
1 0.746 0.652 0.006 0.013
1 0.731 0.652 0.006 0.013
1 0.667 0.672 0.006 0.011
1 0.829 0.697 0.008 0.013
1 0.817 0.708 0.006 0.009
1 0.785 0.69 0.007 0.011
1 0.884 0.76 0.007 0.016
1 0.869 0.744 0.006 0.013
1 0.876 0.753 0.006 0.011
1 0.882 0.705 0.005 0.011
1 0.926 0.711 0.007 0.013
1 0.877 0.711 0.007 0.013
1 0.987 0.726 0.01 0.021
1 0.704 0.648 0.004 0.008
1 0.72 0.645 0.004 0.009
1 0.672 0.661 0.004 0.008
1 0.675 0.613 0.005 0.009
1 0.689 0.605 0.005 0.009
