1 0.04 0.248 0.032 0.024
1 0.206 0.262 0.039 0.034
1 0.252 0.362 0.033 0.033
1 0.1 0.016 0.028 0.023
1 0.491 0.146 0.035 0.031
1 0.325 0.21 0.035 0.03
1 0.479 0.248 0.036 0.03
1 0.378 0.259 0.036 0.028
1 0.307 0.236 0.04 0.031
1 0.322 0.299 0.047 0.036
1 0.56 0.047 0.036 0.024
1 0.682 0.085 0.036 0.028
1 0.559 0.09 0.038 0.026
1 0.617 0.139 0.038 0.029
1 0.57 0.207 0.036 0.031
1 0.978 0.307 0.042 0.032
1 0.948 0.354 0.044 0.032
1 0.821 0.359 0.049 0.034
1 0.911 0.412 0.049 0.043
1 0.946 0.444 0.041 0.033
1 0.919 0.472 0.054 0.03
1 0.419 0.535 0.058 0.043
1 0.129 0.595 0.056 0.036
1 0.244 0.677 0.069 0.04
1 0.764 0.414 0.052 0.031
1 0.736 0.439 0.054 0.045
1 0.856 0.501 0.053 0.037
1 0.932 0.588 0.051 0.04
1 0.799 0.557 0.043 0.037
1 0.803 0.634 0.029 0.027
1 0.893 0.686 0.06 0.043
1 0.678 0.491 0.044 0.038
1 0.136 0.358 0.09 0.044
1 0.012 0.476 0.023 0.035
