1 0.767 0.442 0.059 0.038
1 0.869 0.454 0.035 0.032
1 0.85 0.393 0.033 0.031
1 0.534 0.262 0.093 0.076
1 0.271 0.064 0.039 0.033
1 0.168 0.112 0.037 0.03
1 0.329 0.13 0.033 0.029
1 0.372 0.166 0.039 0.028
1 0.051 0.184 0.039 0.029
1 0.732 0.104 0.04 0.029
1 0.863 0.107 0.031 0.03
1 0.983 0.114 0.031 0.031
1 0.557 0.048 0.032 0.027
1 0.097 0.387 0.037 0.034
1 0.078 0.32 0.04 0.033
1 0.286 0.28 0.037 0.034
1 0.094 0.446 0.053 0.04
1 0.662 0.249 0.039 0.043
1 0.754 0.281 0.038 0.039
1 0.891 0.227 0.043 0.03
1 0.822 0.327 0.044 0.038
1 0.939 0.339 0.041 0.027
1 0.072 0.297 0.041 0.038
1 0.689 0.457 0.031 0.033
