1 0.526 0.237 0.033 0.062
1 0.594 0.283 0.035 0.064
1 0.565 0.249 0.025 0.042
1 0.492 0.202 0.016 0.034
1 0.444 0.273 0.031 0.051
1 0.611 0.174 0.011 0.026
1 0.417 0.185 0.015 0.026
1 0.4 0.18 0.017 0.038
1 0.109 0.129 0.018 0.026
1 0.262 0.137 0.019 0.031
1 0.204 0.188 0.017 0.027
1 0.086 0.177 0.02 0.034
1 0.266 0.273 0.025 0.051
1 0.23 0.251 0.03 0.068
1 0.213 0.277 0.028 0.053
1 0.269 0.314 0.024 0.073
1 0.203 0.34 0.028 0.064
1 0.369 0.287 0.026 0.048
1 0.312 0.288 0.031 0.059
1 0.581 0.019 0.012 0.027
1 0.513 0.023 0.014 0.029
1 0.689 0.186 0.014 0.029
1 0.728 0.151 0.017 0.034
1 0.695 0.269 0.033 0.048
1 0.76 0.251 0.027 0.052
1 0.861 0.269 0.026 0.046
1 0.893 0.27 0.028 0.06
1 0.907 0.16 0.017 0.034
1 0.917 0.008 0.017 0.014
1 0.288 0.113 0.014 0.022
1 0.17 0.319 0.031 0.068
