1 0.142 0.105 0.008 0.016
1 0.076 0.119 0.012 0.021
1 0.1 0.129 0.009 0.017
1 0.131 0.157 0.013 0.024
1 0.084 0.151 0.009 0.013
1 0.021 0.194 0.014 0.022
1 0.054 0.199 0.014 0.023
1 0.083 0.203 0.012 0.021
1 0.121 0.232 0.014 0.026
1 0.16 0.211 0.011 0.022
1 0.204 0.252 0.013 0.023
1 0.172 0.246 0.013 0.024
1 0.143 0.269 0.013 0.023
1 0.105 0.299 0.016 0.03
1 0.08 0.297 0.013 0.026
1 0.065 0.24 0.011 0.027
1 0.039 0.252 0.013 0.027
1 0.034 0.301 0.016 0.023
1 0.123 0.348 0.014 0.024
1 0.167 0.362 0.012 0.026
1 0.194 0.366 0.013 0.021
1 0.139 0.295 0.013 0.017
1 0.184 0.283 0.011 0.02
1 0.191 0.298 0.014 0.023
1 0.211 0.363 0.011 0.02
1 0.036 0.505 0.027 0.049
1 0.08 0.486 0.025 0.043
1 0.106 0.51 0.017 0.027
1 0.149 0.505 0.025 0.045
1 0.193 0.518 0.03 0.041
1 0.35 0.176 0.042 0.096
1 0.593 0.336 0.046 0.079
1 0.424 0.465 0.014 0.022
1 0.407 0.535 0.014 0.027
1 0.425 0.536 0.014 0.028
1 0.445 0.327 0.013 0.02
1 0.505 0.344 0.015 0.022
1 0.451 0.387 0.01 0.018
1 0.503 0.377 0.011 0.023
1 0.407 0.579 0.018 0.023
1 0.67 0.254 0.039 0.062
1 0.853 0.029 0.016 0.023
1 0.873 0.159 0.009 0.017
1 0.939 0.142 0.011 0.021
1 0.801 0.282 0.01 0.021
1 0.774 0.32 0.007 0.018
1 0.831 0.357 0.011 0.023
1 0.832 0.32 0.008 0.021
1 0.885 0.352 0.012 0.026
1 0.882 0.259 0.01 0.022
1 0.79 0.309 0.012 0.018
1 0.817 0.311 0.008 0.015
1 0.932 0.248 0.01 0.018
1 0.955 0.28 0.012 0.021
1 0.925 0.278 0.01 0.022
1 0.952 0.318 0.011 0.015
1 0.934 0.354 0.013 0.018
1 0.883 0.39 0.015 0.02
1 0.847 0.401 0.015 0.02
1 0.931 0.389 0.019 0.022
1 0.981 0.393 0.009 0.02
1 0.812 0.509 0.015 0.021
1 0.786 0.549 0.019 0.034
1 0.809 0.571 0.018 0.028
1 0.84 0.548 0.021 0.035
1 0.835 0.604 0.016 0.023
1 0.878 0.567 0.015 0.024
1 0.908 0.577 0.015 0.024
1 0.981 0.507 0.012 0.021
1 0.966 0.357 0.016 0.03
1 0.982 0.249 0.013 0.024
1 0.919 0.56 0.014 0.024
1 0.845 0.351 0.013 0.021
