1 0.102 0.432 0.027 0.057
1 0.192 0.527 0.042 0.076
1 0.239 0.521 0.023 0.026
1 0.247 0.532 0.038 0.048
1 0.275 0.574 0.027 0.059
1 0.357 0.49 0.027 0.065
1 0.338 0.413 0.021 0.046
1 0.486 0.498 0.029 0.065
1 0.197 0.336 0.016 0.025
1 0.423 0.326 0.012 0.023
1 0.597 0.302 0.011 0.026
1 0.841 0.621 0.032 0.079
1 0.967 0.546 0.034 0.073
1 0.641 0.433 0.017 0.05
1 0.729 0.53 0.033 0.041
1 0.649 0.327 0.01 0.021
1 0.794 0.352 0.014 0.028
1 0.78 0.313 0.009 0.021
1 0.838 0.358 0.014 0.026
1 0.899 0.37 0.016 0.029
1 0.943 0.355 0.018 0.028
1 0.966 0.349 0.016 0.029
1 0.969 0.385 0.019 0.032
1 0.815 0.31 0.014 0.023
1 0.315 0.733 0.043 0.091
1 0.5 0.767 0.055 0.104
1 0.443 0.319 0.01 0.021
1 0.683 0.377 0.017 0.019
1 0.11 0.678 0.042 0.085
1 0.152 0.367 0.013 0.018
1 0.366 0.333 0.01 0.019
1 0.39 0.328 0.013 0.019
1 0.471 0.304 0.012 0.021
1 0.457 0.341 0.011 0.023
1 0.486 0.328 0.011 0.019
1 0.492 0.308 0.01 0.013
1 0.509 0.305 0.013 0.021
1 0.512 0.345 0.015 0.023
1 0.495 0.375 0.013 0.019
1 0.531 0.314 0.01 0.019
1 0.556 0.356 0.011 0.019
1 0.54 0.335 0.01 0.021
1 0.57 0.322 0.009 0.013
1 0.563 0.355 0.011 0.022
1 0.585 0.333 0.01 0.018
1 0.601 0.358 0.014 0.022
1 0.625 0.351 0.015 0.026
1 0.636 0.359 0.013 0.022
1 0.617 0.331 0.012 0.025
1 0.628 0.318 0.011 0.019
1 0.659 0.294 0.01 0.019
1 0.683 0.327 0.011 0.023
1 0.673 0.355 0.013 0.032
1 0.67 0.328 0.013 0.022
1 0.556 0.25 0.007 0.012
1 0.573 0.25 0.006 0.01
1 0.516 0.275 0.008 0.013
1 0.71 0.316 0.009 0.019
1 0.722 0.311 0.01 0.018
1 0.749 0.319 0.013 0.026
1 0.763 0.34 0.015 0.022
1 0.781 0.358 0.016 0.028
1 0.818 0.354 0.015 0.026
1 0.871 0.353 0.014 0.022
1 0.9 0.319 0.014 0.023
1 0.913 0.33 0.018 0.029
1 0.797 0.256 0.006 0.009
1 0.91 0.258 0.006 0.009
1 0.919 0.276 0.01 0.018
1 0.008 0.513 0.016 0.054
