1 0.933 0.173 0.087 0.09
1 0.53 0.114 0.137 0.117
1 0.094 0.095 0.09 0.081
1 0.187 0.188 0.038 0.032
1 0.77 0.236 0.055 0.042
1 0.704 0.268 0.02 0.016
1 0.671 0.289 0.024 0.021
1 0.196 0.107 0.023 0.02
1 0.27 0.127 0.015 0.013
1 0.308 0.145 0.014 0.01
1 0.401 0.152 0.014 0.011
1 0.361 0.136 0.013 0.013
1 0.379 0.128 0.012 0.011
1 0.306 0.121 0.014 0.01
1 0.27 0.105 0.014 0.012
1 0.303 0.095 0.01 0.009
1 0.144 0.149 0.021 0.015
1 0.223 0.079 0.015 0.011
1 0.713 0.459 0.072 0.057
1 0.97 0.209 0.037 0.034
1 0.677 0.21 0.014 0.014
