1 0.632 0.304 0.057 0.075
1 0.035 0.745 0.026 0.042
1 0.085 0.781 0.012 0.02
1 0.114 0.775 0.009 0.019
1 0.155 0.794 0.009 0.018
1 0.161 0.863 0.01 0.015
1 0.105 0.856 0.009 0.018
1 0.091 0.872 0.013 0.021
1 0.06 0.926 0.013 0.021
1 0.082 0.914 0.018 0.032
1 0.067 0.908 0.011 0.016
1 0.109 0.931 0.016 0.025
1 0.125 0.908 0.015 0.028
1 0.121 0.879 0.011 0.018
1 0.158 0.913 0.011 0.02
1 0.164 0.896 0.012 0.018
1 0.156 0.943 0.017 0.034
1 0.185 0.901 0.013 0.021
1 0.197 0.943 0.015 0.029
1 0.219 0.941 0.018 0.028
1 0.228 0.898 0.012 0.021
1 0.217 0.871 0.012 0.018
1 0.187 0.862 0.012 0.019
1 0.269 0.804 0.011 0.019
1 0.234 0.778 0.01 0.016
1 0.122 0.752 0.01 0.018
1 0.201 0.91 0.012 0.018
1 0.247 0.866 0.012 0.02
1 0.218 0.84 0.009 0.018
1 0.259 0.879 0.01 0.02
1 0.272 0.889 0.007 0.018
1 0.284 0.899 0.012 0.023
1 0.258 0.924 0.014 0.022
1 0.268 0.938 0.012 0.023
1 0.276 0.955 0.016 0.028
1 0.284 0.943 0.01 0.02
1 0.3 0.952 0.016 0.028
1 0.315 0.953 0.009 0.019
1 0.343 0.965 0.015 0.025
1 0.372 0.967 0.015 0.026
1 0.402 0.982 0.012 0.025
1 0.368 0.947 0.012 0.015
1 0.388 0.968 0.013 0.019
1 0.352 0.944 0.01 0.018
1 0.362 0.893 0.009 0.016
1 0.345 0.866 0.011 0.014
1 0.33 0.865 0.009 0.014
1 0.374 0.867 0.009 0.013
1 0.304 0.859 0.009 0.014
1 0.359 0.852 0.008 0.014
1 0.385 0.842 0.006 0.014
1 0.338 0.796 0.008 0.018
1 0.526 0.898 0.012 0.022
1 0.441 0.975 0.015 0.02
1 0.466 0.978 0.011 0.02
1 0.48 0.983 0.014 0.027
1 0.504 0.981 0.013 0.025
1 0.515 0.991 0.007 0.015
1 0.538 0.991 0.013 0.018
1 0.572 0.916 0.012 0.022
1 0.575 0.985 0.015 0.022
1 0.606 0.989 0.012 0.015
1 0.475 0.837 0.009 0.016
1 0.627 0.969 0.009 0.013
1 0.673 0.985 0.008 0.012
1 0.695 0.991 0.009 0.015
1 0.692 0.974 0.013 0.014
1 0.66 0.984 0.009 0.011
1 0.646 0.883 0.007 0.015
1 0.583 0.911 0.01 0.015
1 0.715 0.987 0.01 0.014
1 0.747 0.964 0.008 0.013
1 0.805 0.995 0.011 0.011
1 0.788 0.993 0.01 0.012
1 0.831 0.997 0.011 0.006
1 0.916 0.96 0.009 0.016
1 0.948 0.984 0.008 0.014
1 0.96 0.974 0.009 0.015
1 0.814 0.921 0.008 0.008
1 0.059 0.747 0.008 0.013
1 0.008 0.742 0.008 0.013
1 0.022 0.684 0.009 0.012
1 0.057 0.689 0.007 0.009
1 0.074 0.697 0.007 0.008
1 0.076 0.719 0.007 0.012
1 0.091 0.729 0.009 0.012
1 0.095 0.772 0.011 0.016
1 0.135 0.785 0.008 0.012
1 0.148 0.759 0.009 0.013
1 0.143 0.745 0.008 0.012
1 0.138 0.758 0.008 0.013
1 0.121 0.734 0.006 0.009
1 0.098 0.72 0.007 0.011
1 0.1 0.7 0.007 0.009
1 0.163 0.78 0.007 0.011
1 0.183 0.799 0.009 0.013
1 0.189 0.79 0.007 0.012
1 0.189 0.766 0.007 0.011
1 0.194 0.778 0.008 0.013
1 0.201 0.809 0.008 0.013
1 0.16 0.759 0.009 0.014
1 0.147 0.729 0.007 0.011
1 0.126 0.715 0.008 0.008
1 0.065 0.729 0.009 0.011
1 0.09 0.742 0.009 0.011
1 0.279 0.922 0.012 0.015
1 0.251 0.898 0.011 0.013
1 0.227 0.86 0.011 0.016
1 0.196 0.836 0.01 0.014
1 0.213 0.79 0.01 0.012
1 0.211 0.769 0.009 0.013
1 0.237 0.749 0.01 0.013
1 0.214 0.758 0.01 0.013
1 0.237 0.732 0.006 0.012
1 0.257 0.728 0.006 0.009
1 0.253 0.752 0.006 0.011
1 0.281 0.777 0.007 0.012
1 0.282 0.796 0.009 0.013
1 0.255 0.788 0.009 0.012
1 0.259 0.781 0.009 0.014
1 0.247 0.763 0.008 0.011
1 0.238 0.823 0.01 0.015
1 0.216 0.817 0.01 0.012
1 0.302 0.837 0.009 0.013
1 0.333 0.851 0.01 0.012
1 0.389 0.861 0.008 0.015
1 0.397 0.851 0.007 0.014
1 0.41 0.835 0.007 0.012
1 0.419 0.832 0.009 0.013
1 0.396 0.815 0.008 0.011
1 0.382 0.826 0.007 0.009
1 0.374 0.816 0.007 0.011
1 0.372 0.801 0.007 0.011
1 0.364 0.835 0.009 0.012
1 0.308 0.783 0.01 0.015
1 0.287 0.816 0.011 0.014
1 0.436 0.762 0.008 0.012
1 0.424 0.739 0.004 0.011
1 0.41 0.734 0.006 0.007
1 0.453 0.77 0.007 0.009
1 0.3 0.695 0.006 0.009
1 0.38 0.895 0.011 0.015
1 0.39 0.95 0.012 0.015
1 0.406 0.955 0.012 0.015
1 0.398 0.938 0.013 0.015
1 0.36 0.933 0.01 0.012
1 0.154 0.884 0.011 0.012
1 0.13 0.874 0.009 0.012
1 0.214 0.894 0.009 0.013
1 0.239 0.886 0.011 0.015
1 0.223 0.929 0.013 0.015
1 0.291 0.878 0.011 0.014
1 0.415 0.759 0.007 0.008
1 0.47 0.779 0.007 0.011
1 0.461 0.794 0.009 0.011
1 0.483 0.823 0.009 0.012
1 0.501 0.828 0.01 0.013
1 0.514 0.876 0.009 0.013
1 0.527 0.88 0.01 0.013
1 0.532 0.852 0.007 0.011
1 0.524 0.861 0.008 0.011
1 0.497 0.871 0.011 0.016
1 0.591 0.895 0.007 0.011
1 0.581 0.875 0.007 0.011
1 0.574 0.862 0.007 0.011
1 0.589 0.865 0.007 0.009
1 0.575 0.85 0.006 0.011
1 0.587 0.844 0.006 0.011
1 0.581 0.829 0.006 0.009
1 0.582 0.84 0.006 0.009
1 0.568 0.841 0.007 0.011
1 0.554 0.847 0.007 0.009
1 0.535 0.845 0.007 0.009
1 0.547 0.835 0.007 0.011
1 0.551 0.826 0.006 0.009
1 0.57 0.802 0.007 0.009
1 0.581 0.802 0.006 0.009
1 0.582 0.813 0.007 0.009
1 0.54 0.784 0.007 0.009
1 0.503 0.818 0.007 0.009
1 0.5 0.808 0.007 0.008
1 0.485 0.803 0.007 0.011
1 0.512 0.81 0.006 0.008
1 0.518 0.797 0.006 0.009
1 0.507 0.796 0.007 0.011
1 0.472 0.768 0.007 0.009
1 0.484 0.761 0.006 0.008
1 0.474 0.747 0.006 0.008
1 0.533 0.755 0.006 0.007
1 0.548 0.768 0.007 0.008
1 0.558 0.8 0.008 0.011
1 0.573 0.774 0.008 0.011
1 0.512 0.772 0.007 0.008
1 0.351 0.793 0.01 0.012
1 0.495 0.789 0.008 0.011
1 0.289 0.842 0.008 0.012
1 0.352 0.841 0.007 0.011
1 0.318 0.824 0.008 0.012
1 0.358 0.878 0.009 0.012
1 0.509 0.902 0.011 0.015
1 0.59 0.963 0.01 0.013
1 0.595 0.952 0.007 0.009
1 0.604 0.957 0.008 0.014
1 0.587 0.982 0.01 0.015
1 0.593 0.984 0.01 0.016
1 0.609 0.978 0.011 0.015
1 0.617 0.979 0.01 0.013
1 0.633 0.982 0.01 0.014
1 0.643 0.994 0.009 0.013
1 0.656 0.995 0.01 0.009
1 0.647 0.965 0.008 0.009
1 0.667 0.971 0.006 0.011
1 0.659 0.962 0.008 0.013
1 0.636 0.949 0.01 0.011
1 0.614 0.937 0.009 0.012
1 0.609 0.95 0.009 0.012
1 0.606 0.9 0.008 0.009
1 0.599 0.887 0.008 0.007
1 0.609 0.887 0.008 0.007
1 0.623 0.904 0.01 0.014
1 0.643 0.909 0.007 0.008
1 0.659 0.896 0.007 0.009
1 0.671 0.9 0.006 0.009
1 0.658 0.927 0.008 0.011
1 0.672 0.93 0.008 0.011
1 0.681 0.92 0.007 0.011
1 0.605 0.877 0.008 0.009
1 0.612 0.858 0.007 0.009
1 0.601 0.845 0.008 0.009
1 0.616 0.843 0.007 0.008
1 0.606 0.835 0.007 0.009
1 0.596 0.831 0.007 0.009
1 0.595 0.821 0.007 0.011
1 0.625 0.876 0.007 0.009
1 0.641 0.859 0.006 0.011
1 0.652 0.87 0.006 0.009
1 0.631 0.85 0.006 0.008
1 0.637 0.842 0.007 0.009
1 0.66 0.828 0.007 0.011
1 0.643 0.83 0.008 0.009
1 0.653 0.844 0.009 0.011
1 0.658 0.883 0.007 0.009
1 0.695 0.901 0.008 0.012
1 0.695 0.937 0.009 0.011
1 0.711 0.947 0.009 0.012
1 0.727 0.967 0.01 0.013
1 0.729 0.946 0.009 0.012
1 0.744 0.946 0.007 0.012
1 0.722 0.924 0.007 0.011
1 0.731 0.933 0.007 0.008
1 0.762 0.971 0.008 0.009
1 0.745 0.92 0.008 0.012
1 0.718 0.909 0.008 0.011
1 0.676 0.887 0.008 0.009
1 0.681 0.876 0.008 0.011
1 0.69 0.866 0.007 0.008
1 0.666 0.841 0.007 0.008
1 0.668 0.862 0.007 0.008
1 0.659 0.801 0.007 0.008
1 0.637 0.806 0.007 0.008
1 0.653 0.817 0.008 0.009
1 0.681 0.838 0.005 0.007
1 0.684 0.849 0.007 0.008
1 0.687 0.854 0.007 0.008
1 0.706 0.879 0.007 0.008
1 0.719 0.878 0.008 0.009
1 0.706 0.896 0.008 0.012
1 0.708 0.94 0.009 0.013
1 0.739 0.88 0.007 0.009
1 0.736 0.866 0.007 0.009
1 0.747 0.903 0.008 0.013
1 0.76 0.895 0.007 0.008
1 0.773 0.903 0.008 0.008
1 0.785 0.913 0.008 0.013
1 0.791 0.905 0.007 0.009
1 0.786 0.948 0.007 0.009
1 0.78 0.961 0.008 0.009
1 0.78 0.972 0.01 0.012
1 0.798 0.975 0.008 0.013
1 0.776 0.914 0.008 0.009
1 0.771 0.928 0.006 0.009
1 0.77 0.958 0.008 0.012
1 0.682 0.802 0.008 0.009
1 0.708 0.829 0.007 0.009
1 0.729 0.897 0.008 0.011
1 0.577 0.891 0.01 0.012
1 0.608 0.825 0.008 0.008
1 0.613 0.784 0.008 0.009
1 0.611 0.809 0.008 0.011
1 0.526 0.817 0.011 0.013
1 0.699 0.802 0.009 0.011
1 0.712 0.858 0.008 0.009
1 0.776 0.986 0.008 0.009
1 0.793 0.988 0.009 0.012
1 0.815 0.989 0.009 0.012
1 0.829 0.975 0.007 0.011
1 0.838 0.978 0.008 0.009
1 0.86 0.984 0.008 0.011
1 0.882 0.96 0.007 0.011
1 0.851 0.946 0.007 0.009
1 0.866 0.95 0.007 0.009
1 0.875 0.945 0.007 0.008
1 0.812 0.96 0.01 0.012
1 0.822 0.962 0.008 0.011
1 0.816 0.944 0.007 0.009
1 0.832 0.923 0.007 0.011
1 0.824 0.919 0.007 0.009
1 0.84 0.916 0.008 0.011
1 0.837 0.933 0.008 0.012
1 0.851 0.935 0.007 0.008
1 0.863 0.929 0.008 0.011
1 0.867 0.92 0.006 0.008
1 0.877 0.917 0.007 0.009
1 0.894 0.911 0.007 0.009
1 0.887 0.945 0.009 0.011
1 0.904 0.964 0.009 0.012
1 0.876 0.973 0.006 0.007
1 0.884 0.975 0.007 0.009
1 0.91 0.945 0.007 0.011
1 0.941 0.959 0.009 0.012
1 0.946 0.925 0.007 0.009
1 0.804 0.91 0.007 0.011
1 0.917 0.935 0.007 0.011
1 0.859 0.893 0.008 0.011
1 0.833 0.943 0.008 0.011
1 0.812 0.93 0.007 0.008
1 0.954 0.922 0.007 0.011
1 0.849 0.897 0.006 0.009
1 0.599 0.785 0.007 0.009
1 0.585 0.774 0.007 0.008
1 0.589 0.797 0.008 0.012
1 0.633 0.82 0.007 0.009
1 0.646 0.81 0.007 0.009
1 0.722 0.821 0.008 0.011
1 0.752 0.84 0.007 0.008
1 0.797 0.871 0.007 0.009
1 0.821 0.875 0.008 0.011
1 0.854 0.856 0.008 0.011
1 0.809 0.854 0.007 0.009
1 0.736 0.85 0.007 0.009
1 0.837 0.874 0.007 0.011
1 0.869 0.877 0.007 0.008
1 0.788 0.832 0.007 0.011
1 0.958 0.964 0.008 0.011
1 0.814 0.827 0.004 0.006
1 0.825 0.825 0.004 0.006
1 0.835 0.828 0.005 0.006
1 0.986 0.942 0.008 0.011
1 0.968 0.991 0.01 0.013
1 0.997 0.994 0.006 0.012
1 0.986 0.962 0.009 0.012
1 0.981 0.911 0.008 0.011
1 0.975 0.92 0.009 0.013
1 0.783 0.88 0.005 0.007
1 0.779 0.852 0.005 0.007
1 0.75 0.88 0.006 0.008
1 0.751 0.871 0.005 0.007
1 0.759 0.857 0.005 0.007
1 0.76 0.877 0.005 0.007
1 0.768 0.898 0.006 0.008
1 0.776 0.898 0.006 0.009
1 0.819 0.887 0.006 0.009
1 0.806 0.849 0.006 0.008
1 0.846 0.843 0.006 0.007
1 0.337 0.769 0.007 0.014
