1 0.09 0.42 0.012 0.023
1 0.14 0.484 0.014 0.028
1 0.187 0.49 0.011 0.023
1 0.236 0.488 0.014 0.022
1 0.289 0.487 0.011 0.022
1 0.336 0.493 0.012 0.029
1 0.364 0.448 0.013 0.023
1 0.315 0.442 0.012 0.023
1 0.267 0.449 0.011 0.022
1 0.222 0.458 0.011 0.023
1 0.13 0.442 0.013 0.023
1 0.164 0.398 0.012 0.023
1 0.208 0.399 0.011 0.022
1 0.204 0.373 0.01 0.019
1 0.235 0.364 0.011 0.025
1 0.264 0.357 0.011 0.025
1 0.251 0.392 0.011 0.022
1 0.299 0.393 0.012 0.025
1 0.305 0.359 0.011 0.023
1 0.336 0.365 0.011 0.025
1 0.341 0.398 0.013 0.025
1 0.375 0.367 0.01 0.023
1 0.418 0.365 0.012 0.022
1 0.461 0.366 0.011 0.023
1 0.506 0.365 0.009 0.025
1 0.39 0.407 0.01 0.023
1 0.409 0.452 0.012 0.026
1 0.385 0.491 0.013 0.022
1 0.431 0.501 0.012 0.022
1 0.477 0.483 0.014 0.026
1 0.458 0.441 0.013 0.025
1 0.436 0.406 0.011 0.022
1 0.819 0.425 0.014 0.023
1 0.763 0.405 0.011 0.025
1 0.719 0.397 0.012 0.023
1 0.649 0.436 0.013 0.025
1 0.683 0.49 0.013 0.029
1 0.703 0.436 0.014 0.025
1 0.75 0.449 0.011 0.022
1 0.733 0.493 0.012 0.026
1 0.782 0.495 0.012 0.023
1 0.823 0.493 0.012 0.023
1 0.482 0.398 0.011 0.023
1 0.504 0.445 0.011 0.023
1 0.53 0.485 0.014 0.029
1 0.557 0.447 0.012 0.026
1 0.581 0.403 0.011 0.023
1 0.596 0.37 0.012 0.023
1 0.58 0.49 0.012 0.025
1 0.604 0.448 0.01 0.018
1 0.554 0.37 0.01 0.022
1 0.63 0.378 0.012 0.023
1 0.641 0.357 0.01 0.02
1 0.674 0.358 0.011 0.025
1 0.676 0.39 0.011 0.025
1 0.708 0.359 0.011 0.023
1 0.738 0.355 0.011 0.025
1 0.774 0.367 0.011 0.025
1 0.807 0.39 0.013 0.025
1 0.631 0.49 0.012 0.023
1 0.531 0.398 0.011 0.022
1 0.177 0.446 0.012 0.019
