1 0.553 0.245 0.023 0.041
1 0.544 0.37 0.023 0.05
1 0.666 0.534 0.027 0.052
1 0.56 0.518 0.027 0.051
1 0.473 0.364 0.023 0.045
1 0.458 0.495 0.027 0.051
1 0.354 0.515 0.026 0.05
1 0.483 0.234 0.021 0.042
1 0.327 0.242 0.022 0.041
1 0.401 0.243 0.021 0.042
1 0.398 0.364 0.023 0.044
1 0.307 0.358 0.024 0.048
1 0.225 0.365 0.024 0.045
1 0.159 0.363 0.023 0.047
1 0.158 0.244 0.022 0.045
1 0.251 0.241 0.021 0.042
1 0.254 0.522 0.028 0.05
1 0.881 0.269 0.026 0.048
1 0.747 0.389 0.024 0.05
1 0.689 0.378 0.023 0.039
1 0.708 0.261 0.022 0.041
1 0.79 0.248 0.024 0.05
1 0.627 0.254 0.022 0.041
1 0.619 0.378 0.022 0.048
