1 0.954 0.333 0.037 0.07
1 0.929 0.245 0.038 0.073
1 0.929 0.093 0.039 0.073
1 0.85 0.312 0.038 0.069
1 0.789 0.268 0.037 0.072
1 0.765 0.389 0.041 0.076
1 0.738 0.333 0.035 0.083
1 0.65 0.319 0.038 0.067
1 0.635 0.241 0.036 0.067
1 0.55 0.255 0.04 0.072
1 0.571 0.4 0.038 0.07
1 0.456 0.319 0.034 0.073
1 0.433 0.256 0.043 0.073
1 0.753 0.106 0.045 0.078
1 0.067 0.097 0.052 0.098
1 0.188 0.179 0.043 0.087
1 0.353 0.354 0.038 0.073
1 0.362 0.249 0.042 0.072
1 0.299 0.319 0.036 0.07
1 0.232 0.354 0.04 0.072
1 0.482 0.188 0.042 0.075
