1 0.038 0.726 0.018 0.027
1 0.221 0.531 0.021 0.035
1 0.287 0.633 0.013 0.02
1 0.289 0.493 0.015 0.026
1 0.092 0.466 0.009 0.018
1 0.147 0.51 0.008 0.012
1 0.124 0.451 0.008 0.01
1 0.459 0.48 0.012 0.025
1 0.481 0.459 0.005 0.009
1 0.443 0.441 0.006 0.012
1 0.793 0.568 0.022 0.044
1 0.612 0.491 0.012 0.021
1 0.533 0.458 0.005 0.007
1 0.568 0.444 0.006 0.01
1 0.747 0.452 0.007 0.012
1 0.762 0.452 0.005 0.012
1 0.787 0.408 0.004 0.005
1 0.755 0.412 0.005 0.007
1 0.688 0.415 0.004 0.005
1 0.722 0.432 0.006 0.008
1 0.643 0.42 0.009 0.012
