1 0.755 0.499 0.007 0.013
1 0.733 0.497 0.007 0.011
1 0.852 0.502 0.005 0.015
1 0.861 0.508 0.006 0.014
1 0.91 0.515 0.008 0.011
1 0.892 0.514 0.005 0.011
1 0.874 0.503 0.008 0.011
1 0.945 0.516 0.006 0.015
1 0.92 0.515 0.003 0.011
1 0.799 0.511 0.008 0.011
1 0.693 0.506 0.006 0.014
1 0.63 0.469 0.017 0.034
1 0.551 0.45 0.02 0.034
1 0.476 0.279 0.006 0.013
1 0.535 0.288 0.008 0.011
1 0.503 0.287 0.006 0.01
1 0.56 0.293 0.005 0.01
1 0.57 0.292 0.006 0.014
1 0.62 0.285 0.005 0.014
1 0.654 0.295 0.007 0.013
1 0.626 0.295 0.006 0.011
1 0.077 0.448 0.021 0.029
1 0.138 0.457 0.017 0.027
1 0.189 0.455 0.016 0.034
1 0.214 0.434 0.019 0.031
1 0.281 0.455 0.019 0.036
1 0.314 0.483 0.005 0.014
1 0.321 0.424 0.005 0.013
1 0.342 0.399 0.006 0.013
1 0.264 0.395 0.005 0.011
1 0.276 0.383 0.006 0.013
1 0.29 0.38 0.005 0.014
1 0.303 0.379 0.006 0.01
1 0.31 0.385 0.005 0.008
1 0.319 0.377 0.007 0.014
1 0.345 0.367 0.007 0.011
1 0.304 0.479 0.008 0.017
1 0.29 0.415 0.007 0.011
1 0.265 0.382 0.005 0.01
1 0.384 0.48 0.019 0.032
1 0.386 0.372 0.006 0.011
1 0.362 0.372 0.008 0.011
1 0.33 0.367 0.008 0.011
1 0.719 0.284 0.007 0.011
1 0.702 0.281 0.007 0.013
1 0.683 0.279 0.007 0.013
1 0.76 0.28 0.005 0.013
1 0.785 0.281 0.008 0.011
1 0.768 0.279 0.007 0.013
1 0.806 0.287 0.006 0.013
1 0.83 0.29 0.007 0.013
1 0.485 0.485 0.011 0.021
1 0.508 0.494 0.01 0.014
1 0.841 0.52 0.008 0.018
1 0.776 0.502 0.013 0.013
1 0.866 0.279 0.008 0.013
1 0.897 0.288 0.007 0.011
1 0.931 0.281 0.008 0.014
1 0.952 0.283 0.008 0.015
1 0.965 0.288 0.006 0.013
1 0.882 0.28 0.008 0.013
1 0.915 0.289 0.007 0.014
1 0.848 0.284 0.008 0.014
1 0.433 0.325 0.006 0.008
1 0.492 0.284 0.007 0.014
1 0.583 0.285 0.009 0.011
1 0.639 0.293 0.007 0.011
1 0.975 0.284 0.007 0.01
1 0.987 0.29 0.007 0.01
