1 0.564 0.283 0.035 0.046
1 0.45 0.301 0.035 0.048
1 0.156 0.313 0.037 0.05
1 0.235 0.249 0.028 0.045
1 0.281 0.197 0.022 0.045
1 0.321 0.183 0.024 0.036
1 0.378 0.17 0.027 0.041
1 0.82 0.062 0.021 0.027
1 0.692 0.049 0.024 0.039
1 0.663 0.148 0.021 0.04
1 0.737 0.145 0.018 0.028
1 0.808 0.13 0.014 0.027
1 0.896 0.136 0.02 0.03
1 0.906 0.202 0.023 0.044
1 0.476 0.182 0.026 0.035
1 0.534 0.114 0.021 0.035
1 0.562 0.076 0.021 0.035
1 0.493 0.049 0.025 0.042
1 0.208 0.189 0.032 0.049
1 0.128 0.263 0.028 0.039
1 0.073 0.199 0.034 0.046
1 0.047 0.305 0.03 0.051
1 0.045 0.498 0.037 0.053
1 0.062 0.133 0.021 0.032
1 0.099 0.134 0.017 0.033
1 0.126 0.156 0.021 0.035
1 0.155 0.089 0.02 0.04
1 0.648 0.08 0.023 0.037
1 0.623 0.028 0.019 0.031
1 0.446 0.7 0.033 0.089
1 0.388 0.814 0.071 0.125
1 0.103 0.876 0.092 0.096
1 0.561 0.9 0.046 0.053
1 0.431 0.165 0.025 0.05
1 0.342 0.151 0.021 0.035
1 0.373 0.055 0.023 0.04
1 0.833 0.026 0.021 0.031
1 0.724 0.052 0.021 0.032
1 0.473 0.09 0.02 0.044
1 0.948 0.058 0.025 0.037
