1 0.507 0.221 0.02 0.035
1 0.576 0.183 0.015 0.034
1 0.525 0.113 0.013 0.032
1 0.599 0.067 0.011 0.031
1 0.671 0.043 0.012 0.032
1 0.683 0.229 0.014 0.035
1 0.608 0.22 0.019 0.035
1 0.411 0.174 0.018 0.043
1 0.463 0.13 0.015 0.034
1 0.466 0.224 0.016 0.034
1 0.444 0.248 0.014 0.029
1 0.359 0.218 0.015 0.034
1 0.706 0.117 0.01 0.032
1 0.733 0.161 0.01 0.034
1 0.717 0.212 0.014 0.022
1 0.303 0.247 0.018 0.034
1 0.243 0.26 0.018 0.032
1 0.223 0.227 0.013 0.035
1 0.25 0.205 0.015 0.031
1 0.565 0.057 0.011 0.032
1 0.411 0.087 0.015 0.031
1 0.753 0.117 0.011 0.021
1 0.113 0.199 0.014 0.029
1 0.16 0.232 0.016 0.031
1 0.195 0.228 0.013 0.025
1 0.055 0.236 0.017 0.035
1 0.01 0.211 0.015 0.035
1 0.185 0.051 0.01 0.025
1 0.261 0.109 0.011 0.028
1 0.253 0.048 0.011 0.018
1 0.078 0.308 0.017 0.044
1 0.785 0.14 0.014 0.031
1 0.779 0.202 0.013 0.029
1 0.824 0.227 0.015 0.037
1 0.864 0.083 0.009 0.028
1 0.946 0.03 0.015 0.025
1 0.963 0.198 0.018 0.041
1 0.937 0.212 0.016 0.04
1 0.944 0.179 0.013 0.023
1 0.877 0.251 0.013 0.034
1 0.8 0.051 0.012 0.028
1 0.172 0.015 0.01 0.023
1 0.276 0.011 0.012 0.022
1 0.312 0.023 0.012 0.022
1 0.339 0.018 0.012 0.018
1 0.138 0.037 0.011 0.016
1 0.202 0.019 0.012 0.018
1 0.107 0.015 0.011 0.018
1 0.586 0.01 0.006 0.012
1 0.626 0.014 0.007 0.01
1 0.362 0.087 0.013 0.028
1 0.449 0.013 0.013 0.021
