1 0.96 0.472 0.012 0.022
1 0.987 0.465 0.007 0.012
1 0.94 0.452 0.006 0.01
1 0.944 0.444 0.005 0.008
1 0.921 0.453 0.011 0.021
1 0.9 0.469 0.012 0.023
1 0.917 0.497 0.01 0.02
1 0.909 0.577 0.008 0.021
1 0.905 0.547 0.009 0.021
1 0.843 0.689 0.027 0.051
1 0.954 0.697 0.013 0.047
1 0.777 0.613 0.013 0.036
1 0.856 0.586 0.011 0.023
1 0.677 0.498 0.008 0.02
1 0.613 0.527 0.007 0.016
1 0.64 0.535 0.012 0.021
1 0.599 0.512 0.012 0.016
1 0.562 0.521 0.006 0.02
1 0.609 0.611 0.012 0.023
1 0.748 0.534 0.01 0.021
1 0.72 0.506 0.008 0.017
1 0.852 0.556 0.009 0.023
1 0.802 0.543 0.011 0.021
1 0.795 0.528 0.009 0.02
1 0.81 0.574 0.01 0.023
1 0.84 0.65 0.012 0.03
1 0.827 0.635 0.014 0.026
1 0.762 0.585 0.011 0.02
1 0.81 0.451 0.006 0.009
1 0.595 0.415 0.006 0.008
1 0.579 0.421 0.007 0.009
1 0.502 0.51 0.016 0.017
1 0.509 0.6 0.009 0.027
1 0.581 0.554 0.01 0.022
1 0.448 0.418 0.004 0.008
1 0.45 0.51 0.01 0.02
1 0.408 0.51 0.009 0.016
1 0.339 0.508 0.012 0.021
1 0.292 0.475 0.007 0.009
1 0.356 0.395 0.007 0.012
1 0.252 0.423 0.006 0.007
1 0.269 0.402 0.004 0.007
1 0.236 0.427 0.006 0.008
1 0.062 0.438 0.006 0.004
1 0.057 0.48 0.012 0.018
1 0.051 0.516 0.009 0.017
1 0.061 0.544 0.009 0.023
1 0.092 0.519 0.01 0.022
1 0.102 0.511 0.01 0.02
1 0.127 0.512 0.01 0.018
1 0.124 0.534 0.013 0.018
1 0.145 0.602 0.011 0.02
1 0.1 0.652 0.016 0.026
1 0.173 0.523 0.009 0.018
1 0.176 0.504 0.009 0.016
1 0.2 0.513 0.008 0.016
1 0.214 0.521 0.01 0.017
1 0.237 0.519 0.009 0.017
1 0.246 0.499 0.008 0.017
1 0.26 0.511 0.009 0.017
1 0.251 0.527 0.009 0.017
1 0.262 0.497 0.008 0.016
1 0.284 0.515 0.012 0.02
1 0.294 0.512 0.009 0.017
1 0.343 0.576 0.009 0.029
1 0.031 0.523 0.01 0.017
1 0.018 0.54 0.008 0.023
1 0.142 0.514 0.007 0.017
1 0.543 0.534 0.009 0.021
1 0.863 0.419 0.009 0.014
1 0.648 0.524 0.012 0.02
1 0.258 0.572 0.014 0.027
1 0.252 0.68 0.013 0.036
1 0.299 0.483 0.006 0.01
