1 0.046 0.569 0.009 0.021
1 0.034 0.563 0.012 0.025
1 0.3 0.593 0.006 0.014
1 0.334 0.564 0.008 0.021
1 0.39 0.586 0.012 0.018
1 0.463 0.561 0.009 0.016
1 0.017 0.566 0.011 0.021
1 0.718 0.679 0.019 0.025
1 0.762 0.562 0.016 0.026
1 0.569 0.559 0.013 0.017
1 0.423 0.598 0.013 0.022
1 0.353 0.561 0.013 0.026
1 0.615 0.588 0.011 0.017
1 0.155 0.499 0.02 0.047
1 0.232 0.562 0.015 0.032
1 0.264 0.575 0.015 0.023
1 0.074 0.578 0.011 0.018
1 0.484 0.586 0.015 0.029
1 0.527 0.588 0.01 0.016
1 0.518 0.59 0.009 0.017
