1 0.206 0.214 0.014 0.021
1 0.412 0.056 0.019 0.037
1 0.458 0.047 0.018 0.032
1 0.439 0.156 0.016 0.028
1 0.523 0.065 0.016 0.025
1 0.571 0.137 0.016 0.031
1 0.565 0.064 0.015 0.022
1 0.583 0.031 0.016 0.023
1 0.592 0.07 0.014 0.019
1 0.659 0.059 0.014 0.025
1 0.683 0.081 0.015 0.023
1 0.729 0.074 0.016 0.019
1 0.764 0.17 0.017 0.026
1 0.459 0.09 0.014 0.028
1 0.488 0.123 0.014 0.026
1 0.895 0.046 0.015 0.028
1 0.958 0.062 0.013 0.025
1 0.022 0.433 0.028 0.045
1 0.884 0.532 0.044 0.078
1 0.726 0.501 0.041 0.079
1 0.584 0.512 0.045 0.075
1 0.399 0.506 0.042 0.073
1 0.26 0.527 0.042 0.072
1 0.116 0.543 0.045 0.075
1 0.989 0.489 0.022 0.045
1 0.932 0.497 0.023 0.041
1 0.814 0.54 0.021 0.037
1 0.765 0.512 0.021 0.026
1 0.931 0.453 0.021 0.035
1 0.92 0.315 0.02 0.034
1 0.772 0.325 0.019 0.037
1 0.755 0.271 0.017 0.032
1 0.865 0.249 0.017 0.032
1 0.782 0.205 0.021 0.028
1 0.73 0.24 0.019 0.029
1 0.707 0.375 0.017 0.031
1 0.651 0.284 0.02 0.037
1 0.695 0.435 0.02 0.029
1 0.616 0.419 0.019 0.037
1 0.551 0.428 0.019 0.032
1 0.786 0.034 0.022 0.034
1 0.161 0.254 0.019 0.037
1 0.332 0.581 0.019 0.032
1 0.336 0.532 0.023 0.045
1 0.417 0.453 0.019 0.032
1 0.205 0.513 0.023 0.047
1 0.235 0.443 0.022 0.044
1 0.189 0.46 0.025 0.045
1 0.118 0.466 0.02 0.034
1 0.089 0.48 0.023 0.037
1 0.091 0.359 0.017 0.037
1 0.177 0.337 0.021 0.037
1 0.066 0.298 0.019 0.034
1 0.156 0.442 0.017 0.037
1 0.316 0.424 0.019 0.037
1 0.34 0.272 0.02 0.028
1 0.237 0.328 0.02 0.037
1 0.108 0.229 0.019 0.043
1 0.069 0.056 0.018 0.031
1 0.127 0.04 0.013 0.023
1 0.191 0.062 0.016 0.022
1 0.233 0.045 0.014 0.023
1 0.257 0.036 0.018 0.025
1 0.315 0.031 0.016 0.029
1 0.292 0.213 0.019 0.035
1 0.476 0.498 0.017 0.034
1 0.514 0.539 0.02 0.04
1 0.675 0.516 0.018 0.032
1 0.656 0.566 0.02 0.038
1 0.458 0.371 0.017 0.032
1 0.447 0.324 0.019 0.029
1 0.46 0.298 0.017 0.026
1 0.398 0.313 0.017 0.031
1 0.435 0.264 0.014 0.032
1 0.453 0.246 0.017 0.028
