1 0.449 0.451 0.047 0.07
1 0.19 0.34 0.07 0.126
1 0.07 0.287 0.022 0.033
1 0.029 0.31 0.017 0.026
1 0.014 0.28 0.015 0.023
1 0.267 0.326 0.033 0.044
1 0.685 0.372 0.041 0.068
1 0.555 0.404 0.021 0.036
1 0.456 0.318 0.026 0.047
1 0.413 0.327 0.016 0.023
1 0.313 0.34 0.016 0.023
1 0.303 0.374 0.019 0.03
1 0.359 0.288 0.016 0.023
1 0.317 0.283 0.012 0.017
1 0.493 0.291 0.02 0.033
1 0.55 0.345 0.01 0.018
1 0.59 0.287 0.018 0.027
1 0.405 0.277 0.016 0.026
1 0.532 0.285 0.012 0.021
1 0.791 0.6 0.028 0.061
1 0.831 0.564 0.036 0.052
1 0.895 0.352 0.019 0.031
1 0.815 0.299 0.021 0.043
1 0.717 0.308 0.016 0.033
1 0.743 0.295 0.014 0.022
1 0.615 0.288 0.011 0.02
1 0.959 0.318 0.018 0.029
1 0.844 0.304 0.018 0.027
1 0.898 0.284 0.011 0.016
1 0.834 0.265 0.008 0.014
1 0.782 0.253 0.008 0.012
1 0.731 0.27 0.008 0.012
