1 0.159 0.704 0.045 0.048
1 0.241 0.704 0.044 0.049
1 0.37 0.691 0.041 0.053
1 0.492 0.696 0.041 0.049
1 0.604 0.682 0.046 0.046
1 0.716 0.667 0.043 0.047
1 0.848 0.658 0.04 0.044
1 0.116 0.435 0.044 0.052
1 0.223 0.443 0.046 0.049
1 0.333 0.419 0.045 0.055
1 0.422 0.439 0.045 0.059
1 0.514 0.426 0.039 0.047
1 0.604 0.398 0.043 0.046
1 0.708 0.413 0.044 0.056
1 0.785 0.414 0.042 0.049
1 0.177 0.351 0.037 0.042
1 0.24 0.323 0.032 0.043
1 0.324 0.334 0.039 0.044
1 0.375 0.34 0.038 0.047
1 0.425 0.322 0.038 0.047
1 0.51 0.341 0.032 0.039
1 0.559 0.314 0.036 0.049
1 0.618 0.313 0.034 0.044
1 0.676 0.332 0.036 0.052
1 0.75 0.306 0.036 0.048
1 0.285 0.242 0.034 0.037
1 0.352 0.232 0.036 0.044
1 0.417 0.222 0.032 0.04
1 0.499 0.225 0.034 0.044
1 0.577 0.231 0.033 0.039
1 0.658 0.219 0.035 0.043
1 0.74 0.246 0.034 0.042
