1 0.196 0.313 0.03 0.043
1 0.293 0.312 0.027 0.042
1 0.379 0.289 0.03 0.042
1 0.463 0.273 0.03 0.052
1 0.555 0.24 0.031 0.042
1 0.698 0.208 0.031 0.049
1 0.762 0.223 0.031 0.047
1 0.795 0.268 0.034 0.048
1 0.176 0.379 0.027 0.047
1 0.225 0.381 0.03 0.04
1 0.309 0.379 0.029 0.047
1 0.363 0.385 0.029 0.043
1 0.428 0.392 0.031 0.057
1 0.504 0.386 0.032 0.051
1 0.559 0.396 0.029 0.049
1 0.62 0.404 0.031 0.049
1 0.674 0.359 0.033 0.056
1 0.746 0.385 0.03 0.051
1 0.085 0.548 0.037 0.056
1 0.185 0.552 0.035 0.052
1 0.306 0.552 0.033 0.047
1 0.385 0.601 0.034 0.051
1 0.51 0.595 0.039 0.047
1 0.712 0.499 0.03 0.051
1 0.767 0.627 0.039 0.061
1 0.831 0.303 0.036 0.055
1 0.821 0.577 0.038 0.056
1 0.868 0.694 0.046 0.062
