1 0.507 0.518 0.01 0.016
1 0.234 0.48 0.04 0.073
1 0.342 0.421 0.006 0.014
1 0.312 0.447 0.007 0.01
1 0.327 0.488 0.026 0.044
1 0.352 0.494 0.016 0.033
1 0.383 0.505 0.014 0.03
1 0.432 0.51 0.017 0.029
1 0.447 0.495 0.012 0.031
1 0.416 0.45 0.006 0.014
1 0.496 0.525 0.016 0.022
1 0.412 0.497 0.012 0.023
1 0.519 0.51 0.011 0.02
1 0.531 0.505 0.009 0.013
1 0.544 0.508 0.012 0.02
1 0.571 0.498 0.011 0.017
1 0.481 0.511 0.009 0.017
1 0.561 0.521 0.01 0.014
1 0.635 0.506 0.008 0.012
1 0.949 0.498 0.006 0.014
1 0.952 0.514 0.007 0.013
1 0.991 0.502 0.005 0.012
1 0.97 0.488 0.004 0.012
1 0.017 0.522 0.028 0.06
1 0.099 0.531 0.027 0.052
1 0.068 0.48 0.012 0.027
1 0.161 0.393 0.013 0.022
1 0.187 0.437 0.008 0.014
1 0.204 0.498 0.019 0.033
1 0.584 0.514 0.006 0.012
1 0.602 0.501 0.005 0.01
1 0.726 0.505 0.008 0.008
1 0.751 0.511 0.007 0.009
1 0.701 0.505 0.006 0.008
1 0.688 0.508 0.008 0.012
1 0.884 0.508 0.004 0.009
1 0.85 0.504 0.005 0.008
1 0.808 0.502 0.005 0.007
1 0.667 0.508 0.006 0.009
1 0.617 0.51 0.005 0.009
1 0.71 0.532 0.008 0.012
