1 0.015 0.234 0.011 0.019
1 0.066 0.237 0.013 0.02
1 0.083 0.236 0.011 0.016
1 0.153 0.219 0.031 0.056
1 0.088 0.3 0.03 0.056
1 0.231 0.282 0.012 0.015
1 0.189 0.228 0.01 0.019
1 0.287 0.29 0.01 0.016
1 0.342 0.293 0.013 0.015
1 0.383 0.288 0.012 0.015
1 0.422 0.296 0.012 0.018
1 0.484 0.288 0.011 0.014
1 0.546 0.236 0.012 0.022
1 0.617 0.252 0.028 0.064
1 0.751 0.266 0.026 0.048
1 0.267 0.494 0.026 0.048
1 0.333 0.465 0.034 0.053
1 0.368 0.516 0.038 0.06
1 0.046 0.229 0.007 0.015
1 0.397 0.297 0.011 0.018
1 0.466 0.294 0.012 0.019
1 0.666 0.392 0.034 0.06
1 0.114 0.234 0.009 0.014
