1 0.657 0.568 0.007 0.013
1 0.31 0.534 0.019 0.036
1 0.362 0.555 0.013 0.036
1 0.341 0.648 0.029 0.064
1 0.204 0.769 0.054 0.1
1 0.396 0.72 0.037 0.073
1 0.486 0.663 0.017 0.038
1 0.443 0.572 0.009 0.026
1 0.417 0.556 0.015 0.031
1 0.392 0.542 0.016 0.029
1 0.518 0.652 0.013 0.025
1 0.561 0.598 0.011 0.025
1 0.716 0.747 0.019 0.044
1 0.65 0.708 0.012 0.027
1 0.744 0.822 0.025 0.057
1 0.871 0.645 0.007 0.012
1 0.534 0.873 0.037 0.069
1 0.641 0.961 0.034 0.076
1 0.039 0.467 0.023 0.029
1 0.046 0.523 0.031 0.056
1 0.115 0.477 0.023 0.023
1 0.218 0.529 0.015 0.036
1 0.988 0.815 0.009 0.023
1 0.712 0.673 0.013 0.023
1 0.752 0.7 0.012 0.017
1 0.777 0.745 0.012 0.025
1 0.736 0.734 0.014 0.021
1 0.839 0.773 0.01 0.021
1 0.863 0.747 0.009 0.017
1 0.802 0.71 0.007 0.013
1 0.26 0.561 0.023 0.039
1 0.081 0.434 0.01 0.016
1 0.006 0.467 0.007 0.025
1 0.006 0.428 0.006 0.018
1 0.004 0.383 0.005 0.016
1 0.066 0.447 0.012 0.02
1 0.202 0.463 0.014 0.022
1 0.263 0.479 0.008 0.016
1 0.249 0.469 0.01 0.014
1 0.472 0.563 0.011 0.017
1 0.494 0.577 0.011 0.016
1 0.516 0.593 0.009 0.025
1 0.528 0.652 0.013 0.027
1 0.61 0.639 0.017 0.025
1 0.665 0.661 0.013 0.02
1 0.786 0.758 0.017 0.033
