1 0.012 0.219 0.019 0.029
1 0.066 0.236 0.008 0.014
1 0.133 0.213 0.02 0.033
1 0.188 0.206 0.018 0.026
1 0.232 0.23 0.012 0.025
1 0.208 0.208 0.007 0.013
1 0.264 0.229 0.014 0.031
1 0.333 0.189 0.024 0.04
1 0.349 0.186 0.013 0.042
1 0.383 0.206 0.011 0.029
1 0.43 0.208 0.015 0.018
1 0.491 0.202 0.02 0.035
1 0.521 0.195 0.013 0.021
1 0.511 0.181 0.012 0.018
1 0.704 0.14 0.04 0.072
1 0.905 0.173 0.022 0.04
1 0.963 0.179 0.012 0.025
1 0.924 0.161 0.017 0.03
1 0.045 0.243 0.012 0.018
1 0.027 0.227 0.008 0.016
1 0.146 0.226 0.006 0.012
1 0.536 0.201 0.007 0.009
1 0.607 0.192 0.009 0.014
1 0.635 0.188 0.009 0.017
1 0.853 0.199 0.009 0.022
1 0.221 0.21 0.01 0.018
1 0.101 0.23 0.006 0.009
