1 0.032 0.338 0.012 0.018
1 0.098 0.378 0.012 0.017
1 0.097 0.33 0.011 0.021
1 0.176 0.359 0.007 0.018
1 0.214 0.355 0.009 0.013
1 0.329 0.345 0.016 0.025
1 0.465 0.436 0.011 0.021
1 0.449 0.336 0.005 0.005
1 0.61 0.34 0.007 0.008
1 0.599 0.332 0.004 0.007
1 0.551 0.336 0.005 0.009
1 0.664 0.346 0.004 0.009
1 0.618 0.342 0.005 0.005
1 0.623 0.41 0.005 0.008
1 0.67 0.408 0.006 0.007
1 0.729 0.409 0.008 0.009
1 0.721 0.334 0.006 0.007
1 0.73 0.338 0.004 0.007
1 0.785 0.345 0.011 0.025
1 0.938 0.357 0.014 0.028
1 0.141 0.328 0.014 0.017
1 0.713 0.453 0.023 0.02
1 0.025 0.356 0.01 0.024
1 0.345 0.331 0.007 0.013
1 0.89 0.339 0.012 0.021
1 0.373 0.335 0.004 0.008
1 0.397 0.323 0.004 0.008
1 0.349 0.339 0.006 0.011
1 0.633 0.33 0.005 0.007
1 0.595 0.346 0.004 0.008
