1 0.904 0.693 0.02 0.047
1 0.952 0.599 0.013 0.023
1 0.911 0.528 0.012 0.016
1 0.849 0.62 0.017 0.032
1 0.836 0.598 0.012 0.022
1 0.814 0.588 0.01 0.022
1 0.783 0.571 0.011 0.018
1 0.734 0.577 0.01 0.02
1 0.786 0.496 0.007 0.015
1 0.803 0.501 0.006 0.012
1 0.615 0.512 0.008 0.015
1 0.568 0.5 0.007 0.013
1 0.531 0.541 0.006 0.016
1 0.557 0.534 0.007 0.018
1 0.499 0.577 0.01 0.019
1 0.223 0.598 0.014 0.028
1 0.265 0.648 0.012 0.035
1 0.202 0.509 0.01 0.013
1 0.216 0.489 0.008 0.015
1 0.283 0.496 0.008 0.013
1 0.258 0.5 0.006 0.013
1 0.119 0.516 0.008 0.016
1 0.098 0.483 0.006 0.012
1 0.099 0.518 0.006 0.013
1 0.025 0.726 0.018 0.031
1 0.039 0.735 0.015 0.031
1 0.312 0.641 0.015 0.029
1 0.324 0.547 0.009 0.019
1 0.268 0.539 0.007 0.015
1 0.392 0.687 0.012 0.028
1 0.444 0.685 0.013 0.034
1 0.536 0.664 0.013 0.022
1 0.635 0.699 0.011 0.029
1 0.663 0.629 0.013 0.026
1 0.538 0.536 0.006 0.013
1 0.723 0.542 0.008 0.019
1 0.755 0.526 0.007 0.015
1 0.35 0.498 0.007 0.015
1 0.228 0.454 0.005 0.009
1 0.217 0.462 0.006 0.01
1 0.123 0.467 0.006 0.012
1 0.205 0.466 0.005 0.009
1 0.231 0.482 0.008 0.016
1 0.64 0.521 0.007 0.012
1 0.683 0.478 0.005 0.01
1 0.717 0.507 0.006 0.013
1 0.739 0.486 0.008 0.012
1 0.727 0.444 0.007 0.015
1 0.49 0.469 0.006 0.012
1 0.473 0.575 0.01 0.018
1 0.551 0.55 0.007 0.013
1 0.136 0.599 0.01 0.018
1 0.251 0.481 0.006 0.013
1 0.314 0.462 0.006 0.013
1 0.298 0.456 0.006 0.01
1 0.056 0.712 0.018 0.041
1 0.829 0.511 0.006 0.012
1 0.684 0.527 0.007 0.012
1 0.894 0.532 0.007 0.016
