1 0.978 0.306 0.017 0.026
1 0.947 0.311 0.013 0.02
1 0.927 0.309 0.015 0.023
1 0.901 0.305 0.02 0.025
1 0.855 0.301 0.015 0.023
1 0.995 0.025 0.01 0.021
1 0.944 0.02 0.015 0.026
1 0.949 0.065 0.016 0.023
1 0.905 0.065 0.015 0.023
1 0.886 0.025 0.016 0.022
1 0.851 0.079 0.014 0.021
1 0.84 0.038 0.014 0.02
1 0.81 0.299 0.017 0.029
1 0.776 0.316 0.016 0.022
1 0.745 0.318 0.017 0.026
1 0.728 0.317 0.013 0.017
1 0.775 0.286 0.012 0.02
1 0.702 0.308 0.017 0.027
1 0.678 0.286 0.012 0.02
1 0.656 0.31 0.016 0.026
1 0.788 0.08 0.014 0.02
1 0.747 0.033 0.015 0.027
1 0.714 0.066 0.016 0.025
1 0.694 0.036 0.016 0.018
1 0.657 0.077 0.016 0.021
1 0.642 0.035 0.016 0.023
1 0.593 0.031 0.016 0.029
1 0.571 0.06 0.016 0.023
1 0.541 0.301 0.018 0.023
1 0.507 0.284 0.014 0.021
1 0.451 0.313 0.015 0.022
1 0.468 0.279 0.014 0.022
1 0.535 0.025 0.015 0.025
1 0.488 0.025 0.017 0.026
1 0.465 0.062 0.016 0.022
1 0.434 0.029 0.016 0.023
1 0.401 0.055 0.017 0.023
1 0.385 0.012 0.017 0.025
1 0.355 0.307 0.015 0.026
1 0.331 0.297 0.014 0.026
1 0.254 0.297 0.018 0.029
1 0.286 0.282 0.014 0.02
1 0.198 0.311 0.015 0.021
1 0.203 0.278 0.014 0.02
1 0.149 0.304 0.016 0.025
1 0.166 0.296 0.012 0.023
1 0.111 0.301 0.018 0.029
1 0.331 0.058 0.016 0.03
1 0.32 0.012 0.017 0.023
1 0.291 0.053 0.016 0.027
1 0.234 0.052 0.016 0.023
1 0.179 0.04 0.018 0.03
1 0.089 0.025 0.019 0.033
1 0.102 0.033 0.014 0.018
1 0.036 0.018 0.015 0.02
1 0.621 0.07 0.014 0.022
1 0.524 0.064 0.015 0.023
1 0.009 0.27 0.015 0.022
1 0.059 0.268 0.012 0.017
1 0.102 0.273 0.016 0.022
1 0.141 0.279 0.013 0.02
1 0.405 0.309 0.014 0.02
1 0.425 0.284 0.011 0.021
1 0.606 0.302 0.012 0.018
