1 0.956 0.327 0.016 0.018
1 0.899 0.292 0.014 0.014
1 0.856 0.295 0.01 0.012
1 0.878 0.308 0.012 0.01
1 0.885 0.325 0.014 0.014
1 0.867 0.332 0.015 0.018
1 0.783 0.322 0.015 0.018
1 0.679 0.303 0.014 0.016
1 0.675 0.29 0.014 0.014
1 0.606 0.28 0.014 0.015
1 0.546 0.348 0.04 0.024
1 0.495 0.299 0.014 0.015
1 0.462 0.311 0.012 0.012
1 0.424 0.311 0.016 0.015
1 0.438 0.247 0.011 0.012
1 0.383 0.288 0.016 0.015
1 0.303 0.276 0.017 0.016
1 0.327 0.274 0.013 0.012
1 0.36 0.279 0.013 0.015
1 0.184 0.318 0.019 0.023
