1 0.918 0.141 0.034 0.083
1 0.795 0.184 0.039 0.076
1 0.988 0.03 0.022 0.059
1 0.926 0.047 0.03 0.069
1 0.879 0.03 0.03 0.059
1 0.821 0.035 0.034 0.069
1 0.767 0.071 0.021 0.052
1 0.696 0.135 0.03 0.073
1 0.635 0.119 0.035 0.078
1 0.694 0.06 0.02 0.04
1 0.494 0.132 0.032 0.062
1 0.56 0.037 0.029 0.064
1 0.516 0.042 0.028 0.069
1 0.428 0.036 0.037 0.066
1 0.384 0.057 0.025 0.066
1 0.346 0.136 0.025 0.071
1 0.267 0.045 0.027 0.066
1 0.264 0.148 0.035 0.078
1 0.208 0.194 0.034 0.043
1 0.141 0.128 0.026 0.069
1 0.126 0.05 0.029 0.059
1 0.094 0.047 0.021 0.045
1 0.066 0.147 0.021 0.047
1 0.025 0.049 0.03 0.068
