1 0.767 0.599 0.006 0.014
1 0.785 0.601 0.005 0.014
1 0.798 0.629 0.005 0.012
1 0.771 0.66 0.006 0.014
1 0.803 0.596 0.006 0.016
1 0.975 0.695 0.006 0.023
1 0.99 0.704 0.008 0.023
1 0.964 0.665 0.006 0.014
1 0.947 0.661 0.005 0.014
1 0.97 0.619 0.006 0.016
1 0.986 0.654 0.007 0.016
1 0.997 0.688 0.004 0.012
1 0.957 0.693 0.005 0.01
1 0.986 0.622 0.006 0.014
1 0.935 0.628 0.01 0.021
1 0.924 0.675 0.005 0.014
1 0.921 0.622 0.006 0.014
1 0.958 0.605 0.005 0.016
1 0.976 0.592 0.005 0.014
1 0.993 0.588 0.005 0.012
1 0.94 0.567 0.007 0.016
1 0.981 0.562 0.005 0.01
1 0.979 0.535 0.007 0.021
1 0.967 0.53 0.007 0.014
1 0.958 0.538 0.006 0.017
1 0.964 0.507 0.006 0.014
1 0.936 0.539 0.007 0.016
1 0.928 0.51 0.006 0.014
1 0.934 0.485 0.006 0.016
1 0.968 0.49 0.006 0.012
1 0.994 0.459 0.005 0.012
1 0.953 0.484 0.005 0.016
1 0.96 0.461 0.004 0.016
1 0.965 0.44 0.005 0.016
1 0.981 0.436 0.005 0.014
1 0.948 0.438 0.005 0.014
1 0.996 0.432 0.005 0.014
1 0.99 0.499 0.007 0.019
1 0.987 0.528 0.007 0.017
1 0.893 0.687 0.006 0.012
1 0.872 0.687 0.005 0.016
1 0.897 0.651 0.008 0.014
1 0.912 0.673 0.006 0.012
1 0.877 0.656 0.007 0.014
1 0.873 0.656 0.007 0.014
1 0.875 0.628 0.005 0.012
1 0.891 0.631 0.007 0.016
1 0.863 0.595 0.007 0.014
1 0.856 0.666 0.006 0.012
1 0.838 0.635 0.007 0.023
1 0.847 0.622 0.006 0.014
1 0.859 0.695 0.007 0.016
1 0.866 0.694 0.009 0.017
1 0.803 0.709 0.006 0.012
1 0.813 0.687 0.005 0.016
1 0.807 0.665 0.006 0.017
1 0.789 0.684 0.009 0.028
1 0.776 0.704 0.008 0.026
1 0.808 0.624 0.007 0.012
1 0.818 0.629 0.005 0.016
1 0.821 0.602 0.007 0.014
1 0.825 0.662 0.008 0.019
1 0.841 0.66 0.006 0.014
1 0.844 0.6 0.004 0.009
1 0.922 0.54 0.006 0.014
1 0.92 0.49 0.004 0.01
1 0.927 0.457 0.008 0.012
1 0.918 0.456 0.005 0.016
1 0.932 0.438 0.006 0.016
1 0.924 0.42 0.005 0.007
1 0.918 0.421 0.005 0.009
1 0.934 0.419 0.004 0.009
1 0.984 0.422 0.005 0.01
1 0.975 0.397 0.007 0.019
1 0.991 0.388 0.004 0.012
1 0.951 0.404 0.007 0.019
1 0.964 0.389 0.009 0.031
1 0.98 0.366 0.005 0.014
1 0.987 0.361 0.004 0.017
1 0.968 0.343 0.005 0.012
1 0.951 0.345 0.005 0.009
1 0.946 0.366 0.005 0.01
1 0.945 0.387 0.007 0.01
1 0.955 0.396 0.006 0.017
1 0.997 0.405 0.005 0.014
1 0.998 0.365 0.004 0.017
1 0.965 0.367 0.004 0.009
1 0.935 0.347 0.009 0.017
1 0.938 0.327 0.005 0.009
1 0.984 0.335 0.007 0.014
1 0.923 0.331 0.007 0.016
1 0.919 0.345 0.005 0.017
1 0.921 0.345 0.007 0.014
1 0.929 0.368 0.005 0.014
1 0.915 0.365 0.006 0.01
1 0.936 0.389 0.005 0.014
1 0.922 0.394 0.005 0.01
1 0.94 0.403 0.008 0.014
1 0.937 0.371 0.008 0.016
1 0.958 0.382 0.005 0.014
1 0.798 0.571 0.005 0.014
1 0.805 0.585 0.005 0.014
1 0.788 0.57 0.007 0.012
1 0.763 0.573 0.005 0.014
1 0.766 0.544 0.005 0.016
1 0.783 0.547 0.005 0.014
1 0.803 0.547 0.005 0.014
1 0.805 0.519 0.006 0.014
1 0.787 0.512 0.006 0.017
1 0.771 0.516 0.006 0.014
1 0.802 0.491 0.004 0.01
1 0.786 0.49 0.004 0.01
1 0.77 0.492 0.006 0.016
1 0.771 0.472 0.005 0.01
1 0.789 0.464 0.006 0.019
1 0.806 0.466 0.006 0.016
1 0.033 0.74 0.006 0.016
1 0.02 0.734 0.008 0.021
1 0.032 0.716 0.007 0.016
1 0.098 0.726 0.009 0.017
1 0.053 0.713 0.007 0.016
1 0.021 0.679 0.006 0.014
1 0.041 0.679 0.005 0.017
1 0.061 0.676 0.004 0.009
1 0.015 0.651 0.006 0.014
1 0.037 0.648 0.006 0.014
1 0.057 0.648 0.006 0.014
1 0.081 0.674 0.005 0.01
1 0.088 0.712 0.007 0.014
1 0.074 0.709 0.006 0.012
1 0.099 0.678 0.007 0.016
1 0.097 0.648 0.006 0.016
1 0.084 0.652 0.005 0.012
1 0.08 0.625 0.008 0.017
1 0.06 0.615 0.005 0.012
1 0.04 0.619 0.005 0.012
1 0.021 0.62 0.006 0.014
1 0.111 0.707 0.007 0.017
1 0.14 0.733 0.006 0.017
1 0.133 0.706 0.005 0.012
1 0.168 0.731 0.006 0.014
1 0.174 0.728 0.005 0.012
1 0.185 0.73 0.005 0.012
1 0.174 0.705 0.007 0.014
1 0.186 0.712 0.008 0.017
1 0.155 0.708 0.006 0.014
1 0.135 0.674 0.006 0.016
1 0.121 0.672 0.005 0.01
1 0.155 0.679 0.006 0.014
1 0.157 0.651 0.005 0.01
1 0.169 0.644 0.006 0.014
1 0.177 0.676 0.006 0.016
1 0.193 0.667 0.006 0.014
1 0.117 0.645 0.005 0.012
1 0.21 0.735 0.005 0.012
1 0.2 0.701 0.006 0.016
1 0.213 0.669 0.006 0.012
1 0.247 0.712 0.005 0.017
1 0.267 0.729 0.007 0.014
1 0.261 0.703 0.005 0.014
1 0.283 0.701 0.005 0.012
1 0.265 0.67 0.005 0.014
1 0.23 0.669 0.007 0.012
1 0.248 0.641 0.006 0.014
1 0.268 0.641 0.005 0.01
1 0.229 0.646 0.005 0.01
1 0.21 0.639 0.007 0.014
1 0.194 0.645 0.007 0.012
1 0.223 0.706 0.006 0.012
1 0.294 0.724 0.006 0.014
1 0.297 0.703 0.006 0.014
1 0.311 0.725 0.006 0.016
1 0.329 0.72 0.004 0.012
1 0.348 0.718 0.006 0.016
1 0.334 0.701 0.005 0.01
1 0.317 0.701 0.006 0.012
1 0.354 0.7 0.006 0.014
1 0.375 0.708 0.006 0.014
1 0.373 0.662 0.005 0.016
1 0.363 0.663 0.008 0.014
1 0.339 0.662 0.005 0.016
1 0.318 0.667 0.004 0.01
1 0.3 0.67 0.006 0.014
1 0.285 0.642 0.005 0.014
1 0.322 0.638 0.006 0.016
1 0.341 0.638 0.007 0.016
1 0.358 0.638 0.006 0.012
1 0.378 0.641 0.006 0.014
1 0.427 0.707 0.009 0.019
1 0.389 0.695 0.005 0.012
1 0.393 0.666 0.005 0.012
1 0.411 0.665 0.005 0.014
1 0.435 0.667 0.005 0.01
1 0.458 0.667 0.006 0.017
1 0.442 0.653 0.006 0.014
1 0.423 0.653 0.006 0.017
1 0.42 0.628 0.006 0.014
1 0.38 0.614 0.006 0.016
1 0.476 0.696 0.006 0.014
1 0.533 0.69 0.007 0.016
1 0.475 0.666 0.005 0.012
1 0.474 0.638 0.007 0.016
1 0.489 0.643 0.005 0.012
1 0.509 0.641 0.004 0.01
1 0.545 0.633 0.006 0.012
1 0.47 0.609 0.006 0.01
1 0.542 0.663 0.008 0.017
1 0.55 0.694 0.007 0.014
1 0.57 0.694 0.006 0.012
1 0.591 0.694 0.005 0.012
1 0.587 0.66 0.006 0.014
1 0.576 0.628 0.008 0.017
1 0.563 0.638 0.007 0.016
1 0.559 0.607 0.006 0.016
1 0.577 0.609 0.005 0.012
1 0.542 0.602 0.005 0.016
1 0.525 0.605 0.005 0.012
1 0.601 0.728 0.006 0.012
1 0.607 0.725 0.007 0.016
1 0.62 0.691 0.007 0.014
1 0.624 0.659 0.005 0.012
1 0.643 0.692 0.005 0.012
1 0.64 0.659 0.006 0.012
1 0.631 0.631 0.005 0.012
1 0.617 0.635 0.004 0.01
1 0.597 0.633 0.005 0.012
1 0.611 0.605 0.007 0.016
1 0.63 0.605 0.004 0.012
1 0.646 0.604 0.006 0.014
1 0.653 0.635 0.007 0.014
1 0.657 0.667 0.005 0.014
1 0.657 0.693 0.005 0.014
1 0.666 0.694 0.006 0.012
1 0.667 0.714 0.007 0.016
1 0.654 0.707 0.005 0.016
1 0.687 0.707 0.007 0.016
1 0.679 0.694 0.005 0.012
1 0.701 0.692 0.005 0.012
1 0.694 0.646 0.008 0.017
1 0.683 0.648 0.007 0.017
1 0.694 0.658 0.006 0.014
1 0.664 0.636 0.007 0.019
1 0.663 0.602 0.006 0.016
1 0.705 0.633 0.006 0.019
1 0.72 0.697 0.006 0.023
1 0.727 0.665 0.007 0.021
1 0.724 0.63 0.005 0.014
1 0.707 0.609 0.006 0.014
1 0.711 0.571 0.005 0.01
1 0.664 0.579 0.006 0.012
1 0.649 0.583 0.006 0.01
1 0.716 0.661 0.004 0.012
1 0.735 0.694 0.005 0.017
1 0.751 0.667 0.006 0.014
1 0.761 0.696 0.006 0.017
1 0.746 0.629 0.005 0.012
1 0.765 0.632 0.004 0.01
1 0.744 0.603 0.005 0.009
1 0.723 0.604 0.005 0.01
1 0.75 0.546 0.005 0.012
1 0.744 0.575 0.005 0.014
1 0.727 0.575 0.004 0.014
1 0.731 0.547 0.005 0.01
1 0.713 0.536 0.006 0.014
1 0.732 0.518 0.005 0.012
1 0.746 0.533 0.005 0.014
1 0.721 0.496 0.005 0.012
1 0.729 0.486 0.004 0.01
1 0.737 0.489 0.007 0.012
1 0.744 0.516 0.005 0.012
1 0.749 0.52 0.005 0.012
1 0.754 0.487 0.006 0.016
1 0.691 0.496 0.005 0.012
1 0.7 0.489 0.005 0.012
1 0.723 0.474 0.005 0.01
1 0.739 0.473 0.005 0.012
1 0.757 0.47 0.004 0.012
1 0.793 0.45 0.004 0.01
1 0.776 0.444 0.005 0.014
1 0.772 0.451 0.005 0.012
1 0.78 0.421 0.007 0.016
1 0.785 0.4 0.005 0.012
1 0.795 0.397 0.004 0.012
1 0.904 0.395 0.005 0.016
1 0.895 0.371 0.005 0.012
1 0.779 0.384 0.004 0.01
1 0.786 0.355 0.005 0.009
1 0.792 0.344 0.004 0.01
1 0.792 0.329 0.005 0.012
1 0.779 0.333 0.005 0.014
1 0.791 0.312 0.004 0.01
1 0.797 0.298 0.005 0.009
1 0.783 0.283 0.007 0.01
1 0.796 0.273 0.004 0.01
1 0.789 0.252 0.004 0.007
1 0.781 0.247 0.005 0.016
1 0.792 0.227 0.007 0.014
1 0.772 0.253 0.004 0.01
1 0.772 0.214 0.005 0.016
1 0.769 0.198 0.005 0.014
1 0.791 0.214 0.006 0.017
1 0.78 0.214 0.009 0.019
1 0.758 0.278 0.004 0.01
1 0.756 0.301 0.004 0.009
1 0.75 0.335 0.005 0.014
1 0.744 0.26 0.004 0.009
1 0.728 0.227 0.004 0.009
1 0.731 0.258 0.004 0.009
1 0.727 0.297 0.004 0.014
1 0.724 0.327 0.004 0.012
1 0.717 0.332 0.005 0.021
1 0.773 0.296 0.004 0.016
1 0.709 0.428 0.005 0.016
1 0.727 0.38 0.004 0.01
1 0.717 0.36 0.006 0.016
1 0.743 0.373 0.005 0.014
1 0.73 0.352 0.007 0.014
1 0.662 0.405 0.005 0.014
1 0.69 0.339 0.005 0.01
1 0.7 0.359 0.006 0.017
1 0.658 0.493 0.007 0.014
1 0.681 0.452 0.005 0.012
1 0.665 0.471 0.005 0.012
1 0.672 0.517 0.006 0.021
1 0.62 0.554 0.005 0.014
1 0.615 0.577 0.005 0.012
1 0.634 0.555 0.005 0.016
1 0.629 0.574 0.006 0.012
1 0.638 0.525 0.004 0.012
1 0.654 0.523 0.004 0.012
1 0.622 0.529 0.005 0.012
1 0.609 0.496 0.005 0.012
1 0.601 0.523 0.005 0.012
1 0.626 0.491 0.005 0.01
1 0.646 0.478 0.005 0.012
1 0.629 0.473 0.006 0.012
1 0.595 0.485 0.005 0.012
1 0.675 0.507 0.005 0.01
1 0.598 0.549 0.006 0.016
1 0.561 0.576 0.004 0.016
1 0.542 0.576 0.005 0.014
1 0.533 0.523 0.005 0.012
1 0.55 0.531 0.005 0.01
1 0.557 0.507 0.005 0.014
1 0.566 0.527 0.004 0.009
1 0.574 0.509 0.004 0.01
1 0.59 0.51 0.006 0.014
1 0.578 0.474 0.004 0.01
1 0.488 0.608 0.006 0.017
1 0.508 0.606 0.006 0.014
1 0.494 0.549 0.006 0.012
1 0.481 0.554 0.004 0.014
1 0.524 0.58 0.006 0.014
1 0.507 0.582 0.006 0.014
1 0.512 0.556 0.006 0.014
1 0.517 0.523 0.006 0.016
1 0.524 0.497 0.005 0.012
1 0.509 0.503 0.005 0.014
1 0.482 0.526 0.006 0.014
1 0.478 0.576 0.007 0.016
1 0.476 0.503 0.005 0.012
1 0.461 0.526 0.007 0.021
1 0.389 0.562 0.005 0.014
1 0.383 0.584 0.005 0.016
1 0.398 0.582 0.004 0.014
1 0.424 0.561 0.005 0.017
1 0.408 0.552 0.005 0.014
1 0.375 0.552 0.005 0.014
1 0.375 0.532 0.005 0.012
1 0.392 0.532 0.005 0.012
1 0.447 0.562 0.005 0.012
1 0.414 0.526 0.005 0.01
1 0.445 0.506 0.006 0.016
1 0.446 0.53 0.004 0.01
1 0.426 0.507 0.005 0.014
1 0.41 0.503 0.006 0.017
1 0.426 0.482 0.004 0.012
1 0.444 0.457 0.004 0.01
1 0.458 0.494 0.006 0.012
1 0.427 0.451 0.004 0.01
1 0.478 0.455 0.005 0.01
1 0.489 0.49 0.006 0.014
1 0.504 0.482 0.004 0.012
1 0.501 0.457 0.004 0.014
1 0.361 0.607 0.005 0.012
1 0.361 0.58 0.004 0.01
1 0.356 0.556 0.006 0.014
1 0.337 0.558 0.006 0.016
1 0.321 0.561 0.004 0.01
1 0.345 0.613 0.006 0.014
1 0.322 0.618 0.005 0.01
1 0.291 0.615 0.004 0.01
1 0.275 0.612 0.005 0.012
1 0.256 0.586 0.005 0.012
1 0.271 0.584 0.006 0.012
1 0.291 0.588 0.005 0.012
1 0.284 0.554 0.004 0.01
1 0.294 0.536 0.005 0.012
1 0.271 0.556 0.005 0.012
1 0.25 0.537 0.005 0.012
1 0.261 0.531 0.005 0.01
1 0.219 0.612 0.006 0.012
1 0.201 0.616 0.005 0.014
1 0.196 0.585 0.004 0.01
1 0.219 0.589 0.006 0.014
1 0.241 0.589 0.005 0.012
1 0.214 0.562 0.005 0.012
1 0.197 0.541 0.005 0.012
1 0.231 0.614 0.005 0.012
1 0.17 0.584 0.004 0.012
1 0.15 0.617 0.005 0.012
1 0.131 0.589 0.005 0.014
1 0.13 0.56 0.005 0.016
1 0.147 0.562 0.005 0.012
1 0.145 0.534 0.005 0.012
1 0.165 0.532 0.005 0.012
1 0.151 0.589 0.005 0.012
1 0.096 0.612 0.006 0.016
1 0.076 0.587 0.005 0.014
1 0.095 0.587 0.006 0.01
1 0.037 0.585 0.005 0.01
1 0.019 0.595 0.006 0.014
1 0.021 0.559 0.005 0.01
1 0.04 0.562 0.005 0.01
1 0.056 0.586 0.005 0.009
1 0.056 0.562 0.006 0.014
1 0.077 0.554 0.005 0.014
1 0.095 0.558 0.006 0.012
1 0.037 0.532 0.005 0.012
1 0.016 0.533 0.006 0.014
1 0.091 0.536 0.006 0.012
1 0.073 0.532 0.004 0.009
1 0.117 0.616 0.006 0.014
1 0.11 0.589 0.004 0.012
1 0.112 0.557 0.006 0.014
1 0.17 0.616 0.006 0.014
1 0.171 0.561 0.004 0.014
1 0.181 0.561 0.005 0.014
1 0.177 0.537 0.007 0.016
1 0.111 0.533 0.005 0.01
1 0.02 0.575 0.007 0.014
1 0.052 0.53 0.007 0.017
1 0.076 0.506 0.007 0.016
1 0.036 0.504 0.005 0.012
1 0.056 0.508 0.004 0.012
1 0.093 0.511 0.005 0.012
1 0.107 0.46 0.005 0.014
1 0.092 0.482 0.004 0.009
1 0.111 0.508 0.005 0.009
1 0.075 0.484 0.005 0.009
1 0.082 0.457 0.004 0.014
1 0.02 0.482 0.005 0.016
1 0.018 0.507 0.004 0.01
1 0.004 0.477 0.006 0.017
1 0.015 0.438 0.006 0.012
1 0.04 0.482 0.005 0.012
1 0.034 0.445 0.007 0.016
1 0.053 0.432 0.004 0.014
1 0.029 0.408 0.005 0.014
1 0.009 0.412 0.005 0.012
1 0.014 0.393 0.006 0.012
1 0.04 0.403 0.006 0.014
1 0.062 0.412 0.005 0.019
1 0.127 0.534 0.007 0.016
1 0.128 0.505 0.005 0.01
1 0.142 0.506 0.005 0.012
1 0.162 0.506 0.005 0.012
1 0.167 0.503 0.005 0.014
1 0.192 0.51 0.007 0.01
1 0.189 0.485 0.006 0.012
1 0.174 0.483 0.006 0.014
1 0.158 0.47 0.005 0.012
1 0.142 0.48 0.006 0.012
1 0.125 0.484 0.005 0.014
1 0.134 0.469 0.005 0.014
1 0.192 0.465 0.004 0.01
1 0.233 0.556 0.005 0.014
1 0.224 0.553 0.005 0.012
1 0.213 0.532 0.005 0.012
1 0.229 0.531 0.005 0.01
1 0.242 0.509 0.005 0.014
1 0.223 0.51 0.005 0.009
1 0.206 0.48 0.005 0.016
1 0.221 0.486 0.005 0.01
1 0.231 0.461 0.004 0.012
1 0.238 0.485 0.004 0.012
1 0.253 0.482 0.004 0.012
1 0.247 0.457 0.004 0.012
1 0.244 0.445 0.006 0.016
1 0.23 0.439 0.005 0.01
1 0.191 0.441 0.004 0.01
1 0.208 0.509 0.004 0.01
1 0.26 0.505 0.004 0.01
1 0.275 0.51 0.004 0.009
1 0.311 0.536 0.004 0.012
1 0.312 0.508 0.005 0.012
1 0.286 0.483 0.003 0.007
1 0.302 0.483 0.004 0.01
1 0.263 0.454 0.005 0.009
1 0.265 0.462 0.005 0.01
1 0.278 0.458 0.005 0.01
1 0.285 0.451 0.005 0.014
1 0.295 0.456 0.005 0.019
1 0.311 0.457 0.005 0.014
1 0.296 0.502 0.004 0.01
1 0.26 0.439 0.005 0.01
1 0.258 0.414 0.004 0.012
1 0.274 0.442 0.005 0.009
1 0.317 0.474 0.008 0.014
1 0.321 0.434 0.005 0.014
1 0.289 0.411 0.004 0.01
1 0.272 0.416 0.006 0.012
1 0.306 0.436 0.004 0.01
1 0.312 0.418 0.006 0.014
1 0.329 0.534 0.005 0.012
1 0.343 0.529 0.005 0.012
1 0.362 0.529 0.005 0.012
1 0.377 0.504 0.005 0.012
1 0.393 0.504 0.005 0.012
1 0.343 0.51 0.006 0.017
1 0.355 0.506 0.006 0.012
1 0.327 0.503 0.007 0.016
1 0.344 0.579 0.005 0.012
1 0.365 0.478 0.005 0.012
1 0.347 0.477 0.005 0.01
1 0.361 0.455 0.006 0.014
1 0.348 0.46 0.004 0.01
1 0.378 0.463 0.005 0.012
1 0.395 0.457 0.005 0.012
1 0.337 0.44 0.004 0.009
1 0.352 0.427 0.004 0.01
1 0.531 0.555 0.005 0.012
1 0.496 0.53 0.005 0.01
1 0.495 0.502 0.003 0.01
1 0.543 0.501 0.005 0.016
1 0.544 0.479 0.005 0.014
1 0.511 0.479 0.004 0.01
1 0.527 0.432 0.004 0.01
1 0.544 0.457 0.004 0.012
1 0.533 0.47 0.004 0.01
1 0.558 0.432 0.004 0.014
1 0.559 0.457 0.003 0.01
1 0.577 0.431 0.005 0.016
1 0.622 0.451 0.004 0.012
1 0.611 0.473 0.004 0.012
1 0.606 0.45 0.005 0.01
1 0.612 0.427 0.005 0.01
1 0.624 0.426 0.006 0.012
1 0.589 0.428 0.005 0.012
1 0.581 0.411 0.005 0.012
1 0.599 0.405 0.005 0.014
1 0.614 0.405 0.006 0.012
1 0.642 0.43 0.004 0.012
1 0.646 0.409 0.004 0.012
1 0.67 0.555 0.004 0.009
1 0.642 0.496 0.004 0.012
1 0.66 0.441 0.004 0.01
1 0.679 0.472 0.004 0.014
1 0.676 0.497 0.005 0.007
1 0.683 0.49 0.004 0.012
1 0.641 0.452 0.004 0.012
1 0.653 0.549 0.004 0.012
1 0.714 0.28 0.004 0.009
1 0.721 0.261 0.004 0.009
1 0.704 0.257 0.004 0.01
1 0.698 0.299 0.005 0.012
1 0.711 0.294 0.004 0.009
1 0.688 0.278 0.007 0.014
1 0.702 0.279 0.003 0.009
1 0.676 0.28 0.005 0.012
1 0.681 0.299 0.004 0.012
1 0.671 0.266 0.003 0.009
1 0.68 0.238 0.005 0.01
1 0.715 0.234 0.004 0.01
1 0.666 0.304 0.004 0.01
1 0.684 0.262 0.005 0.01
1 0.693 0.253 0.006 0.014
1 0.702 0.234 0.004 0.014
1 0.694 0.224 0.003 0.01
1 0.665 0.236 0.004 0.01
1 0.683 0.19 0.006 0.016
1 0.686 0.205 0.005 0.014
1 0.643 0.22 0.005 0.01
1 0.645 0.236 0.005 0.014
1 0.646 0.263 0.004 0.012
1 0.678 0.182 0.005 0.014
1 0.633 0.195 0.005 0.009
1 0.636 0.227 0.004 0.009
1 0.628 0.234 0.005 0.012
1 0.623 0.196 0.005 0.01
1 0.622 0.213 0.003 0.009
1 0.653 0.306 0.005 0.014
1 0.639 0.304 0.004 0.01
1 0.631 0.284 0.004 0.009
1 0.632 0.266 0.003 0.01
1 0.674 0.342 0.005 0.01
1 0.626 0.343 0.003 0.009
1 0.629 0.326 0.004 0.012
1 0.622 0.305 0.004 0.009
1 0.645 0.33 0.004 0.01
1 0.643 0.363 0.006 0.014
1 0.661 0.326 0.005 0.017
1 0.611 0.362 0.004 0.012
1 0.613 0.343 0.005 0.012
1 0.608 0.324 0.004 0.009
1 0.608 0.312 0.004 0.009
1 0.608 0.305 0.004 0.009
1 0.598 0.327 0.003 0.009
1 0.598 0.346 0.004 0.012
1 0.583 0.346 0.004 0.009
1 0.58 0.367 0.007 0.012
1 0.569 0.343 0.004 0.009
1 0.595 0.364 0.005 0.012
1 0.59 0.395 0.005 0.012
1 0.608 0.38 0.004 0.01
1 0.622 0.386 0.004 0.012
1 0.578 0.384 0.005 0.014
1 0.576 0.451 0.004 0.01
1 0.654 0.387 0.004 0.01
1 0.641 0.386 0.004 0.009
1 0.554 0.41 0.004 0.01
1 0.564 0.387 0.004 0.01
1 0.564 0.37 0.005 0.01
1 0.539 0.354 0.004 0.01
1 0.494 0.46 0.005 0.01
1 0.523 0.483 0.004 0.01
1 0.524 0.45 0.004 0.01
1 0.492 0.432 0.005 0.014
1 0.476 0.431 0.005 0.014
1 0.508 0.413 0.004 0.01
1 0.518 0.402 0.006 0.016
1 0.522 0.408 0.004 0.01
1 0.513 0.435 0.006 0.012
1 0.492 0.414 0.004 0.012
1 0.535 0.383 0.004 0.016
1 0.505 0.374 0.005 0.012
1 0.492 0.367 0.004 0.012
1 0.508 0.34 0.007 0.017
1 0.52 0.347 0.005 0.01
1 0.522 0.372 0.003 0.01
1 0.537 0.328 0.007 0.01
1 0.495 0.326 0.007 0.012
1 0.555 0.328 0.004 0.01
1 0.551 0.306 0.004 0.012
1 0.568 0.33 0.004 0.007
1 0.566 0.304 0.004 0.01
1 0.578 0.301 0.004 0.009
1 0.593 0.303 0.005 0.012
1 0.616 0.274 0.005 0.014
1 0.604 0.263 0.004 0.012
1 0.588 0.285 0.004 0.01
1 0.589 0.264 0.005 0.01
1 0.593 0.233 0.003 0.007
1 0.614 0.237 0.005 0.016
1 0.576 0.239 0.004 0.009
1 0.573 0.269 0.003 0.007
1 0.599 0.207 0.006 0.014
1 0.608 0.196 0.005 0.01
1 0.607 0.207 0.006 0.009
1 0.59 0.207 0.006 0.016
1 0.705 0.02 0.004 0.012
1 0.681 0.022 0.004 0.009
1 0.69 0.023 0.004 0.012
1 0.659 0.027 0.004 0.009
1 0.629 0.024 0.004 0.01
1 0.688 0.01 0.005 0.012
1 0.777 0.019 0.004 0.01
1 0.768 0.02 0.004 0.012
1 0.75 0.016 0.005 0.012
1 0.738 0.032 0.007 0.012
1 0.827 0.013 0.005 0.012
1 0.837 0.01 0.005 0.014
1 0.603 0.028 0.006 0.01
1 0.583 0.021 0.004 0.01
1 0.589 0.04 0.005 0.01
1 0.574 0.028 0.003 0.01
1 0.518 0.03 0.005 0.014
1 0.502 0.034 0.007 0.012
1 0.519 0.008 0.006 0.012
1 0.543 0.028 0.005 0.014
1 0.536 0.027 0.005 0.012
1 0.452 0.031 0.004 0.01
1 0.463 0.018 0.003 0.009
1 0.477 0.031 0.005 0.01
1 0.479 0.022 0.004 0.009
1 0.49 0.004 0.005 0.009
1 0.489 0.03 0.004 0.01
1 0.454 0.005 0.004 0.01
1 0.419 0.033 0.004 0.014
1 0.437 0.032 0.004 0.012
1 0.429 0.016 0.004 0.01
1 0.405 0.03 0.004 0.01
1 0.392 0.036 0.004 0.012
1 0.376 0.033 0.004 0.014
1 0.363 0.031 0.003 0.01
1 0.352 0.037 0.007 0.012
1 0.372 0.005 0.004 0.01
1 0.384 0.004 0.004 0.009
1 0.328 0.03 0.004 0.01
1 0.351 0.009 0.004 0.01
1 0.293 0.03 0.004 0.01
1 0.31 0.028 0.005 0.01
1 0.31 0.005 0.004 0.01
1 0.335 0.01 0.005 0.012
1 0.28 0.03 0.004 0.01
1 0.271 0.013 0.004 0.012
1 0.265 0.024 0.003 0.007
1 0.234 0.026 0.003 0.01
1 0.243 0.021 0.004 0.01
1 0.229 0.009 0.004 0.01
1 0.221 0.031 0.005 0.01
1 0.25 0.029 0.005 0.009
1 0.201 0.024 0.004 0.014
1 0.169 0.029 0.005 0.012
1 0.188 0.037 0.006 0.012
1 0.02 0.008 0.006 0.012
1 0.007 0.016 0.006 0.01
1 0.033 0.013 0.004 0.012
1 0.043 0.013 0.006 0.016
1 0.061 0.016 0.005 0.012
1 0.071 0.019 0.004 0.01
1 0.055 0.009 0.005 0.014
1 0.083 0.017 0.004 0.01
1 0.113 0.013 0.005 0.012
1 0.134 0.023 0.008 0.014
1 0.101 0.016 0.005 0.01
1 0.153 0.022 0.007 0.012
1 0.156 0.017 0.006 0.01
1 0.057 0.233 0.005 0.014
1 0.035 0.222 0.004 0.014
1 0.049 0.221 0.005 0.012
1 0.076 0.245 0.005 0.014
1 0.066 0.255 0.006 0.014
1 0.049 0.265 0.004 0.012
1 0.08 0.262 0.005 0.014
1 0.099 0.237 0.004 0.009
1 0.09 0.236 0.005 0.01
1 0.087 0.242 0.005 0.012
1 0.096 0.214 0.005 0.012
1 0.102 0.229 0.005 0.014
1 0.115 0.232 0.005 0.016
1 0.125 0.238 0.005 0.01
1 0.02 0.275 0.005 0.012
1 0.025 0.297 0.004 0.01
1 0.032 0.266 0.004 0.009
1 0.048 0.295 0.006 0.014
1 0.001 0.281 0.003 0.01
1 0.007 0.304 0.005 0.01
1 0.037 0.298 0.003 0.009
1 0.007 0.238 0.005 0.01
1 0.021 0.386 0.006 0.012
1 0.017 0.363 0.005 0.014
1 0.005 0.365 0.005 0.009
1 0.014 0.343 0.003 0.009
1 0.029 0.342 0.005 0.014
1 0.036 0.362 0.004 0.012
1 0.038 0.323 0.004 0.01
1 0.025 0.325 0.004 0.01
1 0.01 0.323 0.005 0.01
1 0.063 0.361 0.005 0.014
1 0.056 0.391 0.004 0.009
1 0.042 0.346 0.005 0.009
1 0.05 0.364 0.005 0.009
1 0.071 0.38 0.005 0.014
1 0.062 0.349 0.004 0.01
1 0.061 0.383 0.005 0.012
1 0.057 0.326 0.004 0.009
1 0.073 0.325 0.005 0.014
1 0.067 0.309 0.003 0.01
1 0.084 0.303 0.004 0.012
1 0.088 0.328 0.004 0.01
1 0.079 0.349 0.004 0.01
1 0.08 0.28 0.003 0.01
1 0.097 0.28 0.004 0.009
1 0.097 0.306 0.004 0.01
1 0.099 0.335 0.006 0.01
1 0.066 0.281 0.004 0.01
1 0.712 0.379 0.004 0.009
1 0.696 0.385 0.004 0.007
1 0.712 0.441 0.004 0.007
1 0.687 0.45 0.004 0.007
1 0.463 0.432 0.006 0.014
1 0.458 0.459 0.005 0.012
1 0.447 0.431 0.005 0.012
1 0.479 0.415 0.004 0.007
1 0.475 0.386 0.004 0.012
1 0.507 0.389 0.004 0.01
1 0.49 0.385 0.005 0.01
1 0.462 0.367 0.004 0.012
1 0.476 0.367 0.005 0.012
1 0.532 0.288 0.004 0.01
1 0.548 0.285 0.003 0.01
1 0.57 0.288 0.004 0.01
1 0.56 0.283 0.005 0.01
1 0.53 0.269 0.004 0.01
1 0.547 0.244 0.004 0.012
1 0.536 0.241 0.003 0.01
1 0.526 0.244 0.004 0.012
1 0.517 0.255 0.003 0.007
1 0.521 0.238 0.004 0.01
1 0.534 0.227 0.003 0.007
1 0.546 0.227 0.004 0.012
1 0.564 0.225 0.006 0.016
1 0.566 0.208 0.006 0.014
1 0.521 0.214 0.005 0.01
1 0.559 0.24 0.004 0.012
1 0.557 0.21 0.003 0.01
1 0.503 0.271 0.004 0.01
1 0.492 0.28 0.006 0.017
1 0.503 0.255 0.005 0.01
1 0.49 0.24 0.004 0.01
1 0.497 0.238 0.004 0.01
1 0.504 0.236 0.004 0.01
1 0.5 0.215 0.004 0.01
1 0.472 0.214 0.007 0.014
1 0.479 0.24 0.009 0.012
1 0.479 0.255 0.003 0.007
1 0.475 0.255 0.004 0.007
1 0.464 0.22 0.005 0.01
1 0.465 0.24 0.003 0.007
1 0.496 0.181 0.005 0.012
1 0.487 0.204 0.004 0.012
1 0.071 0.449 0.005 0.016
1 0.065 0.465 0.006 0.014
1 0.093 0.444 0.004 0.009
1 0.094 0.466 0.004 0.009
1 0.113 0.413 0.005 0.014
1 0.076 0.408 0.004 0.014
1 0.103 0.39 0.004 0.009
1 0.087 0.398 0.004 0.007
1 0.109 0.263 0.004 0.009
1 0.111 0.305 0.004 0.009
1 0.11 0.285 0.003 0.01
1 0.126 0.284 0.003 0.009
1 0.124 0.264 0.004 0.01
1 0.129 0.302 0.004 0.01
1 0.12 0.321 0.004 0.014
1 0.099 0.26 0.004 0.01
1 0.095 0.266 0.005 0.012
1 0.072 0.222 0.004 0.01
1 0.084 0.367 0.004 0.009
1 0.1 0.366 0.006 0.017
1 0.116 0.367 0.004 0.009
1 0.121 0.39 0.005 0.012
1 0.134 0.388 0.007 0.012
1 0.153 0.39 0.005 0.012
1 0.146 0.374 0.004 0.012
1 0.145 0.346 0.005 0.012
1 0.161 0.372 0.004 0.009
1 0.166 0.387 0.005 0.014
1 0.161 0.415 0.004 0.01
1 0.17 0.446 0.005 0.014
1 0.149 0.449 0.005 0.012
1 0.14 0.449 0.005 0.012
1 0.18 0.464 0.004 0.01
1 0.123 0.227 0.003 0.01
1 0.145 0.238 0.004 0.01
1 0.148 0.219 0.004 0.01
1 0.158 0.233 0.004 0.01
1 0.156 0.266 0.003 0.007
1 0.166 0.222 0.004 0.01
1 0.127 0.216 0.004 0.009
1 0.143 0.266 0.004 0.009
1 0.15 0.326 0.006 0.012
1 0.167 0.325 0.004 0.01
1 0.16 0.305 0.004 0.009
1 0.155 0.288 0.003 0.01
1 0.168 0.28 0.004 0.012
1 0.145 0.301 0.004 0.009
1 0.202 0.283 0.003 0.01
1 0.201 0.269 0.003 0.01
1 0.19 0.265 0.005 0.012
1 0.192 0.307 0.003 0.007
1 0.128 0.347 0.004 0.01
1 0.13 0.324 0.004 0.012
1 0.11 0.345 0.004 0.01
1 0.157 0.35 0.004 0.009
1 0.175 0.368 0.004 0.01
1 0.172 0.346 0.004 0.009
1 0.186 0.391 0.007 0.014
1 0.188 0.347 0.004 0.01
1 0.208 0.372 0.003 0.009
1 0.19 0.374 0.004 0.009
1 0.2 0.396 0.004 0.01
1 0.219 0.398 0.005 0.01
1 0.196 0.326 0.005 0.012
1 0.211 0.323 0.004 0.01
1 0.208 0.345 0.004 0.012
1 0.22 0.366 0.004 0.01
1 0.218 0.348 0.003 0.009
1 0.243 0.328 0.005 0.01
1 0.23 0.309 0.003 0.007
1 0.243 0.307 0.004 0.007
1 0.207 0.415 0.005 0.01
1 0.226 0.413 0.005 0.01
1 0.18 0.321 0.004 0.01
1 0.217 0.306 0.003 0.009
1 0.243 0.406 0.004 0.01
1 0.23 0.391 0.004 0.012
1 0.247 0.393 0.006 0.012
1 0.261 0.391 0.005 0.01
1 0.274 0.397 0.004 0.009
1 0.267 0.375 0.007 0.014
1 0.249 0.353 0.005 0.016
1 0.235 0.354 0.005 0.014
1 0.265 0.349 0.003 0.01
1 0.179 0.226 0.004 0.01
1 0.181 0.236 0.003 0.01
1 0.176 0.253 0.005 0.01
1 0.187 0.21 0.003 0.007
1 0.214 0.265 0.004 0.009
1 0.217 0.285 0.004 0.01
1 0.187 0.281 0.004 0.01
1 0.197 0.242 0.005 0.009
1 0.21 0.24 0.003 0.007
1 0.202 0.214 0.005 0.01
1 0.229 0.214 0.006 0.014
1 0.21 0.225 0.004 0.012
1 0.229 0.244 0.004 0.012
1 0.213 0.254 0.005 0.009
1 0.23 0.271 0.004 0.01
1 0.245 0.271 0.004 0.007
1 0.238 0.225 0.005 0.012
1 0.249 0.245 0.004 0.014
1 0.255 0.232 0.004 0.016
1 0.248 0.21 0.004 0.01
1 0.236 0.211 0.005 0.009
1 0.263 0.214 0.004 0.012
1 0.264 0.239 0.004 0.012
1 0.257 0.264 0.005 0.01
1 0.265 0.265 0.006 0.012
1 0.262 0.286 0.004 0.012
1 0.245 0.287 0.004 0.012
1 0.23 0.291 0.004 0.012
1 0.235 0.254 0.005 0.009
1 0.241 0.248 0.005 0.01
1 0.256 0.33 0.005 0.014
1 0.259 0.322 0.007 0.012
1 0.267 0.326 0.004 0.01
1 0.262 0.312 0.004 0.012
1 0.289 0.317 0.005 0.012
1 0.275 0.269 0.004 0.01
1 0.277 0.317 0.004 0.016
1 0.282 0.346 0.006 0.016
1 0.288 0.288 0.005 0.017
1 0.314 0.268 0.005 0.012
1 0.305 0.273 0.004 0.01
1 0.29 0.273 0.005 0.012
1 0.301 0.3 0.005 0.01
1 0.318 0.308 0.004 0.009
1 0.278 0.243 0.003 0.007
1 0.314 0.238 0.004 0.01
1 0.305 0.327 0.005 0.012
1 0.311 0.352 0.004 0.01
1 0.3 0.344 0.004 0.01
1 0.285 0.372 0.004 0.012
1 0.296 0.355 0.004 0.012
1 0.307 0.396 0.005 0.014
1 0.294 0.391 0.005 0.014
1 0.304 0.417 0.004 0.007
1 0.338 0.392 0.005 0.01
1 0.327 0.371 0.005 0.012
1 0.315 0.336 0.004 0.012
1 0.329 0.326 0.005 0.014
1 0.339 0.357 0.005 0.012
1 0.322 0.396 0.004 0.01
1 0.338 0.411 0.005 0.016
1 0.369 0.438 0.005 0.014
1 0.344 0.368 0.004 0.01
1 0.366 0.413 0.005 0.01
1 0.352 0.413 0.007 0.014
1 0.351 0.394 0.006 0.014
1 0.357 0.378 0.004 0.012
1 0.368 0.387 0.004 0.01
1 0.373 0.406 0.005 0.014
1 0.385 0.391 0.004 0.012
1 0.387 0.371 0.004 0.012
1 0.38 0.37 0.004 0.01
1 0.444 0.484 0.005 0.014
1 0.403 0.438 0.005 0.014
1 0.414 0.435 0.004 0.012
1 0.426 0.431 0.005 0.01
1 0.383 0.411 0.003 0.007
1 0.395 0.412 0.003 0.009
1 0.413 0.406 0.004 0.014
1 0.428 0.407 0.006 0.012
1 0.394 0.397 0.005 0.009
1 0.401 0.374 0.005 0.016
1 0.419 0.389 0.004 0.01
1 0.407 0.398 0.005 0.014
1 0.429 0.367 0.004 0.012
1 0.443 0.395 0.004 0.012
1 0.446 0.368 0.004 0.014
1 0.477 0.346 0.005 0.012
1 0.473 0.339 0.005 0.012
1 0.462 0.348 0.005 0.012
1 0.446 0.348 0.004 0.012
1 0.451 0.33 0.005 0.01
1 0.457 0.317 0.003 0.009
1 0.477 0.309 0.004 0.01
1 0.478 0.287 0.004 0.009
1 0.462 0.286 0.004 0.009
1 0.445 0.307 0.004 0.01
1 0.466 0.316 0.008 0.017
1 0.452 0.282 0.004 0.009
1 0.446 0.284 0.006 0.009
1 0.463 0.268 0.004 0.009
1 0.473 0.272 0.003 0.009
1 0.468 0.269 0.004 0.01
1 0.455 0.266 0.004 0.01
1 0.445 0.267 0.005 0.01
1 0.505 0.299 0.005 0.021
1 0.493 0.306 0.005 0.01
1 0.522 0.298 0.004 0.009
1 0.443 0.235 0.003 0.009
1 0.448 0.239 0.005 0.012
1 0.453 0.237 0.004 0.012
1 0.431 0.249 0.01 0.019
1 0.459 0.206 0.004 0.016
1 0.411 0.233 0.006 0.014
1 0.416 0.213 0.004 0.009
1 0.443 0.22 0.005 0.014
1 0.427 0.224 0.005 0.014
1 0.399 0.22 0.006 0.019
1 0.415 0.243 0.003 0.007
1 0.43 0.307 0.003 0.014
1 0.433 0.29 0.007 0.014
1 0.421 0.288 0.004 0.01
1 0.431 0.272 0.004 0.009
1 0.419 0.269 0.003 0.007
1 0.418 0.312 0.004 0.012
1 0.416 0.332 0.003 0.009
1 0.416 0.347 0.004 0.01
1 0.43 0.327 0.004 0.009
1 0.425 0.348 0.003 0.009
1 0.402 0.351 0.004 0.01
1 0.404 0.325 0.005 0.014
1 0.42 0.321 0.004 0.01
1 0.403 0.303 0.004 0.009
1 0.402 0.284 0.004 0.009
1 0.386 0.355 0.005 0.012
1 0.359 0.329 0.004 0.009
1 0.375 0.329 0.005 0.012
1 0.387 0.328 0.006 0.017
1 0.371 0.352 0.004 0.009
1 0.356 0.348 0.004 0.009
1 0.375 0.306 0.004 0.012
1 0.386 0.313 0.004 0.009
1 0.376 0.293 0.004 0.012
1 0.365 0.293 0.004 0.01
1 0.394 0.283 0.006 0.014
1 0.289 0.241 0.004 0.01
1 0.269 0.227 0.004 0.01
1 0.348 0.31 0.004 0.012
1 0.333 0.303 0.005 0.016
1 0.348 0.332 0.007 0.012
1 0.347 0.288 0.004 0.01
1 0.355 0.289 0.004 0.012
1 0.334 0.273 0.005 0.009
1 0.317 0.282 0.004 0.009
1 0.346 0.273 0.004 0.012
1 0.341 0.29 0.005 0.01
1 0.361 0.272 0.005 0.012
1 0.334 0.253 0.004 0.012
1 0.359 0.245 0.004 0.01
1 0.352 0.223 0.005 0.012
1 0.375 0.266 0.004 0.01
1 0.391 0.266 0.005 0.012
1 0.979 0.463 0.008 0.019
1 0.94 0.464 0.006 0.01
1 0.499 0.727 0.013 0.024
1 0.061 0.726 0.006 0.014
1 0.896 0.603 0.005 0.012
1 0.881 0.597 0.006 0.014
1 0.857 0.63 0.004 0.014
1 0.849 0.569 0.004 0.012
1 0.865 0.565 0.006 0.012
1 0.889 0.542 0.004 0.01
1 0.906 0.562 0.004 0.009
1 0.906 0.543 0.003 0.009
1 0.911 0.538 0.004 0.01
1 0.858 0.512 0.005 0.01
1 0.835 0.538 0.004 0.01
1 0.852 0.536 0.005 0.012
1 0.834 0.566 0.005 0.01
1 0.816 0.567 0.004 0.012
1 0.816 0.542 0.005 0.007
1 0.837 0.512 0.004 0.01
1 0.818 0.493 0.005 0.01
1 0.837 0.492 0.004 0.009
1 0.853 0.493 0.004 0.01
1 0.892 0.514 0.004 0.01
1 0.905 0.488 0.005 0.01
1 0.875 0.464 0.005 0.012
1 0.893 0.464 0.004 0.009
1 0.858 0.464 0.006 0.01
1 0.837 0.471 0.004 0.009
1 0.823 0.469 0.004 0.01
1 0.863 0.418 0.003 0.01
1 0.848 0.42 0.004 0.01
1 0.884 0.415 0.005 0.01
1 0.83 0.418 0.004 0.01
1 0.796 0.421 0.005 0.012
1 0.815 0.42 0.005 0.017
1 0.816 0.378 0.006 0.012
1 0.83 0.372 0.004 0.012
1 0.799 0.377 0.004 0.01
1 0.816 0.445 0.006 0.012
1 0.809 0.446 0.004 0.01
1 0.848 0.373 0.005 0.014
1 0.865 0.378 0.005 0.014
1 0.869 0.353 0.004 0.012
1 0.855 0.359 0.005 0.012
1 0.856 0.332 0.005 0.01
1 0.817 0.353 0.005 0.009
1 0.824 0.329 0.005 0.012
1 0.802 0.355 0.004 0.012
1 0.825 0.294 0.004 0.012
1 0.902 0.286 0.005 0.012
1 0.92 0.284 0.005 0.012
1 0.901 0.249 0.005 0.009
1 0.899 0.264 0.004 0.01
1 0.854 0.27 0.004 0.009
1 0.943 0.26 0.004 0.01
1 0.932 0.302 0.004 0.01
1 0.946 0.24 0.004 0.01
1 0.979 0.297 0.004 0.01
1 0.994 0.276 0.006 0.014
1 0.979 0.237 0.004 0.009
1 0.858 0.228 0.007 0.009
1 0.813 0.282 0.005 0.009
1 0.84 0.29 0.005 0.01
1 0.839 0.229 0.004 0.01
1 0.828 0.228 0.004 0.009
1 0.859 0.286 0.003 0.007
1 0.872 0.293 0.006 0.01
1 0.885 0.307 0.006 0.01
1 0.907 0.325 0.005 0.01
1 0.885 0.329 0.006 0.009
1 0.839 0.343 0.006 0.012
1 0.886 0.354 0.005 0.01
1 0.835 0.39 0.006 0.012
1 0.95 0.284 0.006 0.012
1 0.916 0.268 0.007 0.016
1 0.971 0.321 0.006 0.01
1 0.904 0.421 0.006 0.012
