1 0.241 0.205 0.052 0.076
1 0.017 0.044 0.024 0.061
1 0.101 0.052 0.026 0.054
1 0.213 0.051 0.02 0.044
1 0.289 0.056 0.026 0.05
1 0.482 0.135 0.026 0.056
1 0.453 0.048 0.025 0.059
1 0.378 0.111 0.023 0.057
1 0.373 0.057 0.025 0.05
1 0.737 0.122 0.026 0.056
1 0.74 0.077 0.016 0.028
1 0.816 0.138 0.022 0.035
1 0.659 0.124 0.022 0.048
1 0.625 0.068 0.021 0.054
1 0.808 0.048 0.029 0.066
1 0.573 0.142 0.025 0.053
1 0.708 0.056 0.02 0.048
1 0.898 0.143 0.03 0.059
1 0.876 0.045 0.031 0.064
1 0.542 0.063 0.035 0.047
