1 0.88 0.615 0.043 0.075
1 0.502 0.603 0.042 0.073
1 0.244 0.702 0.065 0.109
1 0.041 0.694 0.065 0.088
1 0.136 0.564 0.026 0.04
1 0.049 0.577 0.026 0.046
1 0.22 0.546 0.018 0.029
1 0.135 0.623 0.028 0.047
1 0.097 0.624 0.035 0.06
1 0.411 0.581 0.03 0.052
1 0.39 0.618 0.023 0.048
1 0.454 0.555 0.021 0.034
1 0.383 0.553 0.02 0.031
1 0.337 0.57 0.021 0.039
1 0.268 0.526 0.015 0.027
1 0.3 0.531 0.012 0.022
1 0.667 0.579 0.059 0.108
1 0.6 0.655 0.089 0.126
1 0.582 0.525 0.021 0.031
1 0.047 0.525 0.015 0.022
1 0.049 0.502 0.013 0.021
1 0.987 0.588 0.025 0.035
1 0.917 0.577 0.031 0.039
1 0.749 0.523 0.018 0.029
1 0.359 0.545 0.018 0.029
1 0.533 0.52 0.011 0.02
1 0.139 0.543 0.024 0.035
1 0.23 0.507 0.016 0.021
1 0.086 0.685 0.031 0.048
1 0.017 0.588 0.024 0.039
1 0.764 0.731 0.094 0.172
