1 0.894 0.708 0.006 0.018
1 0.495 0.804 0.009 0.02
1 0.546 0.812 0.009 0.022
1 0.506 0.47 0.017 0.049
1 0.702 0.448 0.01 0.024
1 0.653 0.741 0.008 0.022
1 0.762 0.771 0.011 0.031
1 0.746 0.729 0.009 0.027
1 0.641 0.815 0.009 0.027
1 0.642 0.857 0.008 0.031
1 0.745 0.819 0.01 0.029
1 0.677 0.902 0.02 0.035
1 0.847 0.822 0.014 0.038
1 0.878 0.818 0.014 0.033
1 0.957 0.79 0.013 0.033
1 0.91 0.922 0.012 0.044
1 0.006 0.203 0.013 0.042
1 0.023 0.2 0.012 0.031
1 0.065 0.193 0.009 0.024
1 0.13 0.234 0.02 0.053
1 0.195 0.193 0.017 0.042
1 0.231 0.189 0.008 0.02
1 0.256 0.204 0.017 0.047
1 0.347 0.205 0.013 0.027
1 0.352 0.18 0.009 0.02
1 0.061 0.511 0.018 0.069
1 0.108 0.538 0.014 0.033
1 0.152 0.588 0.016 0.062
1 0.145 0.565 0.009 0.02
1 0.16 0.547 0.016 0.035
1 0.236 0.778 0.008 0.024
1 0.124 0.74 0.012 0.024
1 0.483 0.171 0.022 0.057
1 0.459 0.101 0.022 0.057
1 0.53 0.101 0.016 0.038
1 0.579 0.151 0.012 0.026
1 0.562 0.059 0.014 0.038
1 0.584 0.072 0.014 0.035
1 0.623 0.075 0.015 0.033
1 0.676 0.05 0.015 0.038
1 0.707 0.072 0.011 0.035
1 0.727 0.097 0.017 0.04
1 0.782 0.063 0.02 0.053
1 0.776 0.12 0.016 0.049
1 0.423 0.268 0.038 0.117
1 0.246 0.526 0.014 0.042
1 0.283 0.544 0.013 0.036
1 0.345 0.529 0.015 0.04
1 0.358 0.545 0.011 0.042
1 0.445 0.492 0.021 0.06
1 0.467 0.478 0.005 0.015
1 0.48 0.486 0.006 0.016
