1 0.402 0.025 0.128 0.018
1 0.081 0.03 0.028 0.004
1 0.548 0.026 0.126 0.017
1 0.678 0.028 0.12 0.018
1 0.909 0.026 0.05 0.006
1 0.337 0.1 0.092 0.014
1 0.643 0.106 0.069 0.011
1 0.116 0.182 0.094 0.013
1 0.601 0.186 0.081 0.01
1 0.435 0.174 0.072 0.011
1 0.502 0.18 0.039 0.005
1 0.686 0.184 0.031 0.006
1 0.194 0.183 0.052 0.007
1 0.034 0.186 0.047 0.006
1 0.811 0.259 0.17 0.024
1 0.598 0.268 0.096 0.014
1 0.411 0.278 0.075 0.011
1 0.145 0.273 0.062 0.008
1 0.334 0.339 0.07 0.009
1 0.853 0.335 0.062 0.011
1 0.448 0.45 0.128 0.017
1 0.702 0.468 0.201 0.027
1 0.771 0.434 0.112 0.018
1 0.464 0.413 0.037 0.004
1 0.406 0.422 0.044 0.006
1 0.87 0.39 0.062 0.008
1 0.646 0.387 0.029 0.001
1 0.467 0.498 0.067 0.009
1 0.816 0.5 0.039 0.006
1 0.372 0.511 0.033 0.005
1 0.042 0.505 0.082 0.012
1 0.539 0.496 0.03 0.005
1 0.261 0.568 0.15 0.021
1 0.606 0.563 0.096 0.013
1 0.422 0.565 0.051 0.008
1 0.062 0.65 0.084 0.013
1 0.308 0.653 0.1 0.015
1 0.599 0.658 0.064 0.009
1 0.791 0.665 0.094 0.013
1 0.718 0.655 0.056 0.007
1 0.673 0.655 0.038 0.006
1 0.633 0.651 0.044 0.005
1 0.402 0.654 0.036 0.005
1 0.17 0.726 0.069 0.009
1 0.488 0.712 0.095 0.014
1 0.604 0.72 0.087 0.012
1 0.495 0.799 0.15 0.02
1 0.779 0.792 0.206 0.024
1 0.35 0.88 0.135 0.018
1 0.473 0.885 0.116 0.014
1 0.941 0.858 0.046 0.007
1 0.144 0.946 0.137 0.019
1 0.342 0.958 0.118 0.017
1 0.532 0.961 0.11 0.016
1 0.704 0.96 0.032 0.006
1 0.969 0.957 0.047 0.008
1 0.038 0.271 0.047 0.007
1 0.01 0.111 0.02 0.007
1 0.936 0.192 0.005 0.001
1 0.943 0.192 0.006 0.001
1 0.561 0.449 0.061 0.008
1 0.56 0.496 0.03 0.005
1 0.147 0.813 0.062 0.009
1 0.961 0.905 0.077 0.017
1 0.71 0.956 0.029 0.005
