1 0.956 0.554 0.004 0.009
1 0.677 0.559 0.005 0.01
1 0.801 0.559 0.005 0.009
1 0.734 0.561 0.005 0.009
1 0.772 0.55 0.005 0.01
1 0.401 0.546 0.039 0.12
1 0.11 0.559 0.006 0.01
1 0.581 0.56 0.004 0.008
1 0.715 0.564 0.004 0.008
1 0.709 0.562 0.004 0.006
1 0.745 0.562 0.004 0.006
1 0.87 0.568 0.005 0.006
1 0.854 0.566 0.004 0.006
1 0.924 0.554 0.005 0.008
1 0.15 0.559 0.007 0.009
1 0.647 0.563 0.004 0.008
1 0.655 0.564 0.003 0.005
1 0.662 0.564 0.003 0.005
1 0.689 0.564 0.004 0.008
1 0.991 0.561 0.006 0.01
