0 0.421875 0.565972 0.132812 0.340278
0 0.562500 0.774306 0.195312 0.368056
0 0.533203 0.375000 0.128906 0.250000
0 0.851562 0.444444 0.117188 0.305556
0 0.929688 0.434028 0.132812 0.270833
0 0.939453 0.184028 0.089844 0.256944
0 0.722656 0.152778 0.109375 0.222222
0 0.515625 0.142361 0.132812 0.243056
0 0.406250 0.215278 0.109375 0.208333
0 0.343750 0.298611 0.140625 0.263889
0 0.164062 0.371528 0.140625 0.298611
0 0.183594 0.684028 0.203125 0.354167
0 0.068359 0.281250 0.121094 0.270833
0 0.234375 0.156250 0.101562 0.215278
