1 0.115 0.486 0.048 0.102
1 0.177 0.461 0.039 0.127
1 0.01 0.565 0.018 0.114
1 0.026 0.457 0.032 0.108
1 0.149 0.466 0.028 0.095
1 0.072 0.468 0.03 0.076
1 0.241 0.472 0.021 0.069
1 0.284 0.461 0.021 0.059
1 0.34 0.449 0.018 0.069
1 0.143 0.386 0.016 0.043
1 0.159 0.341 0.011 0.038
1 0.171 0.341 0.013 0.038
1 0.106 0.354 0.018 0.04
1 0.123 0.344 0.018 0.045
1 0.04 0.318 0.019 0.033
1 0.062 0.302 0.013 0.043
1 0.101 0.307 0.016 0.033
1 0.22 0.351 0.016 0.041
1 0.362 0.423 0.021 0.067
1 0.479 0.382 0.024 0.059
1 0.443 0.421 0.012 0.046
1 0.448 0.399 0.011 0.038
1 0.46 0.39 0.012 0.029
1 0.428 0.377 0.015 0.031
1 0.425 0.424 0.013 0.053
1 0.467 0.341 0.013 0.028
1 0.518 0.404 0.018 0.033
1 0.531 0.394 0.01 0.045
1 0.561 0.364 0.012 0.033
1 0.572 0.38 0.015 0.029
1 0.584 0.365 0.009 0.024
1 0.626 0.386 0.007 0.024
1 0.749 0.38 0.024 0.06
1 0.7 0.357 0.015 0.026
1 0.801 0.365 0.011 0.024
1 0.817 0.336 0.011 0.021
1 0.882 0.345 0.009 0.026
1 0.89 0.36 0.008 0.024
1 0.898 0.358 0.011 0.024
1 0.941 0.371 0.009 0.019
1 0.958 0.347 0.011 0.022
1 0.982 0.351 0.012 0.021
