1 0.1 0.433 0.026 0.039
1 0.086 0.472 0.021 0.035
1 0.101 0.395 0.011 0.019
1 0.188 0.415 0.033 0.039
1 0.409 0.444 0.032 0.051
1 0.338 0.406 0.018 0.025
1 0.532 0.487 0.018 0.043
1 0.548 0.456 0.029 0.045
1 0.637 0.389 0.018 0.018
1 0.653 0.436 0.026 0.045
1 0.712 0.525 0.031 0.056
1 0.724 0.462 0.024 0.039
1 0.68 0.442 0.019 0.038
1 0.799 0.427 0.018 0.022
1 0.809 0.44 0.019 0.03
1 0.859 0.443 0.021 0.027
1 0.846 0.488 0.021 0.051
1 0.923 0.448 0.021 0.033
1 0.585 0.42 0.013 0.012
1 0.048 0.363 0.008 0.011
1 0.52 0.439 0.023 0.034
1 0.936 0.478 0.021 0.037
