1 0.023 0.419 0.023 0.057
1 0.042 0.4 0.021 0.065
1 0.061 0.379 0.021 0.077
1 0.076 0.372 0.021 0.077
1 0.098 0.352 0.026 0.087
1 0.122 0.343 0.03 0.1
1 0.15 0.322 0.032 0.092
1 0.19 0.321 0.031 0.095
1 0.228 0.25 0.042 0.117
1 0.254 0.338 0.021 0.055
1 0.287 0.249 0.045 0.139
1 0.374 0.205 0.047 0.142
1 0.394 0.303 0.017 0.055
1 0.435 0.266 0.037 0.114
1 0.508 0.311 0.029 0.085
1 0.521 0.262 0.043 0.132
1 0.572 0.286 0.033 0.09
1 0.609 0.211 0.044 0.124
1 0.638 0.274 0.031 0.08
1 0.762 0.233 0.044 0.137
1 0.881 0.194 0.045 0.134
1 0.008 0.455 0.014 0.045
1 0.454 0.327 0.022 0.092
