1 0.279 0.58 0.019 0.06
1 0.31 0.497 0.02 0.055
1 0.305 0.431 0.018 0.053
1 0.266 0.432 0.015 0.055
1 0.23 0.492 0.018 0.06
1 0.2 0.52 0.019 0.07
1 0.147 0.513 0.022 0.06
1 0.104 0.474 0.021 0.068
1 0.052 0.509 0.021 0.053
1 0.063 0.431 0.021 0.063
1 0.007 0.408 0.012 0.068
1 0.146 0.406 0.018 0.058
1 0.107 0.337 0.022 0.06
1 0.166 0.354 0.016 0.05
1 0.225 0.427 0.017 0.055
1 0.191 0.339 0.014 0.035
1 0.221 0.337 0.016 0.045
1 0.256 0.314 0.011 0.05
1 0.288 0.319 0.014 0.045
1 0.319 0.332 0.01 0.04
1 0.309 0.259 0.01 0.045
1 0.344 0.531 0.018 0.063
1 0.405 0.526 0.02 0.058
1 0.476 0.568 0.02 0.055
1 0.466 0.455 0.014 0.05
1 0.437 0.431 0.015 0.048
1 0.383 0.398 0.016 0.048
1 0.378 0.48 0.015 0.05
1 0.354 0.427 0.016 0.05
1 0.398 0.389 0.014 0.045
1 0.36 0.313 0.014 0.043
1 0.349 0.275 0.014 0.043
1 0.341 0.175 0.013 0.048
1 0.384 0.222 0.017 0.053
1 0.417 0.33 0.015 0.053
1 0.429 0.269 0.017 0.05
1 0.452 0.195 0.014 0.048
1 0.514 0.206 0.012 0.045
1 0.53 0.268 0.013 0.053
1 0.543 0.516 0.016 0.063
1 0.564 0.217 0.012 0.043
1 0.58 0.25 0.018 0.058
1 0.627 0.198 0.014 0.04
1 0.562 0.492 0.014 0.055
1 0.595 0.516 0.015 0.048
1 0.62 0.531 0.015 0.048
1 0.653 0.438 0.016 0.053
1 0.729 0.175 0.016 0.058
1 0.744 0.34 0.015 0.048
1 0.715 0.539 0.016 0.058
1 0.761 0.535 0.018 0.055
1 0.766 0.362 0.018 0.06
1 0.784 0.264 0.013 0.04
1 0.807 0.339 0.019 0.055
1 0.795 0.436 0.014 0.053
1 0.823 0.555 0.016 0.05
1 0.85 0.477 0.02 0.06
1 0.87 0.554 0.016 0.058
1 0.91 0.548 0.015 0.06
1 0.933 0.553 0.02 0.07
1 0.976 0.494 0.021 0.063
1 0.956 0.373 0.019 0.068
1 0.897 0.353 0.02 0.058
1 0.865 0.384 0.017 0.055
1 0.899 0.263 0.016 0.048
1 0.836 0.307 0.013 0.04
1 0.993 0.411 0.015 0.048
1 0.666 0.579 0.013 0.048
