1 0.284 0.305 0.031 0.11
1 0.149 0.301 0.028 0.086
1 0.063 0.329 0.032 0.088
1 0.45 0.428 0.042 0.124
1 0.49 0.305 0.023 0.085
1 0.716 0.339 0.025 0.065
1 0.756 0.33 0.021 0.05
1 0.958 0.384 0.028 0.079
1 0.981 0.307 0.027 0.059
1 0.915 0.303 0.023 0.054
1 0.82 0.288 0.017 0.032
1 0.816 0.217 0.02 0.045
1 0.733 0.215 0.015 0.038
1 0.648 0.204 0.011 0.029
1 0.684 0.225 0.011 0.025
1 0.626 0.205 0.007 0.022
1 0.591 0.195 0.008 0.022
1 0.566 0.177 0.007 0.023
1 0.544 0.197 0.009 0.023
1 0.557 0.196 0.008 0.025
1 0.512 0.178 0.01 0.022
1 0.5 0.164 0.007 0.014
1 0.47 0.169 0.008 0.014
1 0.297 0.163 0.007 0.016
1 0.779 0.257 0.016 0.034
