1 0.242 0.608 0.006 0.008
1 0.292 0.636 0.007 0.009
1 0.375 0.669 0.007 0.016
1 0.506 0.762 0.013 0.021
1 0.552 0.767 0.011 0.018
1 0.572 0.775 0.007 0.018
1 0.475 0.824 0.01 0.025
1 0.411 0.795 0.011 0.02
1 0.938 0.81 0.011 0.023
1 0.959 0.846 0.014 0.02
1 0.957 0.726 0.01 0.017
1 0.939 0.727 0.009 0.017
1 0.886 0.729 0.01 0.018
1 0.821 0.665 0.008 0.014
1 0.806 0.672 0.009 0.018
1 0.983 0.682 0.007 0.013
1 0.828 0.719 0.01 0.014
1 0.938 0.674 0.007 0.014
1 0.931 0.706 0.008 0.012
1 0.956 0.699 0.007 0.014
1 0.845 0.676 0.008 0.013
1 0.989 0.701 0.007 0.012
1 0.91 0.708 0.008 0.017
1 0.962 0.663 0.007 0.01
1 0.942 0.699 0.006 0.012
1 0.947 0.715 0.008 0.016
1 0.836 0.702 0.007 0.013
1 0.876 0.702 0.009 0.014
1 0.862 0.675 0.007 0.012
1 0.259 0.621 0.006 0.01
1 0.851 0.566 0.004 0.007
1 0.718 0.703 0.007 0.013
1 0.719 0.674 0.008 0.014
1 0.626 0.676 0.007 0.012
1 0.64 0.662 0.006 0.012
1 0.627 0.634 0.009 0.016
1 0.576 0.65 0.007 0.012
