1 0.053 0.396 0.017 0.045
1 0.075 0.347 0.013 0.041
1 0.101 0.407 0.013 0.041
1 0.113 0.376 0.01 0.03
1 0.133 0.343 0.012 0.036
1 0.155 0.365 0.013 0.034
1 0.176 0.397 0.017 0.051
1 0.201 0.384 0.013 0.036
1 0.185 0.327 0.009 0.034
1 0.234 0.397 0.014 0.038
1 0.246 0.346 0.01 0.038
1 0.29 0.399 0.011 0.036
1 0.314 0.34 0.014 0.047
1 0.332 0.397 0.013 0.034
1 0.314 0.304 0.01 0.032
1 0.373 0.296 0.012 0.036
1 0.359 0.343 0.01 0.024
1 0.39 0.416 0.009 0.032
1 0.385 0.366 0.012 0.036
1 0.42 0.297 0.01 0.043
1 0.438 0.342 0.012 0.03
1 0.431 0.399 0.009 0.032
1 0.482 0.387 0.011 0.034
1 0.474 0.343 0.013 0.036
1 0.465 0.294 0.008 0.028
1 0.51 0.353 0.011 0.038
1 0.521 0.294 0.012 0.032
1 0.566 0.344 0.013 0.038
1 0.53 0.389 0.012 0.034
1 0.604 0.343 0.012 0.032
1 0.585 0.316 0.012 0.038
1 0.639 0.315 0.013 0.028
1 0.629 0.381 0.012 0.036
1 0.685 0.385 0.016 0.038
1 0.666 0.357 0.012 0.034
1 0.688 0.321 0.013 0.034
1 0.71 0.36 0.012 0.041
1 0.734 0.38 0.011 0.038
1 0.743 0.315 0.012 0.041
1 0.821 0.855 0.017 0.047
1 0.876 0.704 0.014 0.036
1 0.808 0.721 0.012 0.041
1 0.735 0.716 0.015 0.043
1 0.668 0.724 0.013 0.043
1 0.595 0.662 0.014 0.047
1 0.019 0.661 0.013 0.041
1 0.061 0.682 0.014 0.043
1 0.053 0.834 0.011 0.036
1 0.664 0.841 0.016 0.045
1 0.765 0.869 0.016 0.045
1 0.858 0.691 0.014 0.036
1 0.926 0.794 0.009 0.032
1 0.772 0.357 0.009 0.034
1 0.799 0.322 0.01 0.032
1 0.819 0.36 0.012 0.032
1 0.787 0.406 0.012 0.034
1 0.849 0.403 0.014 0.036
1 0.856 0.335 0.011 0.034
1 0.889 0.323 0.013 0.034
1 0.888 0.366 0.013 0.041
1 0.898 0.376 0.013 0.038
1 0.932 0.356 0.011 0.036
1 0.95 0.325 0.011 0.034
1 0.96 0.405 0.012 0.036
1 0.978 0.332 0.01 0.032
1 0.985 0.368 0.013 0.038
1 0.014 0.833 0.013 0.034
1 0.005 0.923 0.009 0.043
1 0.154 0.921 0.013 0.034
1 0.104 0.923 0.015 0.034
1 0.124 0.702 0.015 0.036
1 0.14 0.578 0.014 0.036
1 0.074 0.568 0.016 0.03
1 0.19 0.656 0.012 0.034
1 0.253 0.638 0.015 0.036
1 0.239 0.698 0.011 0.028
1 0.205 0.75 0.011 0.03
1 0.189 0.81 0.014 0.03
1 0.231 0.823 0.013 0.043
1 0.27 0.754 0.01 0.034
1 0.3 0.712 0.014 0.047
1 0.48 0.943 0.013 0.041
