1 0.672 0.555 0.064 0.141
1 0.705 0.477 0.063 0.122
1 0.789 0.466 0.044 0.114
1 0.57 0.492 0.058 0.091
1 0.656 0.45 0.059 0.107
1 0.488 0.749 0.084 0.148
1 0.51 0.507 0.051 0.11
1 0.353 0.532 0.061 0.107
1 0.557 0.355 0.048 0.081
1 0.469 0.444 0.051 0.089
1 0.616 0.752 0.084 0.154
1 0.465 0.337 0.041 0.072
1 0.399 0.357 0.036 0.078
1 0.455 0.63 0.058 0.111
1 0.203 0.414 0.047 0.094
1 0.193 0.26 0.037 0.078
1 0.259 0.348 0.036 0.067
1 0.079 0.365 0.049 0.086
1 0.053 0.411 0.046 0.094
1 0.045 0.529 0.06 0.104
1 0.119 0.547 0.063 0.083
1 0.35 0.232 0.029 0.06
1 0.491 0.25 0.032 0.072
1 0.132 0.258 0.029 0.06
1 0.13 0.337 0.029 0.06
1 0.036 0.244 0.027 0.057
1 0.346 0.169 0.021 0.04
1 0.28 0.125 0.019 0.034
1 0.251 0.933 0.085 0.132
1 0.046 0.815 0.071 0.16
1 0.056 0.646 0.067 0.12
1 0.123 0.92 0.099 0.16
1 0.533 0.926 0.095 0.145
1 0.431 0.93 0.084 0.126
1 0.654 0.913 0.087 0.16
1 0.742 0.886 0.062 0.161
1 0.815 0.802 0.077 0.142
1 0.917 0.726 0.085 0.143
1 0.882 0.555 0.049 0.138
1 0.878 0.389 0.05 0.088
1 0.96 0.286 0.032 0.072
1 0.983 0.27 0.029 0.086
1 0.85 0.346 0.04 0.091
1 0.87 0.258 0.041 0.081
1 0.767 0.301 0.039 0.066
1 0.819 0.281 0.025 0.061
1 0.674 0.295 0.034 0.063
1 0.712 0.286 0.028 0.059
1 0.698 0.059 0.024 0.044
1 0.704 0.194 0.028 0.06
1 0.786 0.215 0.034 0.073
1 0.251 0.487 0.055 0.098
1 0.114 0.074 0.017 0.037
1 0.216 0.059 0.016 0.037
1 0.247 0.081 0.017 0.041
1 0.321 0.044 0.014 0.032
1 0.378 0.054 0.013 0.038
1 0.403 0.21 0.02 0.048
1 0.031 0.053 0.017 0.034
1 0.082 0.253 0.02 0.041
1 0.798 0.011 0.017 0.019
1 0.534 0.016 0.018 0.026
1 0.511 0.013 0.017 0.02
1 0.609 0.25 0.034 0.05
1 0.26 0.65 0.066 0.117
1 0.164 0.062 0.017 0.037
1 0.179 0.038 0.017 0.032
1 0.559 0.328 0.043 0.076
1 0.792 0.433 0.06 0.111
1 0.808 0.403 0.049 0.097
1 0.41 0.518 0.049 0.088
