1 0.949 0.373 0.016 0.025
1 0.945 0.424 0.015 0.022
1 0.871 0.424 0.015 0.025
1 0.893 0.372 0.015 0.025
1 0.844 0.364 0.015 0.021
1 0.814 0.334 0.014 0.019
1 0.787 0.355 0.014 0.021
1 0.749 0.327 0.016 0.024
1 0.724 0.353 0.014 0.021
1 0.753 0.431 0.013 0.021
1 0.811 0.425 0.016 0.024
1 0.698 0.426 0.014 0.026
1 0.685 0.32 0.013 0.022
1 0.662 0.349 0.013 0.024
1 0.623 0.312 0.015 0.021
1 0.645 0.417 0.014 0.022
1 0.597 0.346 0.013 0.022
1 0.596 0.422 0.014 0.021
1 0.562 0.313 0.013 0.02
1 0.5 0.427 0.013 0.022
1 0.55 0.429 0.014 0.022
1 0.536 0.347 0.014 0.021
1 0.506 0.307 0.015 0.021
1 0.446 0.309 0.015 0.02
1 0.47 0.346 0.013 0.022
1 0.407 0.346 0.013 0.018
1 0.449 0.433 0.015 0.024
1 0.397 0.421 0.015 0.024
1 0.342 0.423 0.014 0.02
1 0.354 0.349 0.014 0.022
1 0.337 0.315 0.014 0.021
1 0.382 0.31 0.016 0.021
1 0.284 0.32 0.015 0.022
1 0.299 0.35 0.015 0.021
1 0.288 0.428 0.015 0.022
1 0.245 0.36 0.013 0.019
1 0.239 0.324 0.015 0.02
1 0.236 0.431 0.015 0.021
1 0.184 0.427 0.014 0.02
1 0.197 0.369 0.015 0.024
1 0.202 0.323 0.013 0.021
1 0.149 0.373 0.015 0.021
1 0.127 0.417 0.016 0.024
1 0.06 0.417 0.014 0.022
