1 0.28 0.251 0.021 0.03
1 0.29 0.212 0.019 0.027
1 0.351 0.064 0.02 0.027
1 0.324 0.054 0.013 0.02
1 0.36 0.215 0.018 0.029
1 0.384 0.106 0.019 0.035
1 0.422 0.065 0.016 0.031
1 0.403 0.02 0.016 0.027
1 0.5 0.028 0.02 0.033
1 0.502 0.106 0.018 0.033
1 0.473 0.081 0.017 0.026
1 0.435 0.109 0.012 0.033
1 0.458 0.148 0.015 0.031
1 0.428 0.195 0.02 0.035
1 0.52 0.16 0.025 0.036
1 0.556 0.11 0.019 0.033
1 0.535 0.066 0.021 0.03
1 0.46 0.031 0.015 0.023
1 0.235 0.209 0.016 0.027
1 0.635 0.22 0.014 0.021
1 0.635 0.273 0.019 0.031
1 0.562 0.264 0.02 0.029
1 0.5 0.201 0.021 0.031
1 0.729 0.185 0.021 0.031
1 0.603 0.068 0.018 0.029
1 0.763 0.149 0.019 0.033
1 0.799 0.109 0.019 0.029
1 0.782 0.198 0.02 0.031
1 0.754 0.26 0.021 0.038
1 0.141 0.111 0.015 0.026
1 0.131 0.15 0.017 0.034
1 0.067 0.117 0.017 0.03
1 0.065 0.163 0.017 0.029
1 0.014 0.114 0.016 0.025
1 0.048 0.029 0.019 0.026
1 0.102 0.033 0.018 0.02
1 0.158 0.026 0.018 0.029
1 0.187 0.15 0.017 0.025
1 0.203 0.153 0.018 0.03
1 0.148 0.204 0.018 0.031
1 0.087 0.21 0.019 0.03
1 0.03 0.206 0.018 0.031
1 0.021 0.277 0.017 0.031
1 0.278 0.026 0.017 0.031
1 0.295 0.077 0.017 0.027
1 0.249 0.15 0.018 0.029
1 0.305 0.11 0.017 0.027
1 0.335 0.16 0.017 0.033
1 0.858 0.1 0.017 0.029
1 0.858 0.146 0.021 0.035
1 0.828 0.079 0.014 0.016
1 0.575 0.025 0.018 0.021
1 0.961 0.062 0.02 0.029
1 0.912 0.099 0.02 0.034
1 0.981 0.154 0.021 0.033
1 0.932 0.205 0.021 0.035
1 0.871 0.21 0.016 0.031
1 0.864 0.015 0.02 0.025
1 0.92 0.014 0.018 0.025
1 0.996 0.019 0.009 0.03
1 0.53 0.27 0.039 0.051
1 0.161 0.393 0.027 0.039
