1 0.666 0.015 0.011 0.015
1 0.628 0.026 0.008 0.01
1 0.686 0.012 0.012 0.01
1 0.761 0.174 0.01 0.018
1 0.739 0.106 0.01 0.016
1 0.701 0.067 0.008 0.01
1 0.748 0.048 0.009 0.016
1 0.762 0.025 0.012 0.015
1 0.604 0.16 0.012 0.019
1 0.595 0.138 0.013 0.019
1 0.568 0.138 0.013 0.016
1 0.575 0.167 0.012 0.018
1 0.801 0.164 0.015 0.02
1 0.832 0.189 0.012 0.018
1 0.83 0.294 0.013 0.019
1 0.901 0.199 0.011 0.02
1 0.864 0.194 0.013 0.019
1 0.869 0.128 0.01 0.013
1 0.831 0.167 0.01 0.015
1 0.788 0.134 0.012 0.016
1 0.84 0.149 0.007 0.013
1 0.82 0.148 0.009 0.012
1 0.916 0.089 0.011 0.019
1 0.866 0.034 0.012 0.019
1 0.825 0.111 0.011 0.018
1 0.79 0.028 0.013 0.02
1 0.931 0.112 0.013 0.019
1 0.9 0.135 0.012 0.018
1 0.906 0.168 0.01 0.019
1 0.947 0.137 0.014 0.016
1 0.921 0.152 0.011 0.015
1 0.967 0.119 0.012 0.02
1 0.946 0.09 0.011 0.016
1 0.967 0.089 0.011 0.016
1 0.95 0.232 0.012 0.019
1 0.947 0.181 0.014 0.019
1 0.941 0.206 0.011 0.015
1 0.967 0.206 0.012 0.019
1 0.923 0.227 0.012 0.018
1 0.991 0.094 0.012 0.02
1 0.951 0.01 0.011 0.012
1 0.979 0.012 0.012 0.013
1 0.768 0.09 0.013 0.016
1 0.798 0.195 0.013 0.018
1 0.935 0.266 0.011 0.016
1 0.84 0.263 0.013 0.016
1 0.381 0.032 0.013 0.018
1 0.144 0.012 0.013 0.016
1 0.554 0.02 0.016 0.02
1 0.513 0.16 0.014 0.018
1 0.948 0.037 0.008 0.015
1 0.667 0.258 0.043 0.072
1 0.768 0.252 0.022 0.035
1 0.499 0.236 0.032 0.053
1 0.436 0.278 0.025 0.056
1 0.103 0.275 0.013 0.023
1 0.055 0.269 0.012 0.026
1 0.021 0.272 0.016 0.032
1 0.013 0.192 0.013 0.029
1 0.046 0.198 0.016 0.026
1 0.044 0.162 0.015 0.022
1 0.016 0.122 0.011 0.023
1 0.042 0.121 0.015 0.028
1 0.066 0.152 0.016 0.028
1 0.099 0.154 0.015 0.029
1 0.103 0.119 0.011 0.026
1 0.124 0.131 0.013 0.022
1 0.125 0.166 0.014 0.022
1 0.149 0.168 0.015 0.023
1 0.146 0.129 0.012 0.023
1 0.163 0.131 0.01 0.016
1 0.171 0.159 0.016 0.025
1 0.177 0.244 0.014 0.019
1 0.157 0.274 0.013 0.02
1 0.204 0.245 0.014 0.019
1 0.251 0.243 0.013 0.023
1 0.273 0.284 0.013 0.018
1 0.312 0.283 0.014 0.019
1 0.324 0.28 0.01 0.016
1 0.3 0.242 0.015 0.02
1 0.307 0.193 0.011 0.018
1 0.266 0.178 0.012 0.019
1 0.247 0.161 0.014 0.023
1 0.232 0.167 0.013 0.023
1 0.226 0.135 0.011 0.016
1 0.251 0.135 0.011 0.018
1 0.25 0.101 0.012 0.018
1 0.245 0.077 0.01 0.013
1 0.189 0.13 0.012 0.019
1 0.207 0.1 0.01 0.015
1 0.169 0.092 0.013 0.02
1 0.187 0.103 0.013 0.016
1 0.151 0.092 0.012 0.018
1 0.125 0.061 0.011 0.015
1 0.105 0.06 0.011 0.02
1 0.064 0.054 0.012 0.02
1 0.277 0.135 0.012 0.019
1 0.289 0.124 0.011 0.018
1 0.31 0.114 0.01 0.02
1 0.321 0.11 0.012 0.02
1 0.045 0.053 0.011 0.018
1 0.069 0.028 0.014 0.02
1 0.174 0.04 0.011 0.022
1 0.198 0.04 0.013 0.019
1 0.212 0.047 0.012 0.018
1 0.287 0.05 0.013 0.018
1 0.26 0.019 0.011 0.018
1 0.223 0.103 0.012 0.019
1 0.164 0.011 0.014 0.019
1 0.158 0.034 0.012 0.013
1 0.13 0.04 0.013 0.018
1 0.113 0.012 0.011 0.013
1 0.023 0.051 0.009 0.018
1 0.017 0.02 0.012 0.013
1 0.147 0.057 0.008 0.015
1 0.092 0.026 0.009 0.012
1 0.275 0.078 0.016 0.019
1 0.3 0.024 0.009 0.016
1 0.321 0.03 0.01 0.016
1 0.352 0.026 0.01 0.018
1 0.31 0.059 0.01 0.016
1 0.334 0.053 0.011 0.018
1 0.419 0.122 0.012 0.02
1 0.344 0.173 0.013 0.02
1 0.34 0.15 0.013 0.016
1 0.368 0.179 0.012 0.016
1 0.463 0.154 0.011 0.02
1 0.428 0.177 0.012 0.02
1 0.379 0.125 0.012 0.019
1 0.398 0.065 0.009 0.016
1 0.402 0.092 0.01 0.018
1 0.379 0.092 0.012 0.016
1 0.358 0.059 0.014 0.022
1 0.404 0.034 0.011 0.02
1 0.452 0.072 0.011 0.02
1 0.465 0.026 0.012 0.018
1 0.424 0.012 0.012 0.019
1 0.391 0.182 0.012 0.015
1 0.386 0.134 0.011 0.016
1 0.471 0.122 0.009 0.019
1 0.415 0.063 0.012 0.015
1 0.542 0.064 0.011 0.02
1 0.575 0.092 0.013 0.023
1 0.643 0.053 0.008 0.015
1 0.517 0.033 0.01 0.016
1 0.498 0.032 0.013 0.015
1 0.482 0.01 0.01 0.015
1 0.481 0.067 0.011 0.018
1 0.506 0.078 0.011 0.016
1 0.517 0.099 0.011 0.016
1 0.483 0.104 0.008 0.012
1 0.543 0.126 0.011 0.015
1 0.633 0.155 0.011 0.018
1 0.56 0.192 0.011 0.018
1 0.54 0.192 0.011 0.018
1 0.663 0.1 0.009 0.015
1 0.653 0.077 0.011 0.016
1 0.605 0.018 0.009 0.015
1 0.575 0.026 0.009 0.01
1 0.606 0.048 0.008 0.012
1 0.701 0.104 0.011 0.018
1 0.7 0.13 0.013 0.015
1 0.758 0.138 0.013 0.02
1 0.741 0.161 0.01 0.015
1 0.707 0.223 0.012 0.016
1 0.61 0.199 0.015 0.026
1 0.7 0.019 0.01 0.018
1 0.727 0.019 0.01 0.015
1 0.667 0.04 0.01 0.013
1 0.361 0.23 0.012 0.02
