1 0.672 0.288 0.042 0.081
1 0.789 0.122 0.035 0.057
1 0.754 0.062 0.029 0.04
1 0.69 0.069 0.024 0.041
1 0.497 0.239 0.049 0.072
1 0.438 0.105 0.031 0.056
1 0.496 0.04 0.031 0.053
1 0.618 0.039 0.023 0.04
1 0.522 0.07 0.027 0.056
1 0.266 0.142 0.036 0.079
1 0.274 0.05 0.036 0.073
1 0.385 0.015 0.031 0.028
1 0.314 0.221 0.034 0.061
1 0.217 0.182 0.037 0.057
1 0.119 0.206 0.034 0.057
1 0.083 0.141 0.039 0.072
1 0.013 0.154 0.023 0.067
1 0.743 0.167 0.026 0.047
1 0.838 0.062 0.021 0.037
1 0.862 0.115 0.02 0.04
1 0.564 0.183 0.022 0.047
1 0.146 0.041 0.03 0.059
1 0.23 0.046 0.021 0.045
1 0.582 0.2 0.02 0.037
1 0.554 0.034 0.024 0.045
1 0.66 0.022 0.027 0.032
1 0.695 0.111 0.022 0.037
1 0.958 0.223 0.024 0.042
