1 0.918 0.229 0.035 0.081
1 0.845 0.211 0.033 0.078
1 0.812 0.19 0.03 0.07
1 0.761 0.233 0.029 0.07
1 0.713 0.192 0.029 0.07
1 0.688 0.175 0.025 0.06
1 0.658 0.236 0.027 0.054
1 0.62 0.217 0.025 0.066
1 0.587 0.178 0.026 0.062
1 0.556 0.216 0.028 0.06
1 0.532 0.174 0.026 0.066
1 0.506 0.184 0.026 0.066
1 0.476 0.246 0.025 0.062
1 0.441 0.218 0.026 0.064
1 0.405 0.249 0.024 0.06
1 0.379 0.221 0.026 0.066
1 0.334 0.197 0.027 0.068
1 0.295 0.221 0.027 0.07
1 0.248 0.172 0.029 0.068
1 0.228 0.231 0.032 0.074
1 0.145 0.217 0.031 0.078
1 0.074 0.156 0.034 0.079
