1 0.913 0.807 0.022 0.035
1 0.926 0.696 0.024 0.051
1 0.984 0.669 0.029 0.059
1 0.988 0.613 0.023 0.047
1 0.963 0.566 0.024 0.044
1 0.989 0.462 0.021 0.05
1 0.971 0.41 0.021 0.041
1 0.924 0.429 0.021 0.035
1 0.915 0.365 0.021 0.044
1 0.987 0.285 0.022 0.034
1 0.851 0.299 0.021 0.041
1 0.837 0.438 0.024 0.034
1 0.845 0.525 0.022 0.035
1 0.914 0.556 0.023 0.047
1 0.924 0.491 0.022 0.038
1 0.786 0.479 0.022 0.032
1 0.771 0.421 0.025 0.038
1 0.719 0.381 0.022 0.035
1 0.701 0.418 0.022 0.043
1 0.737 0.517 0.021 0.04
1 0.688 0.556 0.025 0.044
1 0.753 0.701 0.025 0.05
1 0.83 0.703 0.029 0.05
1 0.841 0.799 0.029 0.044
1 0.836 0.851 0.029 0.054
1 0.683 0.7 0.023 0.044
1 0.792 0.24 0.022 0.035
1 0.563 0.416 0.053 0.091
1 0.597 0.256 0.021 0.038
1 0.541 0.264 0.023 0.034
1 0.833 0.34 0.02 0.029
1 0.447 0.641 0.027 0.044
1 0.366 0.685 0.022 0.043
1 0.121 0.639 0.027 0.051
1 0.09 0.49 0.025 0.044
1 0.116 0.421 0.024 0.051
1 0.066 0.57 0.025 0.04
1 0.02 0.432 0.024 0.051
1 0.067 0.342 0.027 0.046
1 0.087 0.312 0.022 0.041
1 0.127 0.368 0.024 0.044
1 0.208 0.371 0.022 0.034
1 0.218 0.326 0.021 0.038
1 0.161 0.299 0.024 0.038
1 0.182 0.243 0.024 0.043
1 0.202 0.204 0.02 0.037
1 0.147 0.185 0.018 0.029
1 0.167 0.174 0.022 0.04
1 0.115 0.169 0.025 0.041
1 0.122 0.235 0.026 0.047
1 0.035 0.258 0.019 0.04
1 0.048 0.212 0.02 0.037
1 0.08 0.135 0.023 0.037
1 0.097 0.093 0.021 0.037
1 0.066 0.071 0.02 0.029
1 0.032 0.087 0.022 0.037
1 0.039 0.149 0.019 0.037
1 0.269 0.278 0.02 0.035
1 0.257 0.2 0.021 0.041
1 0.235 0.086 0.019 0.04
1 0.159 0.092 0.021 0.037
1 0.129 0.082 0.02 0.028
1 0.292 0.146 0.021 0.037
1 0.309 0.096 0.017 0.029
1 0.376 0.102 0.016 0.031
1 0.394 0.193 0.019 0.034
1 0.338 0.201 0.021 0.035
1 0.321 0.269 0.021 0.035
1 0.299 0.308 0.021 0.034
1 0.28 0.376 0.02 0.037
1 0.361 0.382 0.021 0.029
1 0.375 0.318 0.023 0.031
1 0.422 0.245 0.02 0.034
1 0.434 0.104 0.023 0.032
1 0.432 0.149 0.021 0.035
1 0.477 0.129 0.02 0.037
1 0.525 0.091 0.02 0.032
1 0.334 0.338 0.019 0.034
1 0.421 0.354 0.022 0.038
1 0.445 0.321 0.02 0.037
1 0.509 0.324 0.02 0.037
1 0.5 0.243 0.02 0.034
1 0.53 0.34 0.019 0.032
1 0.335 0.039 0.019 0.037
1 0.245 0.035 0.023 0.04
1 0.19 0.048 0.02 0.031
1 0.39 0.04 0.021 0.031
1 0.455 0.04 0.019 0.035
1 0.553 0.151 0.023 0.037
1 0.557 0.09 0.018 0.035
1 0.545 0.193 0.021 0.04
1 0.615 0.096 0.018 0.037
1 0.584 0.065 0.02 0.029
1 0.644 0.304 0.018 0.031
1 0.521 0.415 0.023 0.032
1 0.931 0.193 0.02 0.035
1 0.88 0.143 0.021 0.041
1 0.762 0.064 0.02 0.04
1 0.926 0.107 0.019 0.034
1 0.895 0.061 0.021 0.034
1 0.932 0.054 0.016 0.028
1 0.988 0.149 0.02 0.035
1 0.992 0.102 0.016 0.04
1 0.991 0.206 0.019 0.041
1 0.813 0.056 0.019 0.041
1 0.668 0.149 0.021 0.04
1 0.701 0.022 0.022 0.035
1 0.95 0.151 0.019 0.031
1 0.992 0.021 0.017 0.031
1 0.874 0.085 0.021 0.04
1 0.797 0.113 0.02 0.032
1 0.269 0.762 0.023 0.043
1 0.236 0.775 0.028 0.041
1 0.175 0.708 0.026 0.046
1 0.196 0.614 0.027 0.054
1 0.217 0.546 0.028 0.044
1 0.233 0.479 0.025 0.053
1 0.179 0.499 0.025 0.047
1 0.179 0.426 0.022 0.04
1 0.276 0.437 0.022 0.038
1 0.332 0.431 0.022 0.047
1 0.333 0.53 0.022 0.049
1 0.412 0.471 0.024 0.043
1 0.425 0.442 0.022 0.043
1 0.005 0.309 0.01 0.041
1 0.641 0.17 0.019 0.043
1 0.683 0.201 0.021 0.041
1 0.858 0.512 0.019 0.044
1 0.896 0.665 0.019 0.035
