1 0.656 0.342 0.088 0.06
1 0.67 0.246 0.036 0.033
1 0.793 0.359 0.046 0.043
1 0.747 0.316 0.029 0.034
1 0.926 0.249 0.035 0.033
1 0.754 0.222 0.033 0.029
1 0.731 0.211 0.022 0.021
1 0.498 0.267 0.034 0.029
1 0.378 0.246 0.033 0.028
1 0.424 0.242 0.032 0.029
1 0.46 0.241 0.038 0.026
1 0.643 0.191 0.032 0.027
1 0.629 0.207 0.024 0.019
1 0.583 0.288 0.031 0.03
1 0.918 0.185 0.028 0.032
1 0.794 0.169 0.024 0.022
1 0.754 0.174 0.023 0.023
1 0.722 0.11 0.026 0.022
1 0.931 0.153 0.022 0.027
1 0.877 0.155 0.021 0.025
1 0.911 0.161 0.021 0.018
1 0.912 0.141 0.022 0.018
1 0.804 0.198 0.032 0.031
1 0.889 0.271 0.03 0.027
1 0.736 0.241 0.03 0.029
1 0.811 0.075 0.02 0.017
1 0.718 0.086 0.019 0.015
1 0.697 0.081 0.023 0.018
1 0.673 0.106 0.021 0.012
1 0.774 0.116 0.027 0.018
1 0.925 0.082 0.017 0.014
1 0.951 0.275 0.048 0.037
1 0.907 0.248 0.028 0.032
1 0.953 0.141 0.026 0.03
1 0.985 0.18 0.03 0.035
1 0.97 0.17 0.039 0.037
1 0.985 0.12 0.029 0.029
1 0.94 0.317 0.042 0.038
1 0.969 0.345 0.06 0.044
1 0.954 0.11 0.017 0.02
1 0.926 0.052 0.013 0.02
1 0.957 0.073 0.02 0.018
1 0.093 0.463 0.05 0.034
1 0.063 0.463 0.037 0.031
1 0.131 0.328 0.023 0.018
1 0.045 0.309 0.027 0.019
1 0.364 0.214 0.016 0.018
1 0.375 0.185 0.019 0.018
1 0.715 0.186 0.018 0.024
1 0.53 0.182 0.028 0.021
1 0.528 0.135 0.017 0.014
1 0.489 0.161 0.022 0.021
1 0.549 0.093 0.018 0.015
1 0.733 0.153 0.019 0.015
1 0.573 0.13 0.018 0.018
1 0.756 0.076 0.017 0.015
1 0.72 0.068 0.016 0.012
1 0.633 0.257 0.032 0.022
