1 0.151 0.601 0.035 0.054
1 0.275 0.575 0.03 0.044
1 0.231 0.562 0.018 0.02
1 0.194 0.57 0.016 0.025
1 0.058 0.553 0.021 0.03
1 0.36 0.559 0.022 0.029
1 0.342 0.571 0.015 0.025
1 0.33 0.563 0.014 0.021
1 0.321 0.58 0.016 0.018
1 0.381 0.535 0.033 0.04
1 0.143 0.555 0.015 0.019
1 0.814 0.87 0.058 0.032
1 0.76 0.885 0.017 0.027
1 0.736 0.924 0.021 0.024
1 0.705 0.843 0.018 0.024
1 0.631 0.882 0.026 0.033
1 0.522 0.916 0.026 0.029
1 0.588 0.882 0.018 0.02
1 0.563 0.766 0.014 0.016
1 0.65 0.832 0.01 0.016
1 0.859 0.765 0.012 0.013
1 0.885 0.772 0.011 0.012
1 0.882 0.751 0.008 0.014
1 0.632 0.731 0.01 0.01
