1 0.303 0.116 0.014 0.038
1 0.23 0.115 0.021 0.046
1 0.144 0.088 0.019 0.039
1 0.126 0.096 0.019 0.027
1 0.124 0.125 0.027 0.041
1 0.196 0.115 0.013 0.029
1 0.402 0.138 0.01 0.019
1 0.419 0.124 0.014 0.032
1 0.473 0.145 0.009 0.024
1 0.487 0.171 0.008 0.017
1 0.511 0.132 0.009 0.021
1 0.567 0.126 0.016 0.041
1 0.705 0.276 0.031 0.094
1 0.63 0.147 0.014 0.034
1 0.721 0.163 0.017 0.029
1 0.594 0.142 0.009 0.021
1 0.652 0.153 0.008 0.019
1 0.763 0.167 0.014 0.029
1 0.867 0.175 0.016 0.039
1 0.945 0.162 0.021 0.048
