1 0.076 0.271 0.021 0.038
1 0.167 0.242 0.009 0.029
1 0.18 0.223 0.015 0.032
1 0.279 0.274 0.012 0.023
1 0.297 0.243 0.008 0.015
1 0.329 0.27 0.011 0.019
1 0.356 0.262 0.009 0.018
1 0.387 0.259 0.012 0.02
1 0.392 0.231 0.007 0.013
1 0.473 0.283 0.008 0.02
1 0.485 0.247 0.005 0.013
1 0.432 0.229 0.007 0.013
1 0.499 0.239 0.006 0.012
1 0.501 0.254 0.005 0.01
1 0.521 0.261 0.015 0.028
1 0.553 0.274 0.013 0.023
1 0.55 0.234 0.007 0.013
1 0.567 0.286 0.014 0.023
1 0.563 0.261 0.009 0.019
1 0.577 0.265 0.011 0.02
1 0.603 0.252 0.012 0.023
1 0.615 0.299 0.019 0.041
1 0.628 0.272 0.014 0.025
1 0.646 0.271 0.012 0.023
1 0.622 0.244 0.009 0.019
1 0.635 0.243 0.011 0.02
1 0.664 0.29 0.02 0.035
1 0.708 0.317 0.021 0.031
1 0.692 0.258 0.012 0.02
1 0.786 0.305 0.016 0.032
1 0.864 0.291 0.016 0.029
1 0.923 0.308 0.021 0.037
1 0.967 0.308 0.022 0.045
1 0.882 0.313 0.02 0.026
1 0.961 0.258 0.011 0.02
1 0.994 0.233 0.009 0.015
1 0.833 0.264 0.009 0.018
1 0.767 0.269 0.013 0.026
1 0.726 0.245 0.01 0.016
1 0.685 0.255 0.009 0.019
1 0.468 0.208 0.005 0.009
1 0.478 0.209 0.005 0.009
1 0.493 0.21 0.004 0.007
1 0.501 0.204 0.004 0.009
1 0.494 0.202 0.004 0.006
1 0.513 0.201 0.004 0.007
1 0.514 0.229 0.005 0.01
1 0.544 0.206 0.003 0.006
1 0.414 0.236 0.005 0.009
