1 0.222 0.161 0.011 0.012
1 0.306 0.184 0.011 0.013
1 0.11 0.107 0.011 0.02
1 0.126 0.149 0.012 0.02
1 0.071 0.184 0.011 0.021
1 0.06 0.148 0.013 0.02
1 0.195 0.135 0.012 0.023
1 0.167 0.101 0.012 0.018
1 0.261 0.172 0.015 0.02
1 0.335 0.175 0.015 0.021
1 0.34 0.137 0.013 0.021
1 0.311 0.1 0.009 0.015
1 0.37 0.136 0.015 0.023
1 0.394 0.164 0.014 0.021
1 0.442 0.152 0.014 0.021
1 0.433 0.183 0.014 0.022
1 0.468 0.188 0.013 0.024
1 0.354 0.042 0.013 0.018
1 0.4 0.041 0.016 0.021
1 0.486 0.135 0.01 0.021
1 0.525 0.142 0.013 0.026
1 0.555 0.178 0.016 0.027
1 0.601 0.141 0.012 0.02
1 0.632 0.131 0.014 0.023
1 0.673 0.12 0.013 0.021
1 0.671 0.151 0.012 0.022
1 0.644 0.182 0.015 0.026
1 0.602 0.184 0.015 0.026
1 0.658 0.088 0.013 0.022
1 0.712 0.114 0.018 0.026
1 0.717 0.154 0.018 0.026
1 0.764 0.12 0.018 0.03
1 0.695 0.08 0.012 0.016
1 0.733 0.073 0.013 0.022
1 0.684 0.197 0.014 0.023
1 0.719 0.189 0.014 0.024
1 0.947 0.136 0.015 0.028
1 0.967 0.203 0.02 0.038
1 0.181 0.069 0.01 0.016
1 0.814 0.185 0.017 0.035
1 0.86 0.188 0.018 0.033
1 0.845 0.125 0.015 0.026
1 0.802 0.138 0.014 0.028
1 0.912 0.199 0.016 0.032
1 0.92 0.065 0.014 0.026
1 0.818 0.016 0.014 0.026
1 0.379 0.181 0.012 0.021
1 0.431 0.114 0.012 0.018
1 0.876 0.137 0.014 0.027
1 0.862 0.085 0.015 0.028
