1 0.085 0.048 0.023 0.061
1 0.133 0.041 0.028 0.054
1 0.249 0.031 0.031 0.045
1 0.386 0.022 0.025 0.04
1 0.416 0.025 0.021 0.04
1 0.454 0.039 0.014 0.04
1 0.524 0.03 0.014 0.038
1 0.538 0.02 0.02 0.04
1 0.557 0.014 0.013 0.028
1 0.597 0.016 0.02 0.03
1 0.629 0.025 0.021 0.047
1 0.673 0.042 0.021 0.056
1 0.703 0.034 0.021 0.043
1 0.739 0.046 0.023 0.05
1 0.774 0.016 0.018 0.026
1 0.792 0.058 0.021 0.047
1 0.815 0.055 0.024 0.057
1 0.833 0.036 0.016 0.043
1 0.863 0.019 0.021 0.038
1 0.862 0.068 0.022 0.052
1 0.89 0.04 0.024 0.056
1 0.927 0.046 0.025 0.054
1 0.954 0.056 0.021 0.05
1 0.979 0.037 0.026 0.057
1 0.954 0.01 0.018 0.021
