1 0.086 0.33 0.015 0.028
1 0.021 0.468 0.02 0.037
1 0.088 0.453 0.019 0.037
1 0.181 0.454 0.017 0.028
1 0.197 0.321 0.016 0.03
1 0.179 0.334 0.015 0.027
1 0.265 0.316 0.025 0.039
1 0.311 0.353 0.014 0.028
1 0.351 0.341 0.01 0.02
1 0.499 0.336 0.021 0.037
1 0.52 0.33 0.019 0.051
1 0.856 0.302 0.025 0.045
1 0.143 0.465 0.021 0.03
1 0.131 0.329 0.015 0.025
1 0.376 0.325 0.012 0.024
1 0.3 0.327 0.014 0.025
1 0.659 0.366 0.015 0.03
1 0.645 0.413 0.015 0.028
1 0.813 0.361 0.021 0.037
1 0.712 0.359 0.014 0.027
1 0.73 0.353 0.014 0.024
1 0.621 0.352 0.006 0.013
1 0.394 0.351 0.014 0.025
1 0.951 0.349 0.016 0.024
1 0.913 0.37 0.014 0.024
1 0.75 0.546 0.016 0.025
1 0.963 0.489 0.021 0.034
1 0.966 0.365 0.017 0.03
1 0.985 0.365 0.013 0.027
1 0.928 0.485 0.015 0.031
1 0.299 0.458 0.014 0.023
1 0.223 0.317 0.014 0.025
1 0.238 0.333 0.015 0.028
1 0.157 0.352 0.016 0.032
1 0.151 0.329 0.014 0.028
1 0.036 0.312 0.021 0.035
1 0.059 0.315 0.014 0.027
1 0.285 0.336 0.015 0.027
1 0.412 0.355 0.013 0.024
1 0.431 0.358 0.013 0.023
1 0.43 0.339 0.012 0.021
1 0.415 0.328 0.012 0.024
1 0.464 0.353 0.012 0.023
1 0.468 0.33 0.011 0.023
1 0.487 0.334 0.014 0.025
1 0.334 0.445 0.014 0.021
1 0.472 0.5 0.014 0.027
1 0.599 0.36 0.013 0.023
1 0.709 0.461 0.017 0.027
1 0.754 0.385 0.012 0.023
1 0.644 0.36 0.012 0.023
1 0.994 0.469 0.012 0.027
1 0.759 0.353 0.01 0.016
1 0.651 0.476 0.017 0.03
