1 0.085 0.162 0.028 0.081
1 0.111 0.171 0.028 0.055
1 0.155 0.151 0.038 0.078
1 0.376 0.204 0.031 0.055
1 0.461 0.17 0.033 0.055
1 0.503 0.192 0.039 0.069
1 0.557 0.216 0.029 0.048
1 0.625 0.18 0.032 0.064
1 0.672 0.29 0.033 0.04
1 0.716 0.132 0.026 0.055
1 0.737 0.153 0.031 0.064
1 0.768 0.156 0.036 0.063
1 0.803 0.152 0.028 0.058
1 0.817 0.179 0.025 0.058
1 0.871 0.2 0.036 0.061
1 0.959 0.173 0.026 0.058
1 0.982 0.165 0.031 0.055
1 0.927 0.232 0.029 0.06
1 0.987 0.257 0.022 0.057
1 0.858 0.348 0.031 0.052
1 0.389 0.192 0.026 0.054
