1 0.032 0.086 0.019 0.035
1 0.115 0.092 0.011 0.016
1 0.152 0.087 0.024 0.042
1 0.183 0.089 0.011 0.019
1 0.21 0.101 0.024 0.044
1 0.208 0.051 0.009 0.012
1 0.246 0.08 0.022 0.042
1 0.275 0.088 0.028 0.047
1 0.312 0.103 0.01 0.025
1 0.321 0.087 0.013 0.025
1 0.311 0.064 0.014 0.029
1 0.347 0.163 0.019 0.034
1 0.384 0.072 0.037 0.066
1 0.426 0.094 0.024 0.048
1 0.529 0.179 0.034 0.095
1 0.549 0.201 0.045 0.1
1 0.583 0.195 0.021 0.063
1 0.597 0.16 0.033 0.067
1 0.601 0.224 0.043 0.067
1 0.668 0.174 0.035 0.07
1 0.701 0.168 0.028 0.063
1 0.758 0.171 0.027 0.06
1 0.782 0.173 0.033 0.054
1 0.864 0.179 0.04 0.078
1 0.839 0.238 0.028 0.048
1 0.758 0.29 0.042 0.059
1 0.914 0.126 0.072 0.123
1 0.971 0.117 0.025 0.041
1 0.995 0.132 0.011 0.032
1 0.994 0.169 0.011 0.031
