1 0.22 0.527 0.022 0.036
1 0.295 0.497 0.02 0.036
1 0.262 0.488 0.018 0.029
1 0.138 0.525 0.018 0.038
1 0.165 0.489 0.014 0.025
1 0.121 0.505 0.02 0.035
1 0.191 0.493 0.019 0.04
1 0.23 0.501 0.015 0.022
1 0.246 0.488 0.013 0.021
1 0.282 0.503 0.016 0.031
1 0.308 0.48 0.014 0.025
1 0.322 0.47 0.014 0.023
1 0.346 0.48 0.014 0.025
1 0.363 0.476 0.011 0.022
1 0.217 0.473 0.018 0.029
1 0.201 0.463 0.013 0.02
1 0.225 0.475 0.009 0.016
1 0.228 0.456 0.008 0.017
1 0.224 0.452 0.013 0.017
1 0.175 0.486 0.009 0.022
1 0.157 0.484 0.011 0.022
1 0.141 0.48 0.015 0.025
1 0.111 0.48 0.02 0.034
1 0.081 0.496 0.013 0.023
1 0.093 0.48 0.007 0.013
1 0.075 0.471 0.008 0.018
1 0.087 0.452 0.011 0.022
1 0.078 0.434 0.008 0.013
1 0.117 0.464 0.017 0.03
1 0.142 0.464 0.012 0.01
1 0.133 0.458 0.007 0.009
1 0.129 0.478 0.008 0.016
1 0.162 0.456 0.013 0.012
1 0.174 0.451 0.012 0.014
1 0.186 0.453 0.008 0.013
1 0.199 0.44 0.007 0.008
1 0.142 0.436 0.006 0.01
1 0.216 0.439 0.008 0.013
1 0.226 0.441 0.01 0.009
1 0.225 0.432 0.01 0.01
1 0.231 0.424 0.007 0.013
1 0.252 0.438 0.01 0.018
1 0.239 0.441 0.006 0.007
1 0.246 0.458 0.006 0.008
1 0.187 0.423 0.009 0.009
1 0.162 0.43 0.01 0.012
1 0.154 0.434 0.006 0.01
1 0.146 0.447 0.006 0.009
1 0.118 0.434 0.012 0.012
1 0.076 0.457 0.005 0.01
1 0.106 0.429 0.011 0.014
1 0.128 0.422 0.008 0.013
1 0.134 0.423 0.009 0.014
1 0.208 0.5 0.016 0.021
1 0.207 0.484 0.011 0.013
1 0.101 0.443 0.006 0.009
1 0.132 0.409 0.008 0.01
1 0.146 0.405 0.005 0.008
1 0.157 0.416 0.007 0.009
1 0.165 0.424 0.01 0.009
1 0.181 0.417 0.009 0.013
1 0.192 0.404 0.006 0.012
1 0.208 0.41 0.007 0.009
1 0.216 0.415 0.007 0.009
1 0.211 0.424 0.005 0.008
1 0.231 0.415 0.008 0.009
1 0.237 0.411 0.005 0.007
1 0.251 0.414 0.008 0.013
1 0.2 0.43 0.009 0.009
1 0.177 0.435 0.006 0.008
1 0.154 0.394 0.003 0.004
1 0.158 0.396 0.003 0.004
1 0.14 0.406 0.006 0.009
1 0.13 0.438 0.005 0.007
1 0.089 0.408 0.005 0.005
1 0.103 0.404 0.006 0.004
1 0.096 0.395 0.003 0.004
1 0.101 0.389 0.007 0.008
1 0.09 0.394 0.005 0.007
1 0.075 0.411 0.005 0.007
1 0.115 0.391 0.007 0.009
1 0.126 0.389 0.004 0.005
1 0.169 0.413 0.004 0.007
1 0.158 0.408 0.004 0.007
1 0.163 0.408 0.004 0.007
1 0.176 0.383 0.003 0.005
1 0.087 0.376 0.004 0.007
1 0.081 0.375 0.003 0.005
1 0.107 0.393 0.004 0.005
1 0.11 0.407 0.003 0.004
1 0.105 0.383 0.003 0.004
1 0.083 0.404 0.003 0.005
1 0.075 0.388 0.002 0.003
1 0.142 0.384 0.003 0.005
1 0.152 0.38 0.003 0.004
1 0.128 0.38 0.003 0.004
1 0.135 0.376 0.003 0.004
1 0.125 0.404 0.003 0.004
1 0.134 0.399 0.004 0.004
1 0.121 0.402 0.004 0.004
1 0.12 0.381 0.003 0.004
1 0.111 0.378 0.003 0.004
1 0.096 0.383 0.002 0.004
1 0.138 0.393 0.003 0.004
1 0.152 0.384 0.003 0.003
1 0.075 0.397 0.004 0.005
1 0.157 0.382 0.003 0.005
1 0.116 0.424 0.005 0.005
1 0.165 0.384 0.005 0.005
1 0.167 0.378 0.004 0.005
1 0.181 0.377 0.003 0.004
1 0.274 0.454 0.014 0.021
1 0.284 0.445 0.005 0.008
1 0.296 0.458 0.014 0.021
1 0.279 0.475 0.011 0.016
1 0.264 0.434 0.008 0.013
1 0.313 0.436 0.013 0.018
1 0.303 0.431 0.01 0.013
1 0.295 0.412 0.01 0.014
1 0.286 0.409 0.009 0.013
1 0.284 0.421 0.01 0.012
1 0.266 0.389 0.009 0.013
1 0.278 0.39 0.008 0.009
1 0.264 0.41 0.012 0.013
1 0.271 0.438 0.008 0.01
1 0.274 0.417 0.006 0.009
1 0.257 0.46 0.012 0.009
1 0.232 0.404 0.005 0.008
1 0.259 0.385 0.007 0.012
1 0.291 0.38 0.008 0.01
1 0.314 0.407 0.009 0.014
1 0.315 0.385 0.007 0.012
1 0.339 0.386 0.008 0.014
1 0.327 0.385 0.006 0.007
1 0.246 0.396 0.004 0.005
1 0.24 0.397 0.004 0.008
1 0.224 0.404 0.005 0.008
1 0.227 0.39 0.003 0.004
1 0.221 0.39 0.003 0.007
1 0.217 0.39 0.003 0.007
1 0.197 0.374 0.004 0.007
1 0.208 0.38 0.005 0.007
1 0.217 0.382 0.004 0.007
1 0.224 0.38 0.005 0.008
1 0.229 0.382 0.004 0.007
1 0.199 0.384 0.004 0.005
1 0.204 0.388 0.004 0.008
1 0.212 0.389 0.006 0.009
1 0.176 0.4 0.006 0.009
1 0.172 0.386 0.004 0.007
1 0.189 0.384 0.005 0.005
1 0.19 0.377 0.003 0.004
1 0.246 0.38 0.004 0.005
1 0.206 0.4 0.004 0.004
1 0.285 0.381 0.003 0.007
1 0.237 0.381 0.003 0.004
1 0.268 0.374 0.004 0.004
1 0.272 0.382 0.003 0.005
1 0.3 0.388 0.005 0.008
1 0.307 0.387 0.004 0.009
1 0.301 0.377 0.005 0.004
1 0.323 0.417 0.006 0.009
1 0.331 0.413 0.007 0.009
1 0.338 0.421 0.008 0.009
1 0.334 0.452 0.012 0.016
1 0.252 0.396 0.004 0.007
1 0.33 0.37 0.002 0.004
1 0.232 0.373 0.003 0.004
1 0.351 0.378 0.004 0.004
1 0.359 0.376 0.003 0.003
1 0.343 0.386 0.005 0.009
1 0.368 0.383 0.01 0.018
1 0.391 0.373 0.006 0.009
1 0.398 0.373 0.006 0.009
1 0.395 0.348 0.004 0.005
1 0.404 0.351 0.003 0.004
1 0.414 0.353 0.005 0.01
1 0.42 0.373 0.01 0.017
1 0.445 0.374 0.01 0.016
1 0.382 0.387 0.006 0.007
1 0.384 0.383 0.005 0.008
1 0.405 0.375 0.004 0.005
1 0.411 0.376 0.005 0.008
1 0.425 0.359 0.002 0.003
1 0.436 0.373 0.004 0.007
1 0.427 0.38 0.007 0.009
1 0.438 0.382 0.003 0.004
1 0.456 0.381 0.009 0.014
1 0.393 0.389 0.009 0.017
1 0.405 0.387 0.009 0.009
1 0.465 0.389 0.006 0.012
1 0.381 0.423 0.012 0.013
1 0.352 0.4 0.006 0.012
1 0.354 0.383 0.003 0.004
1 0.386 0.364 0.002 0.004
1 0.436 0.361 0.003 0.005
1 0.443 0.363 0.006 0.007
1 0.44 0.348 0.004 0.005
1 0.447 0.35 0.004 0.008
1 0.469 0.368 0.003 0.004
1 0.477 0.372 0.004 0.005
1 0.486 0.413 0.009 0.016
1 0.476 0.421 0.009 0.013
1 0.471 0.443 0.012 0.013
1 0.432 0.454 0.017 0.023
1 0.418 0.428 0.01 0.01
1 0.444 0.443 0.011 0.014
1 0.42 0.445 0.01 0.017
1 0.411 0.451 0.014 0.016
1 0.405 0.429 0.012 0.012
1 0.399 0.442 0.011 0.022
1 0.387 0.443 0.012 0.018
1 0.374 0.452 0.013 0.017
1 0.368 0.436 0.012 0.013
1 0.486 0.367 0.002 0.004
1 0.49 0.375 0.003 0.005
1 0.502 0.377 0.004 0.007
1 0.51 0.377 0.004 0.007
1 0.516 0.382 0.004 0.007
1 0.519 0.378 0.004 0.005
1 0.519 0.372 0.003 0.004
1 0.522 0.377 0.003 0.007
1 0.499 0.378 0.003 0.007
1 0.496 0.387 0.005 0.007
1 0.504 0.381 0.003 0.007
1 0.496 0.367 0.006 0.004
1 0.464 0.373 0.005 0.009
1 0.509 0.41 0.011 0.016
1 0.518 0.394 0.009 0.014
1 0.538 0.368 0.003 0.004
1 0.545 0.396 0.007 0.018
1 0.536 0.38 0.005 0.007
1 0.528 0.395 0.005 0.008
1 0.537 0.394 0.005 0.007
1 0.497 0.413 0.006 0.009
1 0.52 0.416 0.008 0.012
1 0.527 0.408 0.004 0.005
1 0.536 0.412 0.007 0.009
1 0.553 0.4 0.008 0.014
1 0.543 0.42 0.009 0.012
1 0.559 0.409 0.009 0.013
1 0.567 0.38 0.004 0.005
1 0.549 0.367 0.003 0.003
1 0.568 0.37 0.003 0.005
1 0.575 0.368 0.004 0.005
1 0.603 0.39 0.006 0.007
1 0.583 0.383 0.004 0.007
1 0.59 0.379 0.003 0.005
1 0.591 0.367 0.003 0.004
1 0.564 0.396 0.006 0.009
1 0.609 0.382 0.004 0.007
1 0.62 0.378 0.005 0.008
1 0.617 0.372 0.003 0.005
1 0.611 0.368 0.003 0.004
1 0.605 0.411 0.01 0.009
1 0.592 0.406 0.008 0.012
1 0.587 0.394 0.006 0.009
1 0.597 0.382 0.004 0.007
1 0.572 0.381 0.005 0.007
1 0.605 0.436 0.01 0.02
1 0.591 0.423 0.01 0.016
1 0.577 0.408 0.008 0.016
1 0.574 0.39 0.006 0.007
1 0.569 0.424 0.01 0.008
1 0.57 0.395 0.005 0.009
1 0.56 0.378 0.003 0.005
1 0.556 0.44 0.014 0.018
1 0.571 0.416 0.012 0.012
1 0.62 0.389 0.006 0.008
1 0.615 0.408 0.007 0.013
1 0.616 0.393 0.005 0.005
1 0.61 0.378 0.005 0.007
1 0.524 0.435 0.009 0.016
1 0.529 0.419 0.011 0.016
1 0.536 0.402 0.005 0.005
1 0.547 0.383 0.002 0.003
1 0.638 0.367 0.005 0.008
1 0.648 0.368 0.004 0.007
1 0.657 0.369 0.003 0.004
1 0.664 0.368 0.003 0.005
1 0.647 0.383 0.005 0.005
1 0.65 0.391 0.006 0.009
1 0.667 0.387 0.006 0.008
1 0.684 0.372 0.004 0.005
1 0.633 0.369 0.003 0.004
1 0.693 0.373 0.002 0.004
1 0.698 0.374 0.004 0.007
1 0.705 0.373 0.004 0.007
1 0.714 0.372 0.004 0.007
1 0.72 0.368 0.004 0.008
1 0.688 0.365 0.003 0.005
1 0.67 0.372 0.003 0.004
1 0.737 0.375 0.003 0.005
1 0.742 0.369 0.003 0.007
1 0.752 0.37 0.004 0.007
1 0.76 0.365 0.004 0.005
1 0.739 0.384 0.004 0.005
1 0.731 0.386 0.005 0.007
1 0.706 0.387 0.005 0.005
1 0.709 0.393 0.006 0.008
1 0.691 0.389 0.005 0.007
1 0.694 0.395 0.006 0.009
1 0.684 0.391 0.005 0.01
1 0.676 0.406 0.005 0.007
1 0.676 0.389 0.006 0.008
1 0.714 0.405 0.009 0.013
1 0.719 0.404 0.006 0.012
1 0.716 0.396 0.005 0.007
1 0.728 0.404 0.009 0.01
1 0.737 0.397 0.006 0.01
1 0.74 0.391 0.006 0.009
1 0.749 0.394 0.007 0.009
1 0.754 0.405 0.005 0.008
1 0.758 0.402 0.005 0.012
1 0.761 0.376 0.005 0.005
1 0.77 0.382 0.007 0.01
1 0.781 0.379 0.005 0.008
1 0.776 0.399 0.007 0.007
1 0.772 0.373 0.003 0.004
1 0.786 0.391 0.005 0.007
1 0.786 0.408 0.01 0.014
1 0.767 0.427 0.009 0.016
1 0.744 0.425 0.014 0.017
1 0.752 0.421 0.009 0.021
1 0.723 0.432 0.016 0.018
1 0.706 0.419 0.005 0.008
1 0.713 0.431 0.006 0.016
1 0.666 0.413 0.011 0.017
1 0.657 0.412 0.009 0.014
1 0.663 0.397 0.007 0.008
1 0.66 0.389 0.005 0.005
1 0.64 0.408 0.008 0.009
1 0.645 0.417 0.01 0.01
1 0.623 0.452 0.016 0.022
1 0.638 0.396 0.009 0.01
1 0.663 0.38 0.003 0.004
1 0.746 0.456 0.015 0.026
1 0.733 0.473 0.016 0.029
1 0.701 0.448 0.011 0.021
1 0.697 0.426 0.011 0.017
1 0.68 0.419 0.007 0.008
1 0.679 0.429 0.006 0.007
1 0.687 0.452 0.017 0.029
1 0.674 0.451 0.009 0.016
1 0.668 0.438 0.009 0.016
1 0.658 0.425 0.008 0.009
1 0.657 0.444 0.01 0.018
1 0.644 0.438 0.008 0.016
1 0.635 0.45 0.013 0.027
1 0.626 0.401 0.003 0.005
1 0.629 0.428 0.016 0.014
1 0.721 0.376 0.004 0.005
1 0.673 0.37 0.003 0.004
1 0.709 0.366 0.004 0.005
1 0.717 0.391 0.005 0.005
1 0.756 0.379 0.004 0.005
1 0.77 0.393 0.006 0.01
1 0.771 0.469 0.018 0.033
1 0.78 0.426 0.012 0.022
1 0.796 0.443 0.014 0.023
1 0.787 0.441 0.01 0.017
1 0.826 0.455 0.012 0.014
1 0.822 0.435 0.013 0.016
1 0.815 0.416 0.014 0.017
1 0.841 0.425 0.012 0.02
1 0.851 0.414 0.007 0.013
1 0.859 0.419 0.007 0.012
1 0.868 0.425 0.011 0.017
1 0.883 0.436 0.017 0.025
1 0.874 0.405 0.011 0.016
1 0.829 0.408 0.007 0.012
1 0.801 0.41 0.01 0.013
1 0.809 0.395 0.006 0.009
1 0.821 0.391 0.003 0.009
1 0.792 0.375 0.004 0.008
1 0.796 0.367 0.003 0.004
1 0.802 0.368 0.002 0.004
1 0.793 0.389 0.004 0.004
1 0.801 0.395 0.008 0.009
1 0.817 0.37 0.005 0.007
1 0.822 0.368 0.004 0.007
1 0.819 0.385 0.004 0.005
1 0.825 0.379 0.005 0.008
1 0.835 0.37 0.004 0.007
1 0.845 0.365 0.003 0.008
1 0.858 0.387 0.003 0.005
1 0.867 0.382 0.003 0.005
1 0.878 0.383 0.005 0.005
1 0.866 0.394 0.009 0.014
1 0.839 0.395 0.006 0.01
1 0.882 0.397 0.004 0.003
1 0.896 0.395 0.008 0.014
1 0.902 0.408 0.01 0.01
1 0.914 0.405 0.007 0.016
1 0.9 0.396 0.006 0.009
1 0.927 0.427 0.012 0.018
1 0.904 0.423 0.008 0.01
1 0.91 0.437 0.01 0.014
1 0.891 0.417 0.011 0.013
1 0.897 0.442 0.013 0.027
1 0.913 0.46 0.017 0.02
1 0.878 0.365 0.003 0.004
1 0.886 0.375 0.003 0.003
1 0.876 0.392 0.003 0.005
1 0.844 0.396 0.003 0.003
1 0.847 0.402 0.006 0.008
1 0.848 0.396 0.003 0.003
1 0.915 0.357 0.003 0.004
1 0.939 0.397 0.008 0.016
1 0.937 0.385 0.006 0.009
1 0.935 0.369 0.003 0.004
1 0.948 0.398 0.006 0.01
1 0.935 0.475 0.019 0.031
1 0.861 0.374 0.002 0.003
1 0.964 0.362 0.003 0.005
1 0.968 0.394 0.005 0.009
1 0.957 0.37 0.003 0.004
1 0.955 0.36 0.005 0.007
1 0.971 0.372 0.004 0.007
1 0.967 0.376 0.004 0.005
1 0.938 0.431 0.008 0.01
1 0.926 0.387 0.003 0.008
1 0.911 0.378 0.007 0.009
1 0.914 0.387 0.006 0.008
1 0.917 0.368 0.005 0.005
1 0.965 0.407 0.003 0.004
1 0.94 0.413 0.008 0.013
1 0.964 0.467 0.022 0.039
1 0.954 0.428 0.015 0.022
1 0.957 0.452 0.017 0.027
1 0.974 0.425 0.007 0.017
1 0.974 0.408 0.005 0.013
1 0.915 0.488 0.02 0.035
1 0.843 0.471 0.02 0.035
1 0.828 0.486 0.023 0.039
1 0.793 0.408 0.004 0.008
1 0.662 0.485 0.02 0.038
1 0.666 0.451 0.006 0.008
1 0.578 0.48 0.02 0.04
1 0.593 0.471 0.011 0.02
1 0.6 0.462 0.011 0.017
1 0.574 0.449 0.015 0.016
1 0.542 0.437 0.011 0.014
1 0.542 0.452 0.012 0.014
1 0.557 0.471 0.014 0.025
1 0.534 0.476 0.015 0.02
1 0.53 0.443 0.007 0.017
1 0.52 0.462 0.016 0.026
1 0.495 0.465 0.014 0.023
1 0.506 0.453 0.009 0.018
1 0.503 0.503 0.023 0.038
1 0.505 0.473 0.01 0.013
1 0.475 0.485 0.016 0.022
1 0.464 0.463 0.013 0.017
1 0.483 0.449 0.01 0.013
1 0.489 0.433 0.01 0.012
1 0.503 0.432 0.011 0.016
1 0.513 0.429 0.008 0.012
1 0.498 0.406 0.007 0.008
1 0.443 0.463 0.012 0.014
1 0.455 0.415 0.01 0.014
1 0.469 0.375 0.005 0.005
1 0.469 0.384 0.005 0.01
1 0.481 0.372 0.003 0.004
1 0.481 0.385 0.004 0.005
1 0.485 0.388 0.003 0.005
1 0.481 0.395 0.008 0.01
1 0.521 0.383 0.006 0.007
1 0.498 0.397 0.004 0.005
1 0.463 0.396 0.004 0.009
1 0.426 0.514 0.02 0.038
1 0.285 0.439 0.005 0.008
1 0.354 0.44 0.015 0.016
1 0.389 0.479 0.015 0.022
1 0.44 0.421 0.009 0.012
1 0.394 0.431 0.009 0.01
1 0.324 0.43 0.006 0.01
1 0.328 0.428 0.006 0.009
1 0.414 0.204 0.004 0.004
1 0.402 0.215 0.004 0.005
1 0.483 0.204 0.005 0.007
1 0.466 0.212 0.003 0.005
1 0.492 0.204 0.003 0.005
1 0.499 0.199 0.003 0.005
1 0.509 0.204 0.003 0.005
1 0.558 0.199 0.003 0.005
1 0.564 0.204 0.003 0.005
1 0.582 0.205 0.004 0.007
1 0.622 0.206 0.004 0.005
1 0.75 0.495 0.021 0.035
