1 0.035 0.406 0.02 0.038
1 0.075 0.396 0.021 0.031
1 0.108 0.403 0.02 0.031
1 0.147 0.388 0.02 0.029
1 0.172 0.38 0.028 0.057
1 0.213 0.405 0.016 0.034
1 0.243 0.378 0.021 0.037
1 0.008 0.378 0.008 0.018
1 0.264 0.395 0.015 0.025
1 0.283 0.396 0.021 0.04
1 0.331 0.397 0.016 0.035
1 0.351 0.388 0.021 0.041
1 0.473 0.389 0.022 0.048
1 0.505 0.395 0.02 0.037
1 0.529 0.397 0.021 0.041
1 0.491 0.393 0.012 0.034
1 0.552 0.411 0.015 0.028
1 0.574 0.396 0.015 0.025
1 0.577 0.378 0.013 0.02
1 0.604 0.373 0.023 0.047
1 0.629 0.4 0.021 0.038
1 0.652 0.385 0.019 0.032
1 0.664 0.399 0.019 0.04
1 0.715 0.416 0.016 0.029
1 0.728 0.408 0.014 0.029
1 0.776 0.389 0.015 0.031
1 0.806 0.398 0.015 0.031
1 0.82 0.401 0.016 0.029
1 0.846 0.399 0.016 0.028
