1 0.844 0.658 0.089 0.154
1 0.841 0.471 0.059 0.091
1 0.959 0.483 0.063 0.099
1 0.986 0.57 0.027 0.113
1 0.944 0.442 0.04 0.084
1 0.888 0.443 0.016 0.043
1 0.749 0.463 0.045 0.076
1 0.683 0.497 0.062 0.091
1 0.574 0.578 0.07 0.109
1 0.425 0.69 0.088 0.141
1 0.298 0.374 0.069 0.118
1 0.382 0.388 0.023 0.04
1 0.035 0.57 0.044 0.081
1 0.131 0.56 0.047 0.074
1 0.228 0.398 0.018 0.031
1 0.195 0.417 0.018 0.028
1 0.077 0.456 0.024 0.038
1 0.091 0.441 0.014 0.026
1 0.107 0.456 0.019 0.035
1 0.034 0.445 0.021 0.031
1 0.131 0.449 0.017 0.032
1 0.328 0.421 0.029 0.047
1 0.076 0.414 0.016 0.028
