1 0.15 0.431 0.02 0.05
1 0.156 0.387 0.021 0.033
1 0.188 0.447 0.024 0.065
1 0.228 0.447 0.016 0.048
1 0.218 0.46 0.017 0.05
1 0.273 0.429 0.02 0.059
1 0.309 0.456 0.011 0.029
1 0.329 0.493 0.016 0.031
1 0.341 0.451 0.019 0.052
1 0.453 0.465 0.021 0.052
1 0.473 0.487 0.015 0.033
1 0.488 0.492 0.012 0.038
1 0.502 0.496 0.018 0.059
1 0.524 0.496 0.018 0.042
1 0.527 0.525 0.013 0.046
1 0.578 0.539 0.013 0.044
1 0.626 0.507 0.009 0.019
1 0.639 0.498 0.011 0.025
1 0.632 0.532 0.015 0.036
1 0.643 0.518 0.012 0.048
1 0.628 0.543 0.011 0.031
1 0.675 0.581 0.012 0.04
1 0.673 0.539 0.012 0.023
1 0.693 0.519 0.014 0.05
1 0.734 0.578 0.017 0.044
1 0.745 0.536 0.011 0.033
1 0.68 0.554 0.012 0.033
1 0.737 0.471 0.007 0.021
1 0.781 0.555 0.012 0.023
1 0.8 0.562 0.011 0.027
1 0.77 0.542 0.009 0.017
1 0.755 0.457 0.008 0.019
1 0.754 0.48 0.009 0.023
1 0.727 0.538 0.009 0.021
1 0.734 0.521 0.008 0.021
1 0.888 0.554 0.007 0.017
1 0.886 0.509 0.009 0.019
1 0.921 0.543 0.009 0.023
1 0.895 0.469 0.008 0.025
1 0.907 0.476 0.007 0.019
1 0.971 0.521 0.011 0.021
1 0.966 0.499 0.009 0.019
1 0.978 0.462 0.009 0.021
1 0.995 0.484 0.007 0.027
1 0.931 0.465 0.009 0.019
1 0.95 0.472 0.008 0.019
1 0.941 0.52 0.008 0.019
1 0.929 0.491 0.006 0.015
1 0.935 0.584 0.006 0.021
1 0.891 0.521 0.008 0.025
1 0.898 0.498 0.007 0.017
1 0.899 0.521 0.007 0.017
1 0.896 0.542 0.008 0.025
1 0.921 0.492 0.006 0.017
1 0.913 0.503 0.007 0.01
1 0.907 0.528 0.006 0.015
1 0.723 0.413 0.009 0.015
1 0.741 0.415 0.009 0.019
1 0.7 0.384 0.007 0.015
1 0.68 0.384 0.008 0.015
1 0.65 0.471 0.008 0.017
1 0.672 0.428 0.008 0.019
1 0.643 0.384 0.007 0.015
1 0.672 0.474 0.007 0.015
1 0.639 0.446 0.008 0.017
1 0.658 0.425 0.007 0.025
1 0.634 0.38 0.007 0.01
1 0.622 0.46 0.01 0.025
1 0.602 0.467 0.008 0.021
1 0.627 0.381 0.006 0.013
1 0.602 0.356 0.008 0.017
1 0.582 0.36 0.008 0.017
1 0.575 0.415 0.008 0.019
1 0.552 0.366 0.005 0.013
1 0.554 0.41 0.011 0.017
1 0.516 0.332 0.007 0.015
1 0.53 0.303 0.006 0.013
1 0.495 0.327 0.005 0.015
1 0.503 0.429 0.008 0.017
1 0.467 0.313 0.007 0.019
1 0.479 0.315 0.006 0.019
1 0.448 0.296 0.007 0.015
1 0.441 0.288 0.005 0.015
1 0.436 0.286 0.006 0.01
1 0.432 0.321 0.005 0.015
1 0.494 0.294 0.005 0.01
1 0.412 0.273 0.005 0.01
1 0.388 0.281 0.009 0.019
1 0.406 0.308 0.009 0.017
1 0.386 0.247 0.006 0.021
1 0.403 0.265 0.007 0.019
1 0.349 0.275 0.008 0.019
1 0.366 0.312 0.008 0.021
1 0.403 0.377 0.007 0.017
1 0.347 0.237 0.007 0.015
1 0.363 0.233 0.007 0.01
1 0.339 0.234 0.008 0.021
1 0.32 0.189 0.008 0.019
1 0.304 0.201 0.007 0.017
1 0.313 0.196 0.007 0.019
1 0.293 0.223 0.007 0.015
1 0.288 0.181 0.007 0.01
1 0.274 0.166 0.01 0.019
1 0.263 0.221 0.008 0.019
1 0.256 0.173 0.007 0.015
1 0.236 0.183 0.008 0.019
1 0.248 0.207 0.006 0.017
1 0.224 0.157 0.008 0.017
1 0.205 0.159 0.007 0.021
1 0.193 0.153 0.007 0.013
1 0.173 0.152 0.007 0.01
1 0.169 0.195 0.007 0.017
1 0.176 0.175 0.008 0.015
1 0.183 0.172 0.007 0.013
1 0.178 0.197 0.007 0.021
1 0.138 0.143 0.005 0.019
1 0.15 0.167 0.007 0.013
1 0.263 0.245 0.009 0.017
1 0.833 0.35 0.028 0.09
