1 0.119 0.054 0.022 0.035
1 0.105 0.187 0.081 0.192
1 0.168 0.214 0.028 0.06
1 0.245 0.128 0.027 0.054
1 0.186 0.18 0.025 0.05
1 0.191 0.313 0.027 0.048
1 0.316 0.303 0.033 0.059
1 0.315 0.27 0.085 0.16
1 0.428 0.293 0.035 0.064
1 0.144 0.313 0.029 0.047
1 0.118 0.411 0.033 0.066
1 0.131 0.371 0.024 0.037
1 0.083 0.477 0.038 0.07
1 0.259 0.37 0.021 0.041
1 0.292 0.461 0.028 0.061
1 0.185 0.491 0.035 0.066
1 0.225 0.545 0.039 0.07
1 0.053 0.548 0.035 0.064
1 0.266 0.638 0.042 0.067
1 0.085 0.665 0.039 0.067
1 0.023 0.851 0.037 0.083
1 0.032 0.922 0.044 0.092
1 0.778 0.254 0.026 0.063
1 0.852 0.178 0.027 0.051
1 0.39 0.138 0.02 0.037
1 0.485 0.071 0.027 0.045
1 0.441 0.149 0.023 0.051
1 0.282 0.981 0.041 0.038
1 0.426 0.403 0.033 0.066
1 0.556 0.496 0.031 0.054
1 0.6 0.428 0.023 0.059
1 0.6 0.362 0.034 0.061
1 0.711 0.496 0.028 0.053
1 0.454 0.102 0.019 0.029
1 0.603 0.061 0.026 0.042
1 0.657 0.261 0.032 0.064
1 0.637 0.196 0.029 0.056
1 0.546 0.571 0.039 0.067
1 0.598 0.637 0.038 0.079
1 0.691 0.556 0.038 0.075
1 0.75 0.635 0.038 0.075
1 0.748 0.824 0.046 0.083
1 0.95 0.217 0.032 0.064
1 0.918 0.367 0.04 0.081
1 0.91 0.603 0.044 0.076
1 0.861 0.39 0.032 0.072
1 0.734 0.339 0.037 0.06
1 0.993 0.389 0.015 0.07
1 0.686 0.031 0.021 0.031
1 0.704 0.061 0.027 0.041
1 0.761 0.085 0.021 0.047
1 0.157 0.962 0.053 0.076
1 0.99 0.721 0.02 0.089
1 0.362 0.418 0.038 0.06
1 0.388 0.494 0.032 0.054
1 0.793 0.05 0.041 0.1
1 0.423 0.633 0.038 0.082
1 0.554 0.764 0.044 0.079
1 0.73 0.161 0.034 0.053
1 0.696 0.239 0.023 0.044
1 0.677 0.118 0.027 0.057
1 0.553 0.116 0.03 0.05
1 0.509 0.218 0.03 0.053
1 0.467 0.218 0.027 0.053
1 0.536 0.302 0.033 0.07
1 0.418 0.289 0.028 0.06
1 0.843 0.382 0.035 0.067
1 0.874 0.351 0.031 0.06
1 0.98 0.355 0.03 0.06
1 0.386 0.578 0.038 0.072
1 0.775 0.807 0.046 0.088
1 0.013 0.484 0.025 0.051
1 0.901 0.077 0.03 0.06
1 0.959 0.109 0.023 0.045
1 0.409 0.102 0.023 0.042
1 0.33 0.892 0.037 0.094
