1 0.109 0.167 0.046 0.093
1 0.181 0.104 0.045 0.093
1 0.191 0.339 0.052 0.099
1 0.273 0.218 0.045 0.082
1 0.295 0.346 0.049 0.095
1 0.325 0.197 0.038 0.079
1 0.366 0.18 0.036 0.07
1 0.401 0.28 0.038 0.081
1 0.44 0.37 0.048 0.093
1 0.422 0.158 0.033 0.066
1 0.481 0.21 0.038 0.078
1 0.493 0.12 0.029 0.052
1 0.521 0.434 0.049 0.091
1 0.556 0.191 0.04 0.067
1 0.614 0.104 0.032 0.066
1 0.646 0.185 0.039 0.072
1 0.617 0.415 0.049 0.099
1 0.694 0.174 0.041 0.079
1 0.746 0.223 0.048 0.084
1 0.816 0.205 0.047 0.087
1 0.871 0.213 0.047 0.081
