1 0.061 0.271 0.025 0.054
1 0.013 0.399 0.025 0.037
1 0.122 0.331 0.013 0.015
1 0.262 0.266 0.043 0.042
1 0.178 0.272 0.016 0.02
1 0.282 0.318 0.032 0.025
1 0.348 0.363 0.017 0.021
1 0.466 0.283 0.013 0.019
1 0.474 0.35 0.012 0.016
1 0.567 0.333 0.024 0.023
1 0.592 0.29 0.017 0.021
1 0.635 0.301 0.011 0.012
1 0.771 0.269 0.021 0.023
1 0.774 0.288 0.013 0.012
1 0.894 0.28 0.015 0.018
1 0.911 0.325 0.006 0.011
1 0.97 0.283 0.014 0.015
1 0.986 0.288 0.01 0.01
1 0.482 0.387 0.023 0.02
1 0.516 0.363 0.016 0.023
1 0.057 0.372 0.019 0.026
