1 0.084 0.439 0.007 0.013
1 0.092 0.454 0.005 0.013
1 0.126 0.402 0.006 0.009
1 0.118 0.413 0.006 0.01
1 0.145 0.398 0.005 0.009
1 0.166 0.4 0.004 0.013
1 0.151 0.413 0.005 0.01
1 0.118 0.437 0.006 0.012
1 0.101 0.442 0.006 0.01
1 0.107 0.457 0.007 0.01
1 0.097 0.468 0.006 0.012
1 0.294 0.523 0.01 0.031
1 0.101 0.503 0.006 0.012
1 0.089 0.527 0.007 0.013
1 0.094 0.55 0.008 0.012
1 0.101 0.578 0.007 0.01
1 0.127 0.575 0.006 0.012
1 0.117 0.548 0.007 0.013
1 0.109 0.525 0.007 0.012
1 0.075 0.551 0.007 0.012
1 0.203 0.518 0.015 0.034
1 0.188 0.535 0.012 0.032
1 0.256 0.522 0.014 0.035
1 0.046 0.395 0.005 0.01
1 0.063 0.398 0.004 0.009
1 0.065 0.414 0.005 0.01
1 0.057 0.426 0.006 0.01
1 0.055 0.438 0.007 0.01
1 0.045 0.45 0.006 0.012
1 0.05 0.471 0.006 0.01
1 0.05 0.487 0.007 0.012
1 0.052 0.505 0.007 0.013
1 0.054 0.525 0.006 0.012
1 0.058 0.553 0.007 0.013
1 0.043 0.578 0.008 0.016
1 0.22 0.284 0.018 0.035
1 0.318 0.218 0.016 0.032
1 0.426 0.336 0.013 0.025
1 0.512 0.242 0.015 0.031
1 0.591 0.363 0.011 0.026
1 0.667 0.293 0.011 0.025
1 0.692 0.371 0.01 0.022
1 0.39 0.529 0.012 0.025
1 0.461 0.534 0.009 0.022
1 0.49 0.507 0.01 0.015
1 0.521 0.504 0.013 0.018
1 0.136 0.491 0.005 0.012
1 0.133 0.452 0.005 0.009
1 0.144 0.466 0.005 0.009
1 0.162 0.501 0.005 0.012
1 0.149 0.528 0.005 0.012
1 0.08 0.398 0.004 0.009
1 0.079 0.428 0.007 0.01
1 0.095 0.414 0.004 0.012
1 0.099 0.398 0.005 0.01
1 0.065 0.458 0.008 0.015
1 0.071 0.471 0.007 0.01
1 0.08 0.485 0.007 0.012
1 0.124 0.477 0.007 0.009
1 0.136 0.43 0.005 0.009
1 0.127 0.528 0.008 0.015
1 0.125 0.512 0.007 0.012
1 0.13 0.546 0.005 0.01
1 0.164 0.521 0.006 0.01
1 0.172 0.444 0.006 0.012
1 0.156 0.459 0.006 0.009
1 0.169 0.473 0.006 0.01
1 0.153 0.487 0.007 0.009
1 0.175 0.488 0.006 0.012
1 0.22 0.489 0.006 0.01
1 0.223 0.474 0.006 0.012
1 0.205 0.491 0.006 0.009
1 0.218 0.457 0.006 0.01
1 0.218 0.526 0.005 0.009
1 0.234 0.523 0.005 0.013
1 0.258 0.476 0.006 0.01
1 0.273 0.475 0.005 0.009
1 0.252 0.459 0.005 0.012
1 0.273 0.451 0.005 0.01
1 0.18 0.404 0.006 0.01
1 0.18 0.428 0.005 0.01
1 0.188 0.475 0.005 0.009
1 0.25 0.434 0.005 0.009
1 0.259 0.434 0.004 0.009
1 0.245 0.406 0.004 0.009
1 0.277 0.41 0.003 0.007
1 0.293 0.412 0.004 0.009
1 0.319 0.412 0.004 0.007
1 0.288 0.428 0.004 0.006
1 0.28 0.448 0.004 0.007
1 0.291 0.44 0.004 0.009
1 0.314 0.425 0.004 0.007
1 0.338 0.416 0.004 0.007
1 0.351 0.416 0.004 0.007
1 0.35 0.427 0.007 0.009
1 0.371 0.436 0.005 0.01
1 0.355 0.438 0.004 0.01
1 0.362 0.447 0.005 0.009
1 0.38 0.448 0.005 0.007
1 0.345 0.458 0.004 0.01
1 0.334 0.425 0.004 0.006
1 0.334 0.437 0.004 0.009
1 0.365 0.461 0.005 0.01
1 0.379 0.458 0.005 0.007
1 0.395 0.461 0.004 0.009
1 0.363 0.428 0.004 0.009
1 0.347 0.494 0.005 0.009
1 0.359 0.491 0.006 0.009
1 0.378 0.502 0.005 0.01
1 0.384 0.488 0.004 0.006
1 0.394 0.489 0.005 0.007
1 0.411 0.51 0.004 0.007
1 0.392 0.502 0.005 0.007
1 0.406 0.518 0.004 0.01
1 0.306 0.444 0.006 0.013
1 0.316 0.45 0.005 0.01
1 0.325 0.447 0.004 0.007
1 0.334 0.464 0.003 0.007
1 0.354 0.477 0.004 0.013
1 0.337 0.474 0.004 0.009
1 0.367 0.477 0.004 0.009
1 0.384 0.473 0.004 0.007
1 0.401 0.474 0.004 0.007
1 0.418 0.492 0.005 0.01
1 0.421 0.507 0.004 0.006
1 0.42 0.537 0.005 0.012
1 0.425 0.53 0.004 0.01
1 0.41 0.539 0.004 0.009
1 0.451 0.431 0.004 0.007
1 0.458 0.425 0.003 0.007
1 0.466 0.423 0.003 0.006
1 0.465 0.433 0.003 0.006
1 0.477 0.425 0.004 0.006
1 0.478 0.435 0.003 0.007
1 0.483 0.425 0.003 0.006
1 0.478 0.447 0.005 0.006
1 0.499 0.436 0.003 0.009
1 0.501 0.425 0.002 0.006
1 0.507 0.431 0.003 0.007
1 0.528 0.431 0.004 0.007
1 0.615 0.529 0.01 0.022
1 0.624 0.539 0.011 0.019
1 0.695 0.522 0.007 0.018
1 0.718 0.51 0.01 0.019
1 0.747 0.57 0.006 0.012
1 0.756 0.557 0.006 0.009
1 0.75 0.55 0.003 0.009
1 0.8 0.582 0.006 0.012
1 0.814 0.583 0.006 0.009
1 0.81 0.557 0.004 0.009
1 0.826 0.559 0.007 0.01
1 0.838 0.569 0.006 0.009
1 0.853 0.575 0.007 0.016
1 0.874 0.579 0.006 0.012
1 0.894 0.582 0.007 0.015
1 0.921 0.583 0.008 0.016
1 0.929 0.58 0.006 0.015
1 0.959 0.578 0.009 0.013
1 0.943 0.575 0.007 0.01
1 0.978 0.57 0.004 0.012
1 0.913 0.567 0.006 0.013
1 0.927 0.559 0.006 0.01
1 0.896 0.56 0.006 0.012
1 0.876 0.561 0.006 0.012
1 0.898 0.572 0.005 0.01
1 0.849 0.561 0.004 0.009
1 0.865 0.556 0.005 0.009
1 0.901 0.502 0.005 0.01
1 0.879 0.502 0.005 0.007
1 0.862 0.503 0.005 0.009
1 0.824 0.51 0.005 0.009
1 0.854 0.505 0.004 0.007
1 0.804 0.512 0.004 0.01
1 0.757 0.502 0.005 0.007
1 0.79 0.499 0.005 0.009
1 0.565 0.507 0.011 0.015
1 0.596 0.504 0.004 0.012
1 0.61 0.49 0.004 0.007
1 0.609 0.512 0.004 0.006
1 0.607 0.482 0.003 0.007
1 0.635 0.485 0.003 0.006
1 0.627 0.482 0.003 0.006
1 0.775 0.572 0.006 0.012
1 0.943 0.558 0.006 0.009
1 0.917 0.554 0.005 0.012
1 0.957 0.564 0.008 0.01
1 0.915 0.535 0.005 0.009
1 0.927 0.533 0.006 0.007
1 0.944 0.539 0.005 0.007
1 0.958 0.539 0.005 0.01
1 0.978 0.539 0.006 0.013
1 0.78 0.508 0.004 0.007
1 0.793 0.507 0.004 0.007
1 0.818 0.502 0.004 0.007
1 0.994 0.587 0.008 0.013
1 0.994 0.562 0.005 0.01
1 0.935 0.52 0.005 0.01
1 0.978 0.505 0.006 0.01
1 0.975 0.525 0.006 0.012
1 0.958 0.504 0.005 0.009
1 0.948 0.489 0.006 0.007
1 0.938 0.503 0.005 0.009
1 0.961 0.48 0.005 0.009
1 0.988 0.495 0.006 0.01
1 0.979 0.48 0.004 0.01
1 0.072 0.583 0.008 0.013
1 0.08 0.398 0.004 0.012
1 0.099 0.398 0.005 0.012
1 0.025 0.395 0.003 0.01
1 0.029 0.409 0.006 0.013
1 0.037 0.425 0.007 0.012
1 0.027 0.433 0.005 0.01
1 0.026 0.473 0.005 0.013
1 0.026 0.49 0.006 0.015
1 0.027 0.509 0.008 0.012
1 0.027 0.524 0.008 0.013
1 0.037 0.555 0.01 0.016
1 0.095 0.412 0.004 0.01
1 0.079 0.428 0.008 0.013
1 0.066 0.456 0.006 0.015
1 0.071 0.471 0.006 0.012
1 0.079 0.486 0.007 0.013
1 0.08 0.51 0.008 0.012
1 0.071 0.528 0.007 0.012
1 0.079 0.428 0.007 0.013
1 0.576 0.526 0.008 0.019
1 0.004 0.396 0.006 0.012
1 0.023 0.452 0.007 0.012
1 0.016 0.42 0.007 0.01
1 0.002 0.498 0.004 0.01
1 0.11 0.49 0.007 0.013
1 0.146 0.505 0.008 0.013
1 0.153 0.446 0.007 0.012
1 0.157 0.426 0.006 0.01
1 0.169 0.417 0.006 0.012
1 0.461 0.515 0.005 0.01
1 0.567 0.431 0.003 0.007
1 0.556 0.428 0.003 0.006
1 0.546 0.427 0.004 0.006
1 0.56 0.438 0.004 0.007
1 0.55 0.438 0.003 0.007
1 0.567 0.441 0.003 0.007
1 0.572 0.47 0.004 0.007
1 0.573 0.461 0.005 0.009
1 0.576 0.442 0.005 0.009
1 0.578 0.429 0.004 0.004
1 0.611 0.433 0.004 0.006
1 0.624 0.461 0.004 0.007
1 0.635 0.462 0.003 0.006
1 0.617 0.441 0.004 0.007
1 0.626 0.436 0.004 0.006
1 0.633 0.436 0.004 0.006
1 0.644 0.444 0.003 0.006
1 0.646 0.464 0.004 0.007
1 0.623 0.443 0.004 0.006
1 0.669 0.495 0.004 0.007
1 0.679 0.498 0.005 0.007
1 0.676 0.486 0.004 0.007
1 0.676 0.439 0.004 0.006
1 0.669 0.446 0.003 0.006
1 0.665 0.44 0.004 0.006
1 0.641 0.438 0.003 0.004
1 0.737 0.476 0.004 0.007
1 0.708 0.452 0.005 0.006
1 0.912 0.518 0.005 0.009
1 0.942 0.475 0.004 0.009
1 0.963 0.469 0.004 0.007
1 0.96 0.494 0.005 0.009
1 0.929 0.49 0.004 0.009
1 0.979 0.471 0.004 0.007
1 0.995 0.504 0.004 0.007
1 0.953 0.518 0.004 0.007
1 0.922 0.508 0.004 0.007
1 0.894 0.535 0.005 0.009
1 0.997 0.542 0.005 0.01
1 0.839 0.5 0.005 0.012
1 0.81 0.507 0.004 0.01
1 0.794 0.558 0.004 0.007
1 0.773 0.558 0.005 0.01
1 0.744 0.558 0.005 0.01
1 0.736 0.555 0.004 0.007
1 0.734 0.531 0.004 0.01
1 0.767 0.502 0.004 0.007
1 0.764 0.493 0.004 0.007
1 0.722 0.485 0.005 0.009
1 0.744 0.507 0.005 0.009
1 0.589 0.475 0.006 0.012
1 0.56 0.471 0.006 0.012
1 0.67 0.48 0.005 0.009
1 0.679 0.458 0.006 0.012
1 0.688 0.526 0.008 0.018
1 0.638 0.444 0.003 0.006
1 0.533 0.444 0.008 0.012
1 0.498 0.447 0.004 0.007
1 0.541 0.578 0.005 0.01
1 0.547 0.537 0.004 0.007
1 0.556 0.516 0.004 0.009
1 0.556 0.493 0.004 0.007
1 0.541 0.506 0.005 0.009
1 0.544 0.492 0.005 0.01
1 0.986 0.43 0.004 0.009
1 0.995 0.443 0.006 0.009
1 0.987 0.451 0.006 0.01
1 0.958 0.454 0.005 0.01
1 0.981 0.442 0.006 0.009
1 0.973 0.433 0.005 0.01
1 0.995 0.405 0.004 0.009
1 0.989 0.421 0.005 0.009
1 0.978 0.424 0.005 0.009
1 0.02 0.542 0.008 0.015
1 0.002 0.482 0.005 0.013
