1 0.102 0.051 0.021 0.051
1 0.014 0.108 0.021 0.051
1 0.121 0.146 0.017 0.048
1 0.16 0.092 0.021 0.037
1 0.203 0.096 0.021 0.048
1 0.169 0.056 0.022 0.045
1 0.173 0.147 0.021 0.045
1 0.122 0.34 0.027 0.05
1 0.214 0.32 0.024 0.045
1 0.253 0.365 0.029 0.06
1 0.314 0.278 0.027 0.053
1 0.326 0.356 0.024 0.053
1 0.233 0.242 0.027 0.057
1 0.063 0.515 0.029 0.06
1 0.081 0.398 0.025 0.051
1 0.149 0.442 0.034 0.059
1 0.153 0.537 0.036 0.064
1 0.182 0.564 0.025 0.06
1 0.326 0.472 0.031 0.06
1 0.271 0.553 0.023 0.066
1 0.285 0.641 0.029 0.06
1 0.371 0.649 0.035 0.066
1 0.388 0.398 0.029 0.057
1 0.438 0.316 0.025 0.054
1 0.479 0.324 0.025 0.051
1 0.015 0.806 0.018 0.063
1 0.429 0.509 0.028 0.051
1 0.43 0.631 0.035 0.056
1 0.089 0.858 0.021 0.05
1 0.065 0.873 0.027 0.044
1 0.594 0.71 0.034 0.07
1 0.433 0.569 0.023 0.042
1 0.544 0.356 0.027 0.05
1 0.574 0.602 0.021 0.057
1 0.241 0.887 0.018 0.053
1 0.273 0.014 0.023 0.028
1 0.375 0.126 0.019 0.032
1 0.383 0.096 0.017 0.037
1 0.4 0.017 0.021 0.034
1 0.458 0.042 0.022 0.048
1 0.486 0.054 0.024 0.035
1 0.335 0.227 0.02 0.038
1 0.383 0.229 0.021 0.045
1 0.631 0.059 0.024 0.025
1 0.635 0.103 0.019 0.037
1 0.706 0.052 0.026 0.04
1 0.72 0.154 0.019 0.041
1 0.766 0.143 0.025 0.042
1 0.824 0.086 0.026 0.045
1 0.936 0.099 0.022 0.042
1 0.907 0.168 0.022 0.041
1 0.787 0.19 0.021 0.035
1 0.752 0.196 0.022 0.044
1 0.625 0.337 0.028 0.047
1 0.891 0.324 0.026 0.053
1 0.684 0.356 0.021 0.061
1 0.736 0.371 0.024 0.057
1 0.856 0.068 0.019 0.04
1 0.793 0.301 0.011 0.045
1 0.923 0.064 0.021 0.041
1 0.83 0.018 0.017 0.034
1 0.982 0.189 0.021 0.044
1 0.986 0.38 0.025 0.045
1 0.756 0.401 0.027 0.053
1 0.658 0.447 0.029 0.056
1 0.658 0.597 0.028 0.034
1 0.633 0.57 0.025 0.063
1 0.755 0.479 0.023 0.064
1 0.802 0.586 0.035 0.059
1 0.745 0.616 0.033 0.06
1 0.86 0.449 0.029 0.053
1 0.926 0.458 0.028 0.047
1 0.912 0.518 0.031 0.061
1 0.936 0.533 0.026 0.05
1 0.939 0.419 0.022 0.044
1 0.529 0.179 0.019 0.042
1 0.536 0.634 0.034 0.056
1 0.641 0.652 0.012 0.04
1 0.678 0.66 0.033 0.044
1 0.777 0.7 0.024 0.059
1 0.801 0.71 0.023 0.056
1 0.947 0.671 0.035 0.067
1 0.929 0.777 0.024 0.056
1 0.985 0.531 0.027 0.05
1 0.836 0.762 0.025 0.063
1 0.861 0.666 0.028 0.061
1 0.717 0.542 0.021 0.054
1 0.367 0.374 0.023 0.04
1 0.205 0.794 0.014 0.057
1 0.273 0.796 0.013 0.041
1 0.637 0.171 0.018 0.048
1 0.006 0.331 0.013 0.059
