1 0.479 0.432 0.027 0.061
1 0.535 0.414 0.024 0.059
1 0.48 0.296 0.022 0.051
1 0.544 0.315 0.019 0.056
1 0.598 0.327 0.022 0.05
1 0.567 0.422 0.025 0.064
1 0.583 0.381 0.018 0.056
1 0.673 0.38 0.02 0.04
1 0.7 0.354 0.02 0.054
1 0.727 0.327 0.018 0.046
1 0.758 0.408 0.022 0.053
1 0.799 0.48 0.021 0.04
1 0.789 0.369 0.015 0.035
1 0.845 0.404 0.017 0.033
1 0.859 0.411 0.016 0.03
1 0.907 0.379 0.015 0.038
1 0.919 0.414 0.012 0.023
1 0.946 0.459 0.018 0.03
1 0.965 0.419 0.018 0.046
1 0.932 0.517 0.02 0.035
1 0.993 0.474 0.013 0.03
1 0.99 0.405 0.015 0.031
1 0.955 0.39 0.017 0.028
1 0.536 0.264 0.021 0.053
1 0.445 0.244 0.019 0.053
1 0.275 0.169 0.027 0.068
1 0.69 0.281 0.011 0.028
1 0.017 0.464 0.032 0.073
1 0.082 0.374 0.04 0.084
1 0.097 0.283 0.034 0.071
1 0.098 0.199 0.036 0.071
1 0.156 0.026 0.025 0.045
1 0.169 0.338 0.028 0.046
1 0.225 0.305 0.024 0.063
1 0.221 0.242 0.021 0.054
1 0.27 0.214 0.021 0.058
1 0.295 0.386 0.037 0.076
1 0.329 0.347 0.031 0.058
1 0.332 0.251 0.026 0.05
1 0.303 0.569 0.038 0.106
1 0.415 0.427 0.029 0.068
