1 0.673 0.094 0.015 0.02
1 0.789 0.082 0.013 0.02
1 0.812 0.014 0.012 0.015
1 0.714 0.01 0.012 0.014
1 0.57 0.039 0.014 0.019
1 0.619 0.02 0.011 0.017
1 0.657 0.051 0.012 0.015
1 0.912 0.125 0.015 0.017
1 0.39 0.198 0.044 0.062
1 0.54 0.274 0.062 0.074
1 0.741 0.186 0.056 0.079
1 0.161 0.046 0.009 0.012
1 0.198 0.023 0.013 0.014
1 0.23 0.023 0.008 0.016
1 0.17 0.097 0.014 0.014
1 0.943 0.117 0.015 0.021
1 0.921 0.166 0.015 0.017
1 0.886 0.058 0.012 0.014
1 0.855 0.139 0.018 0.016
1 0.84 0.122 0.016 0.015
1 0.91 0.105 0.012 0.014
1 0.876 0.032 0.013 0.015
1 0.781 0.147 0.015 0.02
1 0.818 0.14 0.012 0.02
1 0.798 0.17 0.013 0.019
1 0.8 0.041 0.014 0.016
1 0.261 0.038 0.009 0.014
1 0.202 0.084 0.011 0.016
1 0.266 0.082 0.009 0.013
1 0.297 0.145 0.01 0.016
1 0.267 0.171 0.011 0.015
1 0.528 0.018 0.011 0.016
1 0.542 0.057 0.012 0.018
1 0.57 0.055 0.012 0.015
1 0.346 0.152 0.011 0.018
1 0.392 0.132 0.013 0.02
1 0.833 0.029 0.011 0.015
1 0.854 0.023 0.016 0.016
1 0.526 0.072 0.013 0.018
1 0.494 0.079 0.012 0.015
1 0.45 0.129 0.012 0.015
1 0.508 0.043 0.012 0.017
1 0.645 0.149 0.013 0.018
1 0.685 0.162 0.013 0.021
1 0.672 0.133 0.011 0.016
1 0.664 0.107 0.013 0.02
1 0.59 0.073 0.011 0.013
1 0.612 0.057 0.013 0.018
1 0.686 0.047 0.016 0.018
1 0.695 0.134 0.011 0.018
1 0.57 0.146 0.014 0.017
1 0.435 0.046 0.011 0.019
1 0.706 0.058 0.015 0.018
1 0.755 0.068 0.01 0.017
1 0.627 0.09 0.015 0.022
1 0.625 0.122 0.013 0.014
1 0.636 0.037 0.014 0.02
1 0.39 0.198 0.045 0.062
1 0.919 0.043 0.01 0.015
1 0.945 0.086 0.013 0.018
1 0.833 0.046 0.009 0.016
1 0.317 0.027 0.014 0.016
1 0.347 0.024 0.012 0.012
1 0.798 0.066 0.012 0.016
1 0.76 0.09 0.012 0.015
1 0.794 0.122 0.016 0.021
1 0.866 0.087 0.016 0.017
1 0.144 0.223 0.051 0.071
1 0.144 0.223 0.05 0.071
1 0.989 0.131 0.012 0.015
1 0.978 0.106 0.012 0.018
1 0.719 0.091 0.015 0.018
1 0.762 0.029 0.012 0.017
1 0.702 0.118 0.014 0.014
1 0.969 0.17 0.013 0.021
1 0.909 0.086 0.012 0.018
1 0.955 0.154 0.021 0.022
1 0.542 0.097 0.01 0.018
1 0.102 0.134 0.012 0.017
1 0.059 0.041 0.012 0.02
1 0.109 0.039 0.012 0.016
1 0.009 0.147 0.011 0.015
1 0.013 0.181 0.013 0.021
1 0.022 0.164 0.013 0.015
1 0.034 0.136 0.012 0.014
1 0.297 0.143 0.01 0.018
1 0.47 0.15 0.014 0.022
1 0.484 0.099 0.012 0.015
1 0.42 0.117 0.011 0.019
1 0.35 0.104 0.011 0.015
1 0.405 0.076 0.011 0.014
1 0.846 0.156 0.011 0.016
1 0.906 0.281 0.013 0.019
1 0.946 0.279 0.015 0.019
1 0.867 0.109 0.014 0.017
1 0.881 0.123 0.012 0.018
1 0.244 0.15 0.012 0.02
1 0.345 0.132 0.013 0.019
1 0.303 0.17 0.015 0.019
1 0.302 0.105 0.014 0.019
1 0.397 0.095 0.013 0.018
1 0.542 0.169 0.014 0.018
1 0.604 0.141 0.012 0.021
1 0.617 0.102 0.012 0.02
1 0.477 0.031 0.015 0.018
1 0.435 0.089 0.011 0.017
1 0.113 0.113 0.016 0.02
1 0.162 0.13 0.014 0.019
1 0.198 0.113 0.014 0.019
1 0.178 0.082 0.015 0.015
1 0.141 0.112 0.014 0.016
1 0.277 0.133 0.015 0.014
1 0.191 0.134 0.014 0.015
1 0.182 0.044 0.009 0.013
1 0.122 0.019 0.01 0.014
1 0.095 0.008 0.01 0.015
1 0.053 0.174 0.011 0.016
1 0.092 0.183 0.013 0.015
1 0.198 0.178 0.014 0.015
1 0.229 0.174 0.012 0.015
1 0.045 0.156 0.012 0.019
1 0.502 0.166 0.015 0.018
1 0.515 0.181 0.014 0.016
1 0.517 0.132 0.012 0.018
1 0.459 0.172 0.013 0.02
1 0.422 0.179 0.013 0.015
1 0.417 0.154 0.013 0.017
1 0.034 0.072 0.01 0.014
1 0.04 0.029 0.009 0.019
1 0.071 0.02 0.009 0.017
1 0.325 0.081 0.013 0.016
1 0.317 0.049 0.013 0.011
1 0.378 0.037 0.012 0.016
1 0.303 0.048 0.012 0.015
1 0.017 0.083 0.011 0.013
1 0.015 0.044 0.011 0.013
1 0.977 0.289 0.02 0.019
1 0.98 0.027 0.014 0.018
1 0.894 0.025 0.014 0.015
1 0.918 0.011 0.008 0.01
1 0.78 0.013 0.007 0.01
1 0.989 0.074 0.009 0.018
1 0.54 0.142 0.011 0.012
1 0.613 0.042 0.011 0.013
1 0.523 0.038 0.011 0.014
1 0.459 0.118 0.011 0.015
1 0.516 0.092 0.01 0.016
1 0.492 0.149 0.011 0.013
1 0.412 0.045 0.014 0.017
1 0.35 0.051 0.008 0.012
1 0.404 0.025 0.01 0.011
1 0.297 0.026 0.01 0.012
1 0.237 0.048 0.013 0.012
1 0.082 0.156 0.012 0.014
1 0.143 0.133 0.012 0.014
1 0.143 0.167 0.013 0.016
1 0.071 0.071 0.008 0.012
1 0.167 0.016 0.009 0.013
1 0.141 0.009 0.009 0.008
1 0.283 0.068 0.013 0.012
