1 0.025 0.193 0.019 0.06
1 0.042 0.27 0.021 0.05
1 0.059 0.12 0.023 0.048
1 0.102 0.071 0.02 0.036
1 0.146 0.082 0.014 0.038
1 0.131 0.219 0.017 0.046
1 0.135 0.335 0.022 0.065
1 0.153 0.447 0.027 0.079
1 0.205 0.046 0.017 0.038
1 0.237 0.088 0.018 0.046
1 0.174 0.285 0.021 0.062
1 0.187 0.42 0.025 0.072
1 0.202 0.504 0.023 0.067
1 0.182 0.651 0.035 0.084
1 0.251 0.41 0.029 0.091
1 0.295 0.412 0.021 0.062
1 0.324 0.422 0.026 0.086
1 0.32 0.546 0.026 0.065
1 0.352 0.459 0.028 0.079
1 0.38 0.366 0.022 0.07
1 0.432 0.532 0.025 0.077
1 0.419 0.303 0.021 0.06
1 0.363 0.299 0.015 0.046
1 0.444 0.351 0.017 0.036
1 0.105 0.29 0.022 0.062
1 0.014 0.603 0.028 0.103
1 0.075 0.65 0.031 0.091
1 0.042 0.568 0.016 0.072
1 0.009 0.486 0.016 0.05
1 0.076 0.493 0.021 0.079
1 0.11 0.61 0.026 0.074
1 0.375 0.566 0.038 0.082
1 0.362 0.179 0.022 0.065
1 0.447 0.064 0.012 0.05
1 0.373 0.11 0.019 0.072
1 0.407 0.104 0.014 0.031
1 0.514 0.139 0.017 0.053
1 0.497 0.153 0.013 0.043
1 0.547 0.119 0.013 0.036
1 0.536 0.163 0.011 0.038
1 0.639 0.26 0.024 0.074
1 0.727 0.218 0.027 0.067
1 0.618 0.156 0.016 0.043
1 0.688 0.101 0.02 0.053
1 0.72 0.058 0.012 0.034
1 0.478 0.277 0.021 0.05
1 0.517 0.235 0.023 0.062
1 0.57 0.261 0.017 0.053
1 0.619 0.302 0.017 0.048
1 0.499 0.793 0.025 0.065
1 0.61 0.438 0.046 0.141
1 0.672 0.418 0.03 0.098
1 0.771 0.498 0.035 0.127
1 0.773 0.347 0.029 0.098
1 0.823 0.295 0.022 0.077
1 0.879 0.428 0.018 0.084
1 0.659 0.103 0.016 0.038
1 0.638 0.186 0.018 0.041
1 0.597 0.147 0.011 0.036
1 0.767 0.216 0.025 0.072
1 0.885 0.211 0.025 0.058
1 0.825 0.23 0.02 0.029
1 0.908 0.253 0.026 0.089
1 0.876 0.147 0.021 0.065
1 0.77 0.096 0.015 0.048
1 0.802 0.106 0.018 0.053
1 0.871 0.078 0.022 0.05
1 0.913 0.386 0.032 0.101
1 0.976 0.277 0.027 0.074
1 0.938 0.246 0.023 0.074
1 0.923 0.177 0.017 0.048
1 0.977 0.102 0.026 0.07
1 0.927 0.061 0.017 0.05
1 0.814 0.072 0.015 0.043
1 0.838 0.03 0.014 0.026
1 0.892 0.019 0.015 0.038
1 0.787 0.056 0.011 0.036
1 0.81 0.023 0.014 0.031
1 0.574 0.221 0.021 0.053
1 0.549 0.215 0.021 0.06
1 0.578 0.152 0.018 0.041
1 0.561 0.147 0.019 0.046
1 0.722 0.379 0.028 0.096
