1 0.456 0.038 0.009 0.013
1 0.465 0.037 0.008 0.016
1 0.449 0.065 0.006 0.016
1 0.466 0.069 0.007 0.015
1 0.464 0.085 0.007 0.016
1 0.478 0.038 0.007 0.01
1 0.502 0.045 0.008 0.015
1 0.485 0.08 0.01 0.016
1 0.479 0.098 0.009 0.016
1 0.484 0.116 0.01 0.019
1 0.463 0.137 0.01 0.019
1 0.485 0.164 0.01 0.022
1 0.526 0.049 0.005 0.016
1 0.525 0.073 0.008 0.019
1 0.556 0.056 0.009 0.019
1 0.554 0.098 0.009 0.022
1 0.519 0.092 0.007 0.013
1 0.521 0.109 0.009 0.018
1 0.527 0.135 0.009 0.015
1 0.529 0.162 0.011 0.021
1 0.56 0.142 0.008 0.019
1 0.008 0.053 0.016 0.016
1 0.038 0.06 0.009 0.015
1 0.031 0.1 0.009 0.018
1 0.017 0.106 0.01 0.016
1 0.006 0.123 0.008 0.018
1 0.059 0.085 0.009 0.016
1 0.062 0.065 0.008 0.013
1 0.072 0.095 0.008 0.016
1 0.093 0.064 0.006 0.012
1 0.102 0.067 0.006 0.018
1 0.109 0.062 0.007 0.016
1 0.104 0.093 0.008 0.018
1 0.116 0.089 0.007 0.016
1 0.093 0.127 0.01 0.019
1 0.108 0.136 0.011 0.021
1 0.131 0.13 0.009 0.019
1 0.138 0.158 0.01 0.019
1 0.111 0.169 0.009 0.021
1 0.061 0.139 0.01 0.022
1 0.068 0.184 0.009 0.021
1 0.068 0.207 0.013 0.021
1 0.032 0.209 0.011 0.025
1 0.258 0.212 0.011 0.022
1 0.251 0.123 0.009 0.021
1 0.294 0.106 0.009 0.021
1 0.3 0.067 0.008 0.022
1 0.326 0.072 0.007 0.018
1 0.309 0.022 0.011 0.022
1 0.376 0.039 0.009 0.018
1 0.392 0.007 0.009 0.013
1 0.385 0.027 0.009 0.018
1 0.406 0.041 0.009 0.025
1 0.359 0.07 0.01 0.018
1 0.348 0.087 0.01 0.018
1 0.349 0.122 0.007 0.022
1 0.271 0.137 0.008 0.022
1 0.32 0.146 0.008 0.016
1 0.313 0.17 0.009 0.019
1 0.303 0.18 0.011 0.018
1 0.309 0.205 0.009 0.022
1 0.302 0.218 0.011 0.019
1 0.338 0.188 0.012 0.022
1 0.346 0.174 0.011 0.018
1 0.341 0.155 0.009 0.013
1 0.357 0.145 0.011 0.018
1 0.373 0.178 0.012 0.021
1 0.387 0.166 0.013 0.019
1 0.393 0.201 0.01 0.021
1 0.348 0.224 0.008 0.022
1 0.374 0.235 0.01 0.022
1 0.386 0.226 0.009 0.018
1 0.323 0.251 0.012 0.022
1 0.356 0.273 0.01 0.021
1 0.34 0.269 0.011 0.019
1 0.301 0.266 0.011 0.025
1 0.342 0.313 0.012 0.015
1 0.356 0.349 0.011 0.019
1 0.386 0.298 0.012 0.028
1 0.411 0.295 0.011 0.021
1 0.407 0.328 0.013 0.024
1 0.428 0.253 0.012 0.022
1 0.415 0.138 0.012 0.024
1 0.437 0.151 0.012 0.019
1 0.453 0.184 0.01 0.025
1 0.448 0.212 0.011 0.025
1 0.454 0.269 0.013 0.025
1 0.458 0.242 0.012 0.022
1 0.447 0.329 0.013 0.031
1 0.473 0.264 0.012 0.024
1 0.484 0.277 0.011 0.03
1 0.519 0.014 0.013 0.013
1 0.489 0.006 0.011 0.012
1 0.493 0.025 0.008 0.013
1 0.431 0.034 0.011 0.015
1 0.418 0.072 0.009 0.018
1 0.429 0.061 0.009 0.018
1 0.433 0.086 0.008 0.019
1 0.409 0.1 0.008 0.016
1 0.428 0.127 0.01 0.019
1 0.541 0.014 0.008 0.019
1 0.605 0.02 0.007 0.016
1 0.587 0.041 0.008 0.019
1 0.567 0.079 0.009 0.019
1 0.572 0.112 0.01 0.019
1 0.588 0.12 0.009 0.018
1 0.599 0.097 0.01 0.015
1 0.6 0.064 0.009 0.019
1 0.612 0.08 0.008 0.019
1 0.625 0.063 0.009 0.015
1 0.624 0.038 0.006 0.013
1 0.649 0.072 0.008 0.018
1 0.641 0.081 0.009 0.021
1 0.637 0.088 0.011 0.024
1 0.63 0.1 0.008 0.018
1 0.626 0.135 0.011 0.018
1 0.602 0.145 0.012 0.022
1 0.58 0.169 0.011 0.022
1 0.617 0.171 0.01 0.021
1 0.667 0.114 0.009 0.018
1 0.657 0.109 0.008 0.016
1 0.668 0.088 0.009 0.018
1 0.676 0.064 0.008 0.015
1 0.778 0.068 0.012 0.025
1 0.753 0.088 0.006 0.018
1 0.722 0.043 0.008 0.019
1 0.719 0.122 0.011 0.019
1 0.732 0.145 0.013 0.025
1 0.761 0.144 0.011 0.021
1 0.775 0.136 0.009 0.021
1 0.773 0.155 0.01 0.022
1 0.785 0.197 0.014 0.022
1 0.806 0.167 0.013 0.025
1 0.808 0.195 0.011 0.024
1 0.8 0.246 0.016 0.027
1 0.76 0.219 0.012 0.024
1 0.75 0.233 0.013 0.025
1 0.722 0.189 0.008 0.018
1 0.69 0.13 0.004 0.013
1 0.698 0.169 0.009 0.019
1 0.671 0.151 0.012 0.024
1 0.7 0.244 0.011 0.03
1 0.67 0.219 0.013 0.024
1 0.68 0.202 0.011 0.021
1 0.657 0.195 0.013 0.024
1 0.629 0.205 0.013 0.028
1 0.636 0.247 0.011 0.024
1 0.648 0.265 0.013 0.019
1 0.651 0.288 0.015 0.024
1 0.621 0.279 0.013 0.021
1 0.602 0.255 0.012 0.024
1 0.589 0.219 0.011 0.024
1 0.574 0.214 0.011 0.019
1 0.592 0.283 0.013 0.022
1 0.395 0.074 0.01 0.019
1 0.383 0.088 0.01 0.019
1 0.391 0.106 0.009 0.025
1 0.369 0.115 0.01 0.019
1 0.362 0.122 0.01 0.016
1 0.402 0.129 0.012 0.018
1 0.504 0.178 0.013 0.027
1 0.498 0.214 0.014 0.025
1 0.522 0.268 0.01 0.025
1 0.541 0.239 0.015 0.025
1 0.538 0.266 0.012 0.022
1 0.54 0.298 0.017 0.025
1 0.559 0.286 0.015 0.027
1 0.495 0.318 0.015 0.033
1 0.52 0.36 0.015 0.027
1 0.549 0.354 0.015 0.03
1 0.591 0.331 0.015 0.028
1 0.668 0.32 0.014 0.028
1 0.469 0.385 0.013 0.025
1 0.424 0.409 0.014 0.034
1 0.365 0.37 0.015 0.03
1 0.343 0.438 0.013 0.033
1 0.355 0.478 0.013 0.024
1 0.373 0.471 0.011 0.033
1 0.394 0.452 0.014 0.022
1 0.401 0.474 0.001 0.006
1 0.401 0.475 0.001 0.009
1 0.401 0.476 0.002 0.01
1 0.402 0.477 0.003 0.012
1 0.402 0.477 0.003 0.012
1 0.402 0.478 0.003 0.013
1 0.404 0.48 0.007 0.018
1 0.406 0.482 0.011 0.022
1 0.406 0.482 0.012 0.022
1 0.407 0.482 0.014 0.022
1 0.389 0.481 0.011 0.024
1 0.459 0.448 0.013 0.033
1 0.497 0.445 0.013 0.028
1 0.489 0.486 0.015 0.03
1 0.526 0.469 0.016 0.03
1 0.547 0.445 0.016 0.033
1 0.566 0.398 0.015 0.031
1 0.635 0.4 0.015 0.03
1 0.629 0.467 0.013 0.031
1 0.679 0.388 0.012 0.031
1 0.696 0.436 0.015 0.037
1 0.28 0.221 0.01 0.019
1 0.39 0.521 0.016 0.031
1 0.009 0.6 0.015 0.03
1 0.062 0.612 0.02 0.039
1 0.084 0.604 0.017 0.033
1 0.083 0.543 0.015 0.025
1 0.11 0.554 0.016 0.031
1 0.128 0.614 0.018 0.034
1 0.145 0.64 0.021 0.036
1 0.153 0.597 0.018 0.031
1 0.171 0.559 0.015 0.03
1 0.205 0.535 0.013 0.027
1 0.12 0.693 0.018 0.037
1 0.191 0.732 0.015 0.04
1 0.22 0.681 0.015 0.036
1 0.028 0.679 0.012 0.027
1 0.013 0.69 0.01 0.022
1 0.041 0.774 0.019 0.034
1 0.088 0.814 0.016 0.033
1 0.101 0.89 0.021 0.043
1 0.022 0.912 0.02 0.036
1 0.044 0.941 0.016 0.04
1 0.129 0.959 0.015 0.043
1 0.163 0.984 0.02 0.031
1 0.179 0.847 0.019 0.036
1 0.262 0.95 0.017 0.043
1 0.313 0.928 0.019 0.045
1 0.396 0.96 0.021 0.051
1 0.386 0.801 0.02 0.034
1 0.382 0.765 0.013 0.03
1 0.414 0.7 0.016 0.036
1 0.379 0.705 0.013 0.039
1 0.369 0.65 0.013 0.031
1 0.414 0.625 0.017 0.027
1 0.312 0.852 0.016 0.04
1 0.276 0.632 0.016 0.034
1 0.268 0.579 0.012 0.031
1 0.342 0.559 0.019 0.036
1 0.291 0.519 0.012 0.033
1 0.451 0.513 0.016 0.031
1 0.438 0.561 0.014 0.036
1 0.477 0.574 0.014 0.03
1 0.512 0.603 0.022 0.021
1 0.566 0.567 0.012 0.033
1 0.513 0.671 0.015 0.043
1 0.448 0.645 0.018 0.031
1 0.471 0.634 0.018 0.036
1 0.516 0.752 0.014 0.034
1 0.53 0.811 0.019 0.039
1 0.508 0.832 0.019 0.045
1 0.306 0.379 0.014 0.03
1 0.294 0.325 0.008 0.024
1 0.202 0.043 0.005 0.012
1 0.224 0.032 0.006 0.01
1 0.233 0.034 0.007 0.018
1 0.449 0.979 0.022 0.042
1 0.536 0.904 0.016 0.042
1 0.968 0.005 0.007 0.01
1 0.979 0.027 0.009 0.018
1 0.914 0.039 0.008 0.015
1 0.92 0.064 0.011 0.019
1 0.931 0.049 0.008 0.019
1 0.992 0.058 0.007 0.016
1 0.983 0.063 0.007 0.018
1 0.981 0.076 0.011 0.022
1 0.967 0.086 0.01 0.022
1 0.952 0.075 0.008 0.021
1 0.951 0.106 0.01 0.021
1 0.931 0.092 0.009 0.022
1 0.937 0.127 0.009 0.021
1 0.898 0.087 0.01 0.024
1 0.911 0.141 0.013 0.024
1 0.858 0.059 0.008 0.019
1 0.896 0.062 0.007 0.019
1 0.886 0.158 0.011 0.022
1 0.867 0.175 0.008 0.018
1 0.86 0.179 0.009 0.019
1 0.817 0.138 0.01 0.021
1 0.856 0.109 0.007 0.015
1 0.818 0.105 0.01 0.015
1 0.815 0.23 0.009 0.016
1 0.854 0.229 0.012 0.019
1 0.837 0.251 0.012 0.019
1 0.855 0.26 0.011 0.022
1 0.888 0.224 0.009 0.019
1 0.91 0.247 0.013 0.025
1 0.958 0.26 0.01 0.022
1 0.976 0.215 0.012 0.022
1 0.993 0.151 0.011 0.021
1 0.999 0.181 0.003 0.015
1 0.91 0.176 0.01 0.025
1 0.918 0.173 0.008 0.022
1 0.878 0.065 0.009 0.016
1 0.916 0.194 0.01 0.016
1 0.981 0.142 0.01 0.022
1 0.604 0.519 0.015 0.031
1 0.684 0.525 0.012 0.031
1 0.748 0.461 0.015 0.031
1 0.721 0.411 0.017 0.036
1 0.6 0.654 0.012 0.039
1 0.586 0.692 0.014 0.028
1 0.693 0.666 0.019 0.037
1 0.76 0.313 0.012 0.033
1 0.828 0.323 0.013 0.025
1 0.84 0.297 0.009 0.021
1 0.844 0.362 0.013 0.025
1 0.792 0.356 0.016 0.037
1 0.801 0.426 0.015 0.03
1 0.812 0.424 0.012 0.025
1 0.828 0.406 0.014 0.03
1 0.866 0.44 0.012 0.031
1 0.746 0.344 0.015 0.025
1 0.735 0.367 0.016 0.031
1 0.693 0.319 0.008 0.027
1 0.894 0.286 0.011 0.024
1 0.918 0.274 0.01 0.024
1 0.935 0.269 0.005 0.016
1 0.875 0.332 0.009 0.022
1 0.888 0.409 0.011 0.027
1 0.891 0.464 0.017 0.034
1 0.913 0.476 0.015 0.031
1 0.833 0.5 0.013 0.031
1 0.933 0.366 0.011 0.021
1 0.973 0.367 0.013 0.022
1 0.975 0.474 0.013 0.027
1 0.993 0.57 0.012 0.03
1 0.97 0.542 0.013 0.028
1 0.908 0.536 0.015 0.034
1 0.822 0.567 0.018 0.039
1 0.776 0.54 0.018 0.027
1 0.849 0.623 0.018 0.04
1 0.794 0.658 0.016 0.033
1 0.87 0.681 0.017 0.036
1 0.886 0.575 0.014 0.031
1 0.937 0.617 0.013 0.028
1 0.958 0.689 0.015 0.034
1 0.939 0.696 0.018 0.042
1 0.903 0.719 0.02 0.04
1 0.837 0.723 0.013 0.036
1 0.82 0.756 0.015 0.037
1 0.918 0.802 0.012 0.045
1 0.906 0.826 0.018 0.033
1 0.747 0.69 0.011 0.033
1 0.995 0.672 0.011 0.031
1 0.617 0.833 0.01 0.037
1 0.672 0.897 0.013 0.042
1 0.663 0.972 0.02 0.039
1 0.719 0.949 0.02 0.042
1 0.649 0.681 0.01 0.033
1 0.799 0.9 0.015 0.043
1 0.816 0.852 0.017 0.046
1 0.758 0.983 0.019 0.034
1 0.873 0.947 0.021 0.043
1 0.958 0.896 0.014 0.028
1 0.101 0.246 0.008 0.015
1 0.017 0.197 0.012 0.019
1 0.024 0.037 0.007 0.015
1 0.044 0.038 0.009 0.013
1 -0.005 0.011 -0.011 0.007
1 0.045 0.017 0.007 0.013
1 0.028 0.017 0.009 0.013
1 0.017 0.02 0.009 0.016
1 0.012 0.238 0.01 0.022
1 0.112 0.292 0.012 0.027
1 0.137 0.245 0.012 0.022
1 0.145 0.277 0.012 0.024
1 0.167 0.216 0.009 0.018
1 0.16 0.267 0.011 0.021
1 0.149 0.195 0.01 0.021
1 0.151 0.178 0.011 0.018
1 0.165 0.165 0.009 0.021
1 0.188 0.154 0.01 0.019
1 0.194 0.191 0.012 0.022
1 0.2 0.17 0.011 0.025
1 0.199 0.215 0.013 0.025
1 0.208 0.139 0.011 0.022
1 0.231 0.183 0.014 0.024
1 0.229 0.139 0.012 0.024
1 0.2 0.007 0.009 0.013
1 0.211 0.005 0.007 0.01
1 0.035 0.153 0.013 0.027
1 0.052 0.277 0.015 0.03
1 0.035 0.331 0.018 0.027
1 0.023 0.368 0.014 0.025
1 0.064 0.322 0.011 0.021
1 0.077 0.375 0.018 0.03
1 0.04 0.414 0.011 0.027
1 0.062 0.473 0.016 0.034
1 0.078 0.448 0.014 0.031
1 0.088 0.477 0.015 0.039
1 0.021 0.51 0.013 0.027
1 0.116 0.412 0.014 0.024
1 0.128 0.358 0.015 0.022
1 0.173 0.337 0.013 0.027
1 0.17 0.388 0.013 0.028
1 0.183 0.416 0.015 0.028
1 0.14 0.482 0.013 0.028
1 0.22 0.466 0.015 0.03
1 0.246 0.453 0.013 0.024
1 0.238 0.507 0.013 0.03
1 0.237 0.398 0.017 0.028
1 0.244 0.376 0.011 0.024
1 0.205 0.328 0.014 0.024
1 0.23 0.319 0.012 0.031
1 0.241 0.297 0.008 0.021
1 0.252 0.271 0.013 0.025
1 0.272 0.399 0.012 0.027
1 0.275 0.36 0.011 0.024
1 0.256 0.188 0.012 0.022
1 0.214 0.109 0.01 0.019
1 0.169 0.132 0.01 0.015
1 0.181 0.096 0.01 0.021
1 0.155 0.113 0.009 0.019
1 0.134 0.113 0.007 0.016
1 0.147 0.094 0.01 0.024
1 0.158 0.077 0.012 0.019
1 0.166 0.052 0.009 0.021
1 0.179 0.059 0.012 0.019
1 0.193 0.043 0.009 0.016
1 0.21 0.079 0.007 0.019
1 0.224 0.061 0.009 0.019
1 0.149 0.028 0.007 0.013
1 0.141 0.019 0.01 0.018
1 0.132 0.016 0.008 0.012
1 0.175 0.025 0.009 0.019
1 0.192 0.017 0.008 0.013
1 0.099 0.037 0.009 0.013
1 0.047 0.241 0.011 0.025
1 0.168 0.312 0.013 0.024
1 0.191 0.301 0.011 0.021
1 0.2 0.28 0.01 0.021
1 0.233 0.253 0.011 0.019
1 0.229 0.233 0.009 0.016
1 0.003 0.023 0.007 0.016
1 0.005 0.007 0.007 0.01
1 0.07 0.037 0.01 0.013
1 0.073 0.011 0.01 0.019
1 0.096 0.011 0.009 0.022
1 0.163 0.021 0.007 0.012
1 0.586 0.966 0.018 0.04
1 0.9 0.18 0.011 0.021
1 0.714 0.22 0.009 0.016
