1 0.805 0.347 0.059 0.135
1 0.715 0.436 0.055 0.097
1 0.054 0.562 0.074 0.128
1 0.164 0.599 0.037 0.122
1 0.258 0.604 0.053 0.1
1 0.245 0.527 0.038 0.08
1 0.176 0.427 0.035 0.083
1 0.267 0.403 0.046 0.081
1 0.522 0.538 0.044 0.077
1 0.536 0.448 0.046 0.075
1 0.587 0.458 0.042 0.072
1 0.458 0.398 0.04 0.071
1 0.046 0.237 0.016 0.033
1 0.594 0.364 0.034 0.068
1 0.302 0.364 0.035 0.068
1 0.267 0.297 0.037 0.078
1 0.633 0.386 0.027 0.054
1 0.65 0.378 0.025 0.057
1 0.982 0.668 0.035 0.113
1 0.908 0.401 0.026 0.035
1 0.534 0.151 0.022 0.041
1 0.285 0.054 0.016 0.028
1 0.253 0.08 0.014 0.02
1 0.223 0.193 0.031 0.057
1 0.137 0.205 0.021 0.028
1 0.12 0.193 0.017 0.038
1 0.338 0.259 0.021 0.035
1 0.375 0.251 0.022 0.039
1 0.247 0.204 0.02 0.035
1 0.263 0.213 0.015 0.035
1 0.326 0.204 0.021 0.035
1 0.342 0.212 0.017 0.03
1 0.387 0.217 0.014 0.026
1 0.401 0.195 0.014 0.03
1 0.279 0.188 0.017 0.025
1 0.174 0.135 0.019 0.035
1 0.193 0.12 0.017 0.029
1 0.167 0.105 0.013 0.025
1 0.123 0.07 0.013 0.025
1 0.106 0.086 0.013 0.032
1 0.55 0.284 0.027 0.052
1 0.746 0.331 0.029 0.048
1 0.714 0.296 0.024 0.041
1 0.689 0.325 0.021 0.041
1 0.659 0.332 0.024 0.067
1 0.615 0.245 0.018 0.035
1 0.642 0.235 0.016 0.026
1 0.628 0.212 0.018 0.026
1 0.671 0.249 0.017 0.028
1 0.682 0.238 0.014 0.029
1 0.693 0.254 0.013 0.033
1 0.561 0.227 0.014 0.019
1 0.709 0.233 0.016 0.028
1 0.712 0.214 0.014 0.028
1 0.725 0.258 0.017 0.026
1 0.744 0.267 0.017 0.03
1 0.773 0.259 0.019 0.038
1 0.736 0.238 0.015 0.025
1 0.756 0.245 0.013 0.029
1 0.75 0.211 0.013 0.025
1 0.803 0.224 0.015 0.025
1 0.452 0.223 0.02 0.032
1 0.881 0.296 0.019 0.035
1 0.899 0.222 0.011 0.014
1 0.856 0.262 0.013 0.023
1 0.233 0.227 0.015 0.03
1 0.223 0.351 0.039 0.075
