1 0.934 0.553 0.031 0.061
1 0.883 0.541 0.014 0.045
1 0.909 0.471 0.026 0.034
1 0.936 0.441 0.018 0.032
1 0.861 0.487 0.017 0.025
1 0.843 0.472 0.015 0.025
1 0.959 0.678 0.049 0.126
1 0.968 0.578 0.026 0.066
1 0.995 0.511 0.01 0.032
1 0.831 0.619 0.024 0.04
1 0.773 0.586 0.033 0.079
1 0.806 0.488 0.016 0.026
1 0.702 0.594 0.049 0.081
1 0.798 0.469 0.01 0.023
1 0.72 0.447 0.011 0.018
1 0.682 0.488 0.012 0.031
1 0.717 0.422 0.007 0.013
1 0.763 0.418 0.008 0.016
1 0.706 0.44 0.009 0.016
1 0.708 0.424 0.007 0.013
1 0.78 0.542 0.03 0.057
1 0.642 0.455 0.009 0.018
1 0.782 0.446 0.005 0.019
1 0.606 0.434 0.006 0.016
1 0.505 0.465 0.016 0.025
1 0.547 0.445 0.013 0.02
1 0.529 0.45 0.014 0.025
1 0.485 0.434 0.018 0.022
1 0.459 0.486 0.021 0.035
1 0.424 0.466 0.013 0.034
1 0.392 0.503 0.026 0.037
1 0.439 0.502 0.013 0.015
1 0.402 0.405 0.009 0.019
1 0.432 0.592 0.031 0.051
1 0.247 0.567 0.03 0.047
1 0.16 0.569 0.02 0.063
1 0.366 0.471 0.025 0.042
1 0.341 0.406 0.012 0.019
1 0.202 0.414 0.01 0.02
1 0.231 0.429 0.015 0.026
1 0.203 0.394 0.009 0.018
1 0.15 0.43 0.018 0.038
1 0.183 0.433 0.018 0.032
1 0.384 0.379 0.006 0.012
1 0.397 0.377 0.008 0.013
1 0.247 0.357 0.007 0.013
1 0.252 0.353 0.005 0.009
1 0.347 0.378 0.006 0.013
1 0.231 0.39 0.006 0.019
1 0.569 0.466 0.013 0.031
1 0.275 0.458 0.007 0.025
1 0.476 0.567 0.029 0.057
1 0.012 0.545 0.024 0.105
1 0.424 0.407 0.008 0.015
1 0.875 0.193 0.01 0.018
1 0.161 0.135 0.012 0.022
1 0.15 0.111 0.011 0.026
1 0.411 0.373 0.005 0.009
1 0.348 0.402 0.01 0.019
1 0.217 0.383 0.008 0.013
1 0.876 0.522 0.021 0.037
1 0.68 0.387 0.004 0.009
1 0.597 0.413 0.007 0.012
1 0.675 0.407 0.007 0.012
1 0.639 0.433 0.007 0.012
1 0.644 0.422 0.007 0.012
1 0.661 0.412 0.008 0.013
1 0.662 0.39 0.007 0.013
1 0.658 0.403 0.007 0.012
1 0.622 0.394 0.006 0.012
1 0.488 0.407 0.007 0.015
1 0.406 0.381 0.004 0.01
1 0.417 0.384 0.006 0.012
1 0.372 0.397 0.01 0.018
1 0.414 0.414 0.011 0.019
1 0.34 0.383 0.006 0.01
1 0.502 0.397 0.008 0.015
1 0.535 0.391 0.007 0.015
1 0.571 0.428 0.005 0.013
1 0.3 0.34 0.013 0.034
1 0.202 0.272 0.007 0.019
1 0.121 0.485 0.012 0.042
1 0.542 0.396 0.004 0.007
1 0.944 0.952 0.109 0.095
