1 0.045 0.344 0.021 0.098
1 0.02 0.207 0.024 0.152
1 0.107 0.242 0.011 0.057
1 0.1 0.199 0.01 0.037
1 0.069 0.074 0.013 0.09
1 0.075 0.143 0.01 0.066
1 0.182 0.213 0.009 0.041
1 0.198 0.23 0.005 0.033
1 0.16 0.266 0.012 0.057
1 0.311 0.252 0.006 0.037
1 0.321 0.381 0.006 0.033
1 0.364 0.172 0.012 0.057
1 0.429 0.115 0.013 0.066
1 0.033 0.141 0.011 0.078
1 0.47 0.316 0.007 0.025
1 0.48 0.305 0.006 0.029
1 0.491 0.316 0.005 0.033
1 0.578 0.256 0.005 0.029
1 0.592 0.264 0.007 0.037
1 0.694 0.381 0.004 0.025
1 0.697 0.334 0.005 0.02
1 0.705 0.262 0.006 0.033
1 0.714 0.24 0.007 0.037
1 0.967 0.457 0.04 0.168
1 0.973 0.16 0.011 0.057
1 0.932 0.166 0.011 0.053
1 0.876 0.488 0.015 0.09
1 0.846 0.436 0.011 0.053
1 0.861 0.389 0.018 0.049
1 0.914 0.268 0.006 0.029
1 0.892 0.232 0.009 0.045
1 0.788 0.287 0.005 0.025
1 0.797 0.275 0.007 0.033
1 0.837 0.389 0.01 0.057
1 0.951 0.338 0.011 0.061
