1 0.5 0.485 0.045 0.094
1 0.286 0.501 0.025 0.045
1 0.333 0.506 0.021 0.042
1 0.377 0.382 0.021 0.039
1 0.333 0.374 0.022 0.042
1 0.286 0.373 0.021 0.036
1 0.5 0.401 0.02 0.037
1 0.541 0.4 0.017 0.037
1 0.761 0.42 0.018 0.036
1 0.792 0.424 0.019 0.034
1 0.827 0.425 0.013 0.032
1 0.725 0.418 0.017 0.032
1 0.689 0.419 0.019 0.034
1 0.654 0.413 0.02 0.039
1 0.618 0.412 0.019 0.036
1 0.578 0.41 0.018 0.032
1 0.854 0.643 0.02 0.037
1 0.821 0.647 0.021 0.039
1 0.787 0.643 0.02 0.041
1 0.749 0.643 0.021 0.041
1 0.713 0.645 0.02 0.042
1 0.674 0.644 0.021 0.037
1 0.636 0.643 0.022 0.042
1 0.597 0.647 0.023 0.044
1 0.607 0.776 0.02 0.045
1 0.566 0.778 0.024 0.049
1 0.555 0.647 0.021 0.044
1 0.514 0.64 0.021 0.045
1 0.618 0.917 0.022 0.049
1 0.574 0.919 0.025 0.052
1 0.526 0.918 0.025 0.053
1 0.484 0.927 0.026 0.052
1 0.521 0.776 0.025 0.047
1 0.478 0.778 0.023 0.042
1 0.43 0.782 0.024 0.044
1 0.435 0.935 0.026 0.045
1 0.426 0.638 0.024 0.044
1 0.475 0.632 0.024 0.045
1 0.381 0.632 0.024 0.042
1 0.382 0.78 0.028 0.05
1 0.385 0.943 0.027 0.049
1 0.333 0.946 0.031 0.06
1 0.28 0.945 0.031 0.055
1 0.333 0.784 0.03 0.052
1 0.282 0.784 0.028 0.053
1 0.333 0.638 0.025 0.047
1 0.283 0.643 0.023 0.05
1 0.874 0.761 0.02 0.037
1 0.837 0.763 0.023 0.041
1 0.818 0.891 0.02 0.037
1 0.783 0.9 0.021 0.045
1 0.739 0.905 0.022 0.047
1 0.7 0.908 0.021 0.047
1 0.66 0.908 0.024 0.052
1 0.801 0.761 0.02 0.044
1 0.766 0.771 0.021 0.044
1 0.727 0.766 0.02 0.037
1 0.686 0.769 0.021 0.037
1 0.649 0.77 0.021 0.042
1 0.087 0.544 0.028 0.047
