1 0.416 0.591 0.061 0.11
1 0.046 0.786 0.08 0.131
1 0.203 0.549 0.017 0.067
1 0.207 0.469 0.036 0.077
1 0.28 0.438 0.03 0.065
1 0.355 0.403 0.036 0.072
1 0.105 0.481 0.038 0.08
1 0.043 0.565 0.044 0.085
1 0.047 0.436 0.031 0.053
1 0.126 0.438 0.031 0.063
1 0.147 0.434 0.022 0.04
1 0.167 0.373 0.025 0.033
1 0.089 0.383 0.02 0.033
1 0.016 0.392 0.017 0.045
1 0.009 0.325 0.014 0.032
1 0.027 0.401 0.019 0.037
1 0.234 0.435 0.021 0.052
1 0.217 0.308 0.014 0.027
1 0.15 0.329 0.013 0.023
1 0.117 0.334 0.02 0.033
1 0.21 0.351 0.016 0.03
1 0.472 0.379 0.027 0.048
1 0.413 0.394 0.032 0.062
1 0.311 0.37 0.024 0.052
1 0.507 0.357 0.023 0.048
1 0.356 0.323 0.02 0.037
1 0.453 0.341 0.022 0.043
1 0.511 0.248 0.01 0.02
1 0.399 0.295 0.012 0.023
1 0.334 0.311 0.013 0.027
1 0.536 0.388 0.029 0.057
1 0.365 0.356 0.022 0.04
1 0.326 0.29 0.007 0.015
1 0.406 0.273 0.008 0.017
1 0.725 0.828 0.085 0.148
1 0.702 0.575 0.062 0.111
1 0.532 0.656 0.072 0.146
1 0.95 0.456 0.051 0.083
1 0.988 0.384 0.023 0.063
1 0.887 0.387 0.034 0.068
1 0.822 0.386 0.023 0.057
1 0.943 0.304 0.021 0.043
1 0.896 0.225 0.015 0.028
1 0.839 0.204 0.013 0.025
1 0.833 0.352 0.024 0.048
1 0.781 0.214 0.012 0.022
1 0.773 0.34 0.017 0.035
1 0.735 0.371 0.024 0.043
1 0.683 0.379 0.029 0.05
1 0.598 0.377 0.031 0.055
1 0.663 0.319 0.017 0.033
1 0.696 0.339 0.022 0.042
1 0.754 0.276 0.011 0.02
1 0.574 0.41 0.025 0.062
1 0.699 0.469 0.036 0.073
1 0.721 0.287 0.012 0.022
1 0.688 0.287 0.012 0.022
1 0.652 0.265 0.009 0.018
1 0.646 0.242 0.006 0.012
1 0.659 0.229 0.009 0.015
1 0.707 0.313 0.011 0.02
1 0.716 0.242 0.009 0.018
1 0.751 0.193 0.008 0.017
1 0.122 0.11 0.004 0.01
1 0.58 0.241 0.018 0.037
1 0.555 0.116 0.018 0.033
1 0.573 0.1 0.012 0.023
1 0.588 0.124 0.017 0.038
1 0.531 0.087 0.017 0.033
1 0.505 0.125 0.017 0.03
1 0.483 0.104 0.018 0.032
1 0.46 0.108 0.017 0.033
1 0.436 0.097 0.018 0.033
1 0.404 0.156 0.015 0.025
1 0.601 0.154 0.016 0.038
1 0.793 0.236 0.011 0.02
1 0.783 0.259 0.01 0.018
1 0.265 0.313 0.011 0.02
1 0.324 0.344 0.012 0.023
1 0.208 0.328 0.015 0.033
1 0.314 0.314 0.009 0.018
1 0.851 0.349 0.016 0.038
