1 0.953 0.628 0.049 0.101
1 0.719 0.409 0.034 0.057
1 0.844 0.676 0.048 0.091
1 0.883 0.939 0.059 0.108
1 0.673 0.926 0.062 0.109
1 0.772 0.696 0.041 0.069
1 0.762 0.632 0.038 0.07
1 0.736 0.652 0.032 0.08
1 0.598 0.659 0.041 0.083
1 0.622 0.623 0.033 0.07
1 0.505 0.97 0.078 0.06
1 0.554 0.945 0.053 0.104
1 0.495 0.895 0.066 0.099
1 0.458 0.904 0.058 0.112
1 0.416 0.848 0.056 0.102
1 0.495 0.626 0.061 0.095
1 0.523 0.606 0.038 0.073
1 0.434 0.634 0.037 0.073
1 0.455 0.63 0.025 0.069
1 0.349 0.626 0.043 0.07
1 0.312 0.965 0.098 0.07
1 0.218 0.953 0.075 0.093
1 0.042 0.956 0.064 0.088
1 0.207 0.606 0.053 0.088
1 0.293 0.634 0.037 0.063
1 0.334 0.634 0.037 0.061
1 0.313 0.553 0.017 0.031
1 0.127 0.627 0.046 0.072
1 0.045 0.669 0.037 0.058
1 0.082 0.63 0.046 0.066
1 0.014 0.607 0.027 0.064
1 0.016 0.564 0.031 0.063
