1 0.991 0.389 0.019 0.071
1 0.991 0.306 0.018 0.052
1 0.976 0.291 0.017 0.03
1 0.938 0.361 0.049 0.072
1 0.913 0.335 0.036 0.061
1 0.937 0.273 0.013 0.019
1 0.893 0.299 0.028 0.046
1 0.829 0.273 0.027 0.045
1 0.797 0.345 0.04 0.061
1 0.773 0.288 0.029 0.045
1 0.732 0.329 0.035 0.056
1 0.708 0.29 0.023 0.042
1 0.682 0.262 0.026 0.044
1 0.643 0.309 0.03 0.052
1 0.575 0.27 0.021 0.034
1 0.541 0.242 0.032 0.053
1 0.497 0.277 0.029 0.059
1 0.456 0.287 0.035 0.06
1 0.415 0.286 0.034 0.057
1 0.37 0.305 0.034 0.061
1 0.312 0.287 0.042 0.066
1 0.2 0.327 0.042 0.075
1 0.167 0.158 0.007 0.012
1 0.372 0.199 0.007 0.011
1 0.349 0.189 0.006 0.011
1 0.355 0.175 0.006 0.011
1 0.013 0.312 0.025 0.059
1 0.09 0.16 0.009 0.016
1 0.956 0.319 0.012 0.018
1 0.816 0.311 0.011 0.018
1 0.772 0.245 0.01 0.019
1 0.332 0.283 0.025 0.048
1 0.232 0.28 0.019 0.038
