1 0.073 0.287 0.019 0.032
1 0.105 0.24 0.009 0.009
1 0.124 0.304 0.006 0.015
1 0.152 0.287 0.016 0.034
1 0.217 0.324 0.021 0.045
1 0.282 0.296 0.012 0.025
1 0.33 0.243 0.005 0.009
1 0.343 0.279 0.003 0.007
1 0.375 0.253 0.022 0.056
1 0.459 0.283 0.018 0.028
1 0.552 0.239 0.036 0.063
1 0.413 0.272 0.004 0.006
1 0.43 0.272 0.004 0.009
1 0.635 0.311 0.012 0.018
1 0.672 0.296 0.011 0.019
1 0.727 0.23 0.026 0.048
1 0.839 0.273 0.017 0.026
1 0.82 0.292 0.01 0.012
1 0.896 0.296 0.009 0.016
1 0.925 0.309 0.011 0.016
1 0.953 0.304 0.008 0.012
1 0.977 0.304 0.008 0.012
1 0.199 0.299 0.007 0.013
