1 0.721 0.296 0.028 0.05
1 0.64 0.335 0.021 0.035
1 0.746 0.284 0.008 0.018
1 0.79 0.273 0.009 0.016
1 0.815 0.319 0.023 0.041
1 0.902 0.324 0.023 0.038
1 0.882 0.234 0.011 0.024
1 0.947 0.241 0.015 0.024
1 0.957 0.352 0.022 0.037
1 0.995 0.373 0.011 0.028
1 0.833 0.292 0.006 0.016
1 0.931 0.285 0.011 0.021
1 0.42 0.296 0.033 0.05
1 0.443 0.323 0.018 0.028
1 0.317 0.407 0.01 0.015
1 0.33 0.409 0.009 0.015
1 0.252 0.261 0.041 0.06
1 0.095 0.401 0.013 0.019
1 0.056 0.406 0.011 0.018
1 0.051 0.403 0.008 0.015
1 0.028 0.413 0.007 0.015
1 0.565 0.261 0.033 0.063
