1 0.168 0.415 0.016 0.025
1 0.115 0.409 0.015 0.023
1 0.218 0.402 0.015 0.026
1 0.129 0.439 0.015 0.023
1 0.491 0.42 0.019 0.027
1 0.45 0.418 0.017 0.026
1 0.409 0.434 0.017 0.025
1 0.389 0.415 0.013 0.023
1 0.429 0.441 0.016 0.022
1 0.607 0.441 0.015 0.022
1 0.573 0.424 0.019 0.029
1 0.54 0.434 0.013 0.021
1 0.755 0.423 0.017 0.022
1 0.715 0.421 0.018 0.025
1 0.688 0.424 0.016 0.023
1 0.664 0.43 0.014 0.023
1 0.896 0.443 0.015 0.029
1 0.813 0.444 0.018 0.029
1 0.297 0.414 0.018 0.023
1 0.323 0.421 0.018 0.023
1 0.075 0.43 0.017 0.023
1 0.099 0.428 0.016 0.023
