1 0.009 0.173 0.018 0.035
1 0.187 0.126 0.027 0.053
1 0.221 0.085 0.023 0.047
1 0.101 0.215 0.026 0.047
1 0.204 0.245 0.025 0.041
1 0.297 0.102 0.027 0.047
1 0.292 0.225 0.028 0.044
1 0.059 0.313 0.028 0.05
1 0.153 0.337 0.029 0.048
1 0.256 0.326 0.023 0.042
1 0.21 0.419 0.025 0.048
1 0.008 0.611 0.016 0.044
1 0.077 0.559 0.028 0.05
1 0.01 0.459 0.02 0.048
1 0.18 0.485 0.031 0.06
1 0.208 0.596 0.028 0.056
1 0.106 0.592 0.028 0.05
1 0.02 0.736 0.027 0.056
1 0.089 0.803 0.025 0.051
1 0.138 0.727 0.026 0.054
1 0.264 0.69 0.028 0.054
1 0.186 0.846 0.031 0.06
1 0.032 0.939 0.037 0.057
1 0.237 0.947 0.03 0.056
1 0.331 0.832 0.03 0.069
1 0.389 0.725 0.029 0.059
1 0.361 0.135 0.024 0.044
1 0.495 0.217 0.027 0.051
1 0.388 0.199 0.027 0.05
1 0.365 0.26 0.028 0.06
1 0.525 0.072 0.023 0.044
1 0.453 0.068 0.025 0.048
1 0.473 0.301 0.023 0.045
1 0.569 0.317 0.025 0.057
1 0.519 0.398 0.028 0.051
1 0.428 0.387 0.026 0.048
1 0.297 0.522 0.027 0.048
1 0.339 0.403 0.028 0.05
1 0.401 0.488 0.025 0.045
1 0.413 0.604 0.028 0.054
1 0.327 0.606 0.025 0.053
1 0.527 0.59 0.026 0.053
1 0.633 0.613 0.029 0.054
1 0.417 0.935 0.029 0.048
1 0.451 0.833 0.03 0.059
1 0.536 0.769 0.028 0.05
1 0.569 0.806 0.033 0.063
1 0.638 0.744 0.032 0.059
1 0.569 0.949 0.031 0.047
1 0.702 0.841 0.03 0.054
1 0.743 0.93 0.033 0.056
1 0.855 0.899 0.029 0.047
1 0.749 0.741 0.034 0.053
1 0.836 0.764 0.028 0.051
1 0.773 0.581 0.029 0.05
1 0.669 0.483 0.031 0.05
1 0.618 0.42 0.034 0.053
1 0.709 0.383 0.03 0.057
1 0.67 0.31 0.029 0.059
1 0.803 0.392 0.03 0.045
1 0.793 0.521 0.029 0.056
1 0.892 0.599 0.03 0.05
1 0.906 0.493 0.031 0.06
1 0.897 0.275 0.033 0.057
1 0.768 0.262 0.033 0.064
1 0.911 0.415 0.034 0.045
1 0.623 0.187 0.027 0.048
1 0.725 0.111 0.027 0.044
1 0.736 0.2 0.025 0.045
1 0.863 0.119 0.025 0.044
1 0.892 0.22 0.027 0.047
1 0.103 0.394 0.026 0.047
1 0.126 0.071 0.026 0.045
