1 0.102 0.796 0.012 0.019
1 0.986 0.639 0.013 0.022
1 0.951 0.611 0.016 0.03
1 0.895 0.654 0.013 0.019
1 0.917 0.712 0.01 0.019
1 0.837 0.625 0.021 0.036
1 0.796 0.662 0.011 0.018
1 0.681 0.563 0.016 0.028
1 0.677 0.712 0.008 0.018
1 0.659 0.729 0.01 0.013
1 0.648 0.724 0.008 0.016
1 0.624 0.721 0.009 0.013
1 0.624 0.774 0.008 0.013
1 0.6 0.729 0.007 0.012
1 0.531 0.717 0.008 0.018
1 0.767 0.74 0.007 0.012
1 0.573 0.809 0.005 0.01
1 0.57 0.749 0.006 0.009
1 0.455 0.826 0.006 0.01
1 0.429 0.836 0.006 0.007
1 0.473 0.75 0.009 0.015
1 0.515 0.832 0.004 0.007
1 0.345 0.629 0.02 0.03
1 0.208 0.732 0.013 0.03
1 0.062 0.777 0.012 0.022
1 0.036 0.786 0.014 0.024
1 0.445 0.786 0.005 0.007
1 0.432 0.799 0.005 0.007
