1 0.037 0.646 0.011 0.029
1 0.065 0.635 0.011 0.025
1 0.092 0.652 0.012 0.027
1 0.126 0.643 0.011 0.027
1 0.137 0.662 0.011 0.027
1 0.162 0.65 0.011 0.029
1 0.136 0.71 0.011 0.029
1 0.101 0.712 0.011 0.027
1 0.059 0.77 0.012 0.031
1 0.351 0.721 0.012 0.027
1 0.315 0.718 0.012 0.027
1 0.281 0.719 0.012 0.025
1 0.244 0.715 0.012 0.029
1 0.209 0.716 0.011 0.027
1 0.172 0.711 0.012 0.029
1 0.17 0.666 0.013 0.029
1 0.207 0.654 0.012 0.027
1 0.24 0.651 0.012 0.031
1 0.277 0.652 0.012 0.033
1 0.314 0.655 0.013 0.033
1 0.353 0.652 0.012 0.029
1 0.572 0.727 0.011 0.024
1 0.536 0.721 0.011 0.027
1 0.499 0.723 0.013 0.031
1 0.462 0.729 0.013 0.027
1 0.424 0.721 0.012 0.029
1 0.388 0.722 0.012 0.029
1 0.395 0.651 0.012 0.031
1 0.433 0.652 0.012 0.031
1 0.473 0.656 0.011 0.031
1 0.515 0.657 0.012 0.029
1 0.556 0.657 0.012 0.029
1 0.595 0.652 0.01 0.024
1 0.558 0.579 0.012 0.029
1 0.521 0.583 0.012 0.029
1 0.481 0.577 0.011 0.029
1 0.439 0.579 0.012 0.029
1 0.4 0.583 0.013 0.031
1 0.359 0.579 0.013 0.029
1 0.804 0.717 0.013 0.029
1 0.765 0.714 0.013 0.031
1 0.726 0.716 0.012 0.031
1 0.685 0.715 0.013 0.033
1 0.646 0.719 0.012 0.033
1 0.608 0.721 0.012 0.033
1 0.636 0.655 0.012 0.033
1 0.674 0.649 0.013 0.034
1 0.716 0.644 0.012 0.033
1 0.759 0.644 0.013 0.033
1 0.782 0.658 0.013 0.031
1 0.807 0.645 0.012 0.031
1 0.827 0.658 0.013 0.034
1 0.807 0.575 0.012 0.029
1 0.848 0.569 0.012 0.031
1 0.851 0.507 0.013 0.031
1 0.889 0.634 0.011 0.027
1 0.852 0.649 0.013 0.027
1 0.844 0.721 0.013 0.029
1 0.885 0.779 0.012 0.033
1 0.89 0.575 0.013 0.029
1 0.894 0.51 0.012 0.029
1 0.891 0.448 0.015 0.029
1 0.767 0.573 0.012 0.031
1 0.806 0.505 0.011 0.027
1 0.72 0.573 0.011 0.027
1 0.766 0.508 0.013 0.033
1 0.72 0.513 0.012 0.031
1 0.681 0.508 0.014 0.033
1 0.683 0.574 0.012 0.034
1 0.64 0.575 0.012 0.033
1 0.603 0.579 0.012 0.029
1 0.604 0.508 0.011 0.029
1 0.641 0.511 0.012 0.031
1 0.723 0.446 0.013 0.033
1 0.767 0.443 0.013 0.033
1 0.686 0.446 0.013 0.027
1 0.647 0.451 0.012 0.031
1 0.61 0.454 0.013 0.033
1 0.57 0.452 0.013 0.033
1 0.567 0.51 0.012 0.033
1 0.958 0.623 0.013 0.031
1 0.951 0.592 0.012 0.029
1 0.93 0.615 0.013 0.029
1 0.896 0.26 0.012 0.027
1 0.895 0.324 0.011 0.027
1 0.895 0.387 0.012 0.033
1 0.856 0.243 0.013 0.033
1 0.853 0.311 0.014 0.031
1 0.85 0.376 0.012 0.029
1 0.851 0.436 0.013 0.033
1 0.809 0.442 0.012 0.031
1 0.811 0.38 0.013 0.031
1 0.811 0.313 0.013 0.034
1 0.813 0.248 0.013 0.031
1 0.287 0.581 0.011 0.029
1 0.25 0.581 0.011 0.029
1 0.211 0.58 0.011 0.027
1 0.179 0.58 0.013 0.031
1 0.137 0.581 0.012 0.029
1 0.101 0.585 0.012 0.031
1 0.112 0.523 0.011 0.029
1 0.149 0.52 0.013 0.031
1 0.187 0.52 0.011 0.031
1 0.22 0.519 0.012 0.029
1 0.254 0.518 0.011 0.027
1 0.292 0.522 0.013 0.031
1 0.122 0.468 0.012 0.025
1 0.131 0.406 0.011 0.027
1 0.155 0.458 0.012 0.027
1 0.323 0.58 0.011 0.027
1 0.444 0.517 0.011 0.029
1 0.407 0.515 0.013 0.031
1 0.368 0.513 0.011 0.027
1 0.331 0.517 0.011 0.029
1 0.452 0.455 0.012 0.031
1 0.413 0.455 0.013 0.031
1 0.373 0.461 0.013 0.029
1 0.336 0.456 0.011 0.029
1 0.3 0.457 0.012 0.033
1 0.139 0.35 0.012 0.029
1 0.151 0.29 0.011 0.029
1 0.171 0.338 0.011 0.027
1 0.161 0.395 0.012 0.027
1 0.197 0.399 0.013 0.025
1 0.18 0.27 0.011 0.027
1 0.213 0.273 0.011 0.027
1 0.245 0.275 0.012 0.027
1 0.28 0.275 0.012 0.027
1 0.273 0.335 0.01 0.027
1 0.239 0.338 0.013 0.031
1 0.208 0.333 0.011 0.027
1 0.267 0.395 0.012 0.031
1 0.233 0.395 0.012 0.031
1 0.263 0.461 0.012 0.029
1 0.227 0.456 0.012 0.025
1 0.191 0.458 0.01 0.027
1 0.319 0.274 0.013 0.029
1 0.356 0.274 0.014 0.033
1 0.395 0.27 0.012 0.031
1 0.427 0.27 0.012 0.031
1 0.424 0.329 0.012 0.027
1 0.386 0.333 0.012 0.027
1 0.349 0.334 0.012 0.029
1 0.311 0.33 0.012 0.033
1 0.418 0.388 0.011 0.029
1 0.38 0.388 0.011 0.033
1 0.342 0.391 0.012 0.031
1 0.307 0.395 0.012 0.027
1 0.53 0.45 0.012 0.025
1 0.524 0.516 0.012 0.031
1 0.489 0.453 0.012 0.031
1 0.484 0.517 0.012 0.029
1 0.577 0.263 0.012 0.033
1 0.576 0.323 0.011 0.033
1 0.534 0.325 0.012 0.033
1 0.54 0.268 0.013 0.031
1 0.503 0.27 0.013 0.031
1 0.465 0.27 0.013 0.031
1 0.574 0.39 0.011 0.029
1 0.534 0.391 0.011 0.027
1 0.494 0.393 0.012 0.031
1 0.457 0.393 0.012 0.027
1 0.46 0.332 0.012 0.029
1 0.498 0.33 0.013 0.029
1 0.773 0.249 0.012 0.029
1 0.771 0.319 0.012 0.031
1 0.769 0.377 0.011 0.029
1 0.726 0.377 0.014 0.033
1 0.729 0.319 0.014 0.033
1 0.732 0.25 0.012 0.031
1 0.693 0.256 0.012 0.029
1 0.657 0.258 0.013 0.033
1 0.617 0.262 0.013 0.031
1 0.69 0.316 0.012 0.029
1 0.687 0.377 0.013 0.029
1 0.651 0.383 0.013 0.029
1 0.616 0.325 0.012 0.029
1 0.653 0.318 0.012 0.029
1 0.613 0.387 0.011 0.027
