1 0.041 0.296 0.018 0.02
1 0.08 0.296 0.016 0.02
1 0.115 0.275 0.013 0.025
1 0.177 0.247 0.017 0.026
1 0.129 0.338 0.022 0.04
1 0.211 0.337 0.022 0.031
1 0.293 0.335 0.019 0.03
1 0.307 0.263 0.013 0.023
1 0.269 0.269 0.007 0.02
1 0.362 0.319 0.014 0.029
1 0.36 0.335 0.017 0.053
1 0.427 0.31 0.015 0.034
1 0.403 0.238 0.014 0.023
1 0.465 0.245 0.01 0.02
1 0.477 0.296 0.017 0.027
1 0.523 0.302 0.016 0.026
1 0.501 0.279 0.009 0.013
1 0.536 0.275 0.01 0.014
1 0.554 0.298 0.009 0.014
1 0.568 0.301 0.014 0.021
1 0.613 0.294 0.011 0.022
1 0.662 0.283 0.01 0.02
1 0.695 0.288 0.008 0.018
1 0.734 0.278 0.009 0.022
1 0.751 0.281 0.011 0.017
1 0.807 0.291 0.011 0.022
1 0.867 0.291 0.008 0.03
1 0.908 0.275 0.011 0.02
1 0.156 0.345 0.009 0.016
