1 0.882 0.525 0.013 0.029
1 0.751 0.558 0.013 0.022
1 0.649 0.574 0.011 0.025
1 0.886 0.415 0.012 0.014
1 0.795 0.399 0.009 0.017
1 0.784 0.373 0.008 0.012
1 0.829 0.359 0.009 0.013
1 0.904 0.357 0.012 0.02
1 0.908 0.34 0.009 0.012
1 0.93 0.281 0.009 0.012
1 0.987 0.314 0.01 0.012
1 0.844 0.286 0.006 0.009
1 0.866 0.264 0.007 0.01
1 0.954 0.239 0.007 0.014
1 0.419 0.411 0.016 0.021
1 0.36 0.561 0.014 0.025
1 0.245 0.531 0.014 0.022
1 0.037 0.381 0.009 0.012
1 0.145 0.368 0.01 0.014
1 0.231 0.356 0.011 0.012
1 0.278 0.352 0.008 0.012
1 0.229 0.334 0.007 0.012
1 0.284 0.337 0.006 0.009
1 0.169 0.332 0.009 0.01
1 0.071 0.333 0.007 0.012
1 0.582 0.203 0.006 0.01
1 0.246 0.224 0.005 0.008
1 0.209 0.221 0.006 0.008
1 0.191 0.229 0.004 0.005
1 0.165 0.24 0.004 0.007
1 0.147 0.242 0.004 0.008
1 0.278 0.216 0.006 0.01
1 0.335 0.216 0.004 0.005
1 0.401 0.205 0.004 0.007
1 0.459 0.202 0.004 0.008
1 0.667 0.27 0.008 0.013
1 0.633 0.268 0.007 0.01
1 0.607 0.212 0.006 0.008
1 0.651 0.193 0.006 0.01
1 0.498 0.22 0.004 0.008
1 0.564 0.221 0.005 0.008
1 0.566 0.191 0.005 0.005
1 0.676 0.199 0.004 0.007
1 0.759 0.278 0.008 0.012
1 0.703 0.228 0.008 0.01
1 0.749 0.204 0.005 0.008
1 0.805 0.201 0.005 0.009
1 0.818 0.2 0.005 0.009
1 0.785 0.201 0.005 0.007
1 0.71 0.195 0.005 0.008
