1 0.468 0.335 0.058 0.08
1 0.215 0.461 0.013 0.023
1 0.183 0.451 0.018 0.033
1 0.141 0.453 0.016 0.024
1 0.114 0.435 0.013 0.019
1 0.292 0.446 0.011 0.021
1 0.304 0.444 0.008 0.017
1 0.338 0.435 0.017 0.019
1 0.829 0.434 0.008 0.017
1 0.725 0.464 0.019 0.036
1 0.77 0.449 0.013 0.026
1 0.672 0.428 0.014 0.026
1 0.631 0.455 0.017 0.028
1 0.588 0.439 0.011 0.021
1 0.604 0.444 0.007 0.012
1 0.706 0.451 0.007 0.012
1 0.258 0.445 0.009 0.016
1 0.898 0.447 0.009 0.016
1 0.945 0.441 0.012 0.017
1 0.978 0.464 0.017 0.028
1 0.849 0.47 0.023 0.04
