1 0.09 0.366 0.023 0.048
1 0.224 0.301 0.021 0.053
1 0.249 0.25 0.038 0.079
1 0.066 0.374 0.017 0.038
1 0.354 0.534 0.018 0.037
1 0.347 0.373 0.01 0.018
1 0.338 0.371 0.007 0.016
1 0.412 0.344 0.025 0.034
1 0.446 0.389 0.014 0.029
1 0.471 0.394 0.013 0.035
1 0.479 0.38 0.013 0.028
1 0.506 0.359 0.013 0.028
1 0.535 0.369 0.021 0.034
1 0.041 0.323 0.02 0.038
1 0.578 0.338 0.032 0.062
1 0.707 0.317 0.025 0.056
1 0.64 0.391 0.008 0.015
1 0.877 0.275 0.039 0.069
1 0.992 0.344 0.017 0.051
1 0.616 0.517 0.016 0.029
