1 0.399 0.025 0.017 0.029
1 0.41 0.013 0.015 0.023
1 0.36 0.131 0.019 0.029
1 0.443 0.131 0.02 0.035
1 0.414 0.158 0.02 0.036
1 0.436 0.168 0.02 0.038
1 0.408 0.205 0.021 0.042
1 0.382 0.262 0.021 0.036
1 0.372 0.295 0.022 0.041
1 0.375 0.318 0.019 0.045
1 0.565 0.056 0.018 0.031
1 0.548 0.091 0.018 0.028
1 0.535 0.099 0.014 0.023
1 0.529 0.144 0.016 0.034
1 0.519 0.153 0.018 0.032
1 0.504 0.197 0.016 0.023
1 0.496 0.242 0.014 0.029
1 0.487 0.253 0.014 0.023
1 0.477 0.293 0.018 0.029
1 0.466 0.333 0.014 0.026
1 0.445 0.333 0.015 0.018
1 0.458 0.329 0.009 0.025
1 0.566 0.25 0.018 0.039
1 0.579 0.248 0.015 0.038
1 0.554 0.306 0.021 0.036
1 0.559 0.356 0.022 0.044
1 0.533 0.371 0.024 0.047
1 0.323 0.191 0.018 0.026
1 0.312 0.228 0.019 0.023
1 0.289 0.286 0.014 0.02
1 0.281 0.331 0.019 0.029
1 0.348 0.355 0.021 0.045
1 0.333 0.355 0.023 0.044
1 0.319 0.405 0.023 0.034
1 0.313 0.431 0.021 0.045
1 0.291 0.427 0.022 0.045
1 0.276 0.477 0.024 0.051
1 0.358 0.327 0.019 0.044
1 0.438 0.387 0.022 0.038
1 0.421 0.409 0.025 0.035
1 0.381 0.466 0.019 0.036
1 0.399 0.468 0.017 0.036
1 0.527 0.424 0.025 0.039
1 0.522 0.453 0.023 0.036
1 0.514 0.477 0.025 0.053
1 0.503 0.482 0.025 0.053
1 0.473 0.524 0.024 0.044
1 0.468 0.556 0.023 0.053
1 0.244 0.37 0.024 0.034
1 0.218 0.389 0.024 0.036
1 0.19 0.437 0.018 0.039
1 0.203 0.445 0.02 0.032
1 0.176 0.462 0.023 0.039
1 0.151 0.496 0.019 0.034
1 0.131 0.528 0.028 0.039
1 0.139 0.612 0.026 0.05
1 0.254 0.536 0.027 0.053
1 0.222 0.595 0.028 0.057
1 0.292 0.633 0.026 0.039
1 0.362 0.629 0.029 0.038
1 0.087 0.598 0.029 0.039
1 0.05 0.61 0.024 0.053
1 0.457 0.626 0.027 0.053
1 0.436 0.676 0.028 0.053
1 0.569 0.702 0.032 0.047
1 0.621 0.625 0.031 0.047
1 0.903 0.065 0.016 0.031
1 0.897 0.12 0.018 0.031
1 0.862 0.188 0.021 0.036
1 0.877 0.161 0.017 0.029
1 0.843 0.212 0.021 0.039
1 0.86 0.304 0.022 0.045
1 0.808 0.154 0.017 0.036
1 0.784 0.174 0.019 0.035
1 0.774 0.196 0.02 0.034
1 0.781 0.206 0.017 0.038
1 0.767 0.233 0.021 0.045
1 0.745 0.293 0.022 0.038
1 0.744 0.342 0.02 0.041
1 0.745 0.377 0.02 0.044
1 0.729 0.419 0.02 0.047
1 0.719 0.428 0.022 0.048
1 0.666 0.202 0.017 0.028
1 0.662 0.332 0.017 0.034
1 0.65 0.345 0.017 0.031
1 0.638 0.382 0.022 0.031
1 0.705 0.463 0.024 0.035
1 0.703 0.532 0.026 0.054
1 0.709 0.509 0.022 0.042
1 0.719 0.566 0.026 0.051
1 0.813 0.499 0.026 0.039
1 0.831 0.562 0.025 0.041
1 0.835 0.628 0.026 0.053
1 0.83 0.431 0.019 0.038
1 0.911 0.572 0.025 0.044
1 0.956 0.648 0.022 0.05
1 0.37 0.127 0.016 0.035
1 0.38 0.114 0.014 0.032
