1 0.078 0.494 0.056 0.065
1 0.166 0.522 0.028 0.051
1 0.236 0.558 0.027 0.033
1 0.206 0.544 0.012 0.018
1 0.281 0.547 0.036 0.058
1 0.427 0.53 0.04 0.059
1 0.378 0.555 0.018 0.019
1 0.475 0.542 0.016 0.025
1 0.663 0.555 0.007 0.016
1 0.687 0.539 0.012 0.018
1 0.695 0.559 0.012 0.02
1 0.709 0.579 0.017 0.034
1 0.708 0.64 0.015 0.026
1 0.676 0.561 0.011 0.018
1 0.723 0.521 0.014 0.022
1 0.762 0.545 0.017 0.031
1 0.719 0.55 0.011 0.016
1 0.781 0.558 0.02 0.031
1 0.86 0.635 0.018 0.027
1 0.872 0.557 0.018 0.034
1 0.839 0.544 0.018 0.031
1 0.804 0.526 0.019 0.032
1 0.953 0.554 0.019 0.031
1 0.971 0.579 0.012 0.027
1 0.989 0.564 0.018 0.029
1 0.979 0.532 0.018 0.028
1 0.853 0.481 0.016 0.022
1 0.897 0.478 0.014 0.022
1 0.964 0.463 0.012 0.019
