1 0.85 0.259 0.045 0.068
1 0.709 0.304 0.035 0.057
1 0.604 0.317 0.029 0.049
1 0.527 0.373 0.026 0.046
1 0.468 0.362 0.025 0.038
1 0.426 0.412 0.021 0.035
1 0.374 0.394 0.019 0.032
1 0.335 0.408 0.017 0.031
1 0.279 0.437 0.014 0.024
1 0.244 0.471 0.009 0.026
1 0.209 0.446 0.012 0.024
1 0.191 0.455 0.008 0.019
1 0.168 0.458 0.011 0.019
1 0.15 0.454 0.009 0.018
1 0.129 0.466 0.01 0.015
1 0.113 0.467 0.011 0.019
1 0.088 0.476 0.01 0.016
1 0.077 0.479 0.01 0.013
1 0.997 0.46 0.007 0.019
1 0.303 0.416 0.017 0.035
