1 0.973 0.327 0.02 0.051
1 0.94 0.292 0.021 0.039
1 0.885 0.247 0.027 0.052
1 0.831 0.266 0.024 0.047
1 0.782 0.234 0.029 0.053
1 0.746 0.212 0.027 0.053
1 0.691 0.193 0.026 0.043
1 0.645 0.169 0.032 0.055
1 0.515 0.133 0.031 0.06
1 0.376 0.153 0.038 0.059
1 0.292 0.141 0.038 0.043
1 0.191 0.16 0.033 0.055
1 0.122 0.184 0.029 0.047
1 0.846 0.816 0.014 0.031
1 0.018 0.92 0.02 0.038
1 0.023 0.837 0.008 0.025
1 0.035 0.85 0.009 0.025
1 0.109 0.913 0.025 0.052
1 0.151 0.856 0.019 0.027
1 0.224 0.799 0.037 0.055
1 0.368 0.755 0.03 0.049
1 0.782 0.814 0.018 0.035
