1 0.008 0.475 0.017 0.052
1 0.095 0.474 0.026 0.046
1 0.19 0.507 0.02 0.035
1 0.285 0.464 0.029 0.055
1 0.321 0.478 0.02 0.036
1 0.352 0.478 0.019 0.032
1 0.47 0.478 0.024 0.043
1 0.533 0.46 0.034 0.052
1 0.576 0.48 0.017 0.026
1 0.605 0.483 0.023 0.038
1 0.639 0.467 0.013 0.023
1 0.697 0.498 0.019 0.027
1 0.726 0.478 0.023 0.045
1 0.708 0.462 0.015 0.022
1 0.75 0.462 0.015 0.022
1 0.779 0.454 0.02 0.033
1 0.853 0.444 0.021 0.039
1 0.825 0.462 0.016 0.027
1 0.876 0.462 0.014 0.029
1 0.89 0.468 0.013 0.02
1 0.941 0.429 0.022 0.038
1 0.997 0.465 0.006 0.035
