1 0.148 0.232 0.014 0.023
1 0.116 0.245 0.017 0.023
1 0.242 0.281 0.019 0.039
1 0.305 0.303 0.021 0.033
1 0.32 0.276 0.021 0.034
1 0.346 0.28 0.021 0.039
1 0.381 0.273 0.023 0.044
1 0.413 0.275 0.023 0.046
1 0.456 0.293 0.022 0.042
1 0.459 0.247 0.021 0.038
1 0.412 0.212 0.018 0.034
1 0.356 0.26 0.018 0.033
1 0.337 0.242 0.021 0.038
1 0.29 0.274 0.02 0.033
1 0.442 0.176 0.014 0.022
1 0.485 0.148 0.023 0.052
1 0.776 0.311 0.021 0.031
1 0.68 0.296 0.018 0.03
1 0.651 0.275 0.009 0.014
1 0.667 0.247 0.01 0.017
1 0.608 0.249 0.012 0.02
1 0.727 0.283 0.011 0.02
1 0.714 0.251 0.009 0.018
1 0.86 0.175 0.022 0.033
1 0.914 0.157 0.02 0.038
1 0.711 0.221 0.013 0.023
1 0.782 0.285 0.016 0.025
1 0.828 0.261 0.014 0.03
1 0.694 0.263 0.016 0.029
1 0.712 0.281 0.013 0.026
1 0.751 0.062 0.027 0.039
