1 0.253 0.484 0.005 0.009
1 0.271 0.488 0.004 0.008
1 0.291 0.492 0.004 0.008
1 0.309 0.495 0.004 0.009
1 0.329 0.495 0.005 0.011
1 0.346 0.495 0.005 0.008
1 0.366 0.497 0.004 0.008
1 0.368 0.518 0.003 0.009
1 0.387 0.497 0.004 0.011
1 0.39 0.52 0.003 0.009
1 0.387 0.548 0.005 0.016
1 0.374 0.545 0.004 0.011
1 0.358 0.543 0.003 0.009
1 0.343 0.519 0.003 0.008
1 0.324 0.524 0.005 0.009
1 0.302 0.52 0.005 0.009
1 0.282 0.52 0.003 0.008
1 0.255 0.559 0.005 0.009
1 0.275 0.559 0.004 0.009
1 0.29 0.55 0.005 0.011
1 0.305 0.549 0.005 0.012
1 0.323 0.548 0.004 0.009
1 0.339 0.545 0.005 0.011
1 0.312 0.559 0.004 0.011
1 0.293 0.562 0.005 0.009
1 0.33 0.559 0.004 0.008
1 0.349 0.559 0.003 0.009
1 0.257 0.586 0.006 0.011
1 0.261 0.605 0.005 0.012
1 0.279 0.59 0.004 0.008
1 0.303 0.591 0.007 0.012
1 0.287 0.601 0.007 0.014
1 0.275 0.605 0.006 0.011
1 0.329 0.597 0.005 0.014
1 0.35 0.595 0.004 0.011
1 0.173 0.585 0.008 0.016
1 0.199 0.583 0.007 0.016
1 0.232 0.6 0.003 0.008
1 0.214 0.629 0.006 0.011
1 0.23 0.633 0.004 0.009
1 0.247 0.635 0.004 0.009
1 0.26 0.637 0.006 0.011
1 0.278 0.636 0.005 0.014
1 0.277 0.679 0.007 0.014
1 0.26 0.679 0.005 0.012
1 0.239 0.68 0.005 0.012
1 0.218 0.678 0.007 0.014
1 0.199 0.682 0.008 0.016
1 0.178 0.683 0.007 0.014
1 0.167 0.691 0.005 0.016
1 0.18 0.715 0.008 0.017
1 0.255 0.697 0.008 0.016
1 0.222 0.713 0.005 0.012
1 0.211 0.697 0.005 0.011
1 0.267 0.717 0.008 0.017
1 0.129 0.691 0.006 0.016
1 0.301 0.7 0.006 0.012
1 0.295 0.676 0.006 0.011
1 0.314 0.676 0.006 0.014
1 0.337 0.677 0.006 0.012
1 0.354 0.675 0.005 0.014
1 0.372 0.676 0.007 0.011
1 0.312 0.719 0.006 0.016
1 0.343 0.702 0.005 0.012
1 0.384 0.699 0.007 0.016
1 0.359 0.722 0.005 0.012
1 0.405 0.724 0.007 0.012
1 0.418 0.795 0.01 0.017
1 0.442 0.715 0.007 0.014
1 0.466 0.714 0.006 0.017
1 0.462 0.806 0.008 0.017
1 0.391 0.674 0.006 0.012
1 0.411 0.675 0.006 0.011
1 0.432 0.676 0.006 0.012
1 0.449 0.669 0.006 0.012
1 0.471 0.671 0.006 0.012
1 0.314 0.606 0.005 0.011
1 0.337 0.605 0.007 0.012
1 0.373 0.558 0.004 0.011
1 0.393 0.56 0.005 0.012
1 0.405 0.498 0.004 0.012
1 0.424 0.496 0.004 0.012
1 0.445 0.496 0.004 0.009
1 0.412 0.52 0.004 0.011
1 0.437 0.519 0.004 0.011
1 0.458 0.524 0.004 0.009
1 0.405 0.542 0.004 0.008
1 0.421 0.541 0.005 0.011
1 0.437 0.544 0.004 0.011
1 0.453 0.542 0.004 0.008
1 0.416 0.556 0.003 0.008
1 0.434 0.556 0.004 0.011
1 0.453 0.557 0.003 0.009
1 0.388 0.596 0.005 0.012
1 0.409 0.587 0.005 0.012
1 0.435 0.589 0.005 0.011
1 0.46 0.589 0.007 0.011
1 0.443 0.608 0.004 0.012
1 0.369 0.591 0.005 0.012
1 0.359 0.609 0.004 0.011
1 0.389 0.612 0.003 0.009
1 0.416 0.608 0.006 0.011
1 0.318 0.64 0.006 0.012
1 0.34 0.638 0.005 0.012
1 0.359 0.638 0.006 0.009
1 0.377 0.64 0.007 0.012
1 0.396 0.64 0.005 0.011
1 0.416 0.642 0.005 0.014
1 0.437 0.643 0.005 0.012
1 0.456 0.645 0.004 0.011
1 0.508 0.804 0.009 0.02
1 0.558 0.803 0.009 0.019
1 0.517 0.715 0.005 0.012
1 0.543 0.717 0.005 0.014
1 0.479 0.525 0.004 0.011
1 0.5 0.527 0.005 0.011
1 0.52 0.524 0.003 0.009
1 0.502 0.502 0.005 0.008
1 0.522 0.495 0.004 0.009
1 0.542 0.498 0.005 0.011
1 0.563 0.502 0.005 0.009
1 0.519 0.541 0.005 0.011
1 0.473 0.556 0.006 0.011
1 0.49 0.555 0.005 0.012
1 0.51 0.556 0.006 0.011
1 0.528 0.557 0.004 0.009
1 0.537 0.543 0.005 0.012
1 0.545 0.558 0.004 0.011
1 0.565 0.558 0.005 0.011
1 0.482 0.588 0.006 0.012
1 0.505 0.59 0.005 0.011
1 0.527 0.587 0.005 0.011
1 0.55 0.594 0.004 0.009
1 0.571 0.594 0.006 0.011
1 0.468 0.612 0.005 0.012
1 0.493 0.608 0.005 0.009
1 0.519 0.608 0.006 0.012
1 0.566 0.614 0.006 0.014
1 0.544 0.617 0.004 0.014
1 0.475 0.644 0.007 0.012
1 0.498 0.645 0.005 0.014
1 0.518 0.644 0.005 0.016
1 0.538 0.646 0.005 0.012
1 0.557 0.647 0.004 0.012
1 0.575 0.65 0.006 0.014
1 0.49 0.67 0.007 0.014
1 0.511 0.673 0.005 0.011
1 0.531 0.676 0.005 0.012
1 0.552 0.671 0.005 0.012
1 0.572 0.675 0.006 0.014
1 0.54 0.53 0.004 0.008
1 0.589 0.501 0.004 0.009
1 0.613 0.502 0.003 0.009
1 0.636 0.504 0.006 0.009
1 0.659 0.502 0.003 0.009
1 0.679 0.498 0.003 0.008
1 0.558 0.529 0.003 0.006
1 0.579 0.524 0.004 0.009
1 0.553 0.54 0.003 0.006
1 0.572 0.539 0.004 0.008
1 0.605 0.537 0.005 0.008
1 0.628 0.523 0.002 0.009
1 0.608 0.528 0.004 0.008
1 0.655 0.521 0.004 0.009
1 0.674 0.522 0.004 0.011
1 0.621 0.539 0.002 0.008
1 0.639 0.54 0.005 0.009
1 0.657 0.539 0.003 0.008
1 0.673 0.536 0.004 0.008
1 0.689 0.534 0.004 0.009
1 0.705 0.532 0.004 0.009
1 0.721 0.531 0.003 0.008
1 0.59 0.542 0.002 0.008
1 0.583 0.558 0.003 0.008
1 0.605 0.56 0.003 0.009
1 0.623 0.558 0.003 0.008
1 0.645 0.56 0.003 0.009
1 0.664 0.559 0.003 0.008
1 0.685 0.56 0.004 0.009
1 0.703 0.561 0.005 0.011
1 0.721 0.56 0.005 0.012
1 0.606 0.578 0.003 0.011
1 0.626 0.579 0.003 0.009
1 0.648 0.584 0.005 0.011
1 0.67 0.589 0.005 0.008
1 0.69 0.587 0.004 0.011
1 0.71 0.59 0.006 0.011
1 0.588 0.612 0.007 0.012
1 0.59 0.595 0.004 0.011
1 0.612 0.615 0.005 0.014
1 0.637 0.616 0.005 0.009
1 0.66 0.618 0.004 0.012
1 0.685 0.616 0.004 0.012
1 0.729 0.592 0.005 0.014
1 0.739 0.62 0.003 0.011
1 0.713 0.619 0.004 0.012
1 0.592 0.647 0.005 0.011
1 0.61 0.651 0.005 0.012
1 0.627 0.647 0.005 0.012
1 0.648 0.649 0.005 0.012
1 0.666 0.651 0.004 0.012
1 0.683 0.647 0.005 0.012
1 0.707 0.651 0.005 0.012
1 0.724 0.649 0.004 0.009
1 0.743 0.652 0.006 0.012
1 0.765 0.651 0.004 0.009
1 0.794 0.588 0.007 0.012
1 0.584 0.698 0.007 0.014
1 0.593 0.675 0.006 0.014
1 0.615 0.679 0.005 0.014
1 0.637 0.677 0.008 0.016
1 0.657 0.679 0.006 0.016
1 0.678 0.679 0.005 0.012
1 0.699 0.676 0.006 0.014
1 0.721 0.682 0.006 0.012
1 0.739 0.679 0.005 0.014
1 0.759 0.682 0.007 0.012
1 0.777 0.682 0.005 0.012
1 0.801 0.68 0.007 0.012
1 0.619 0.696 0.005 0.012
1 0.61 0.722 0.006 0.012
1 0.642 0.722 0.008 0.017
1 0.651 0.699 0.007 0.016
1 0.679 0.719 0.006 0.016
1 0.692 0.699 0.007 0.016
1 0.725 0.718 0.006 0.016
1 0.732 0.699 0.006 0.019
1 0.772 0.696 0.006 0.016
1 0.763 0.718 0.006 0.014
1 0.816 0.693 0.007 0.017
1 0.808 0.715 0.006 0.016
1 0.667 0.726 0.006 0.014
1 0.634 0.738 0.006 0.016
1 0.298 0.639 0.005 0.014
1 0.463 0.498 0.001 0.006
1 0.482 0.501 0.004 0.012
1 0.841 0.715 0.007 0.017
1 0.851 0.693 0.008 0.016
