1 0.073 0.469 0.007 0.013
1 0.122 0.465 0.005 0.013
1 0.135 0.455 0.011 0.023
1 0.218 0.462 0.008 0.019
1 0.282 0.456 0.007 0.016
1 0.477 0.433 0.025 0.05
1 0.583 0.464 0.012 0.018
1 0.793 0.481 0.006 0.013
1 0.842 0.474 0.008 0.015
1 0.89 0.459 0.008 0.016
1 0.945 0.466 0.01 0.02
1 0.003 0.475 0.004 0.01
1 0.013 0.468 0.006 0.013
1 0.158 0.47 0.006 0.012
1 0.208 0.48 0.005 0.01
1 0.299 0.46 0.005 0.013
1 0.315 0.473 0.005 0.012
1 0.375 0.474 0.006 0.012
1 0.26 0.469 0.005 0.013
1 0.906 0.48 0.005 0.012
1 0.987 0.487 0.006 0.016
1 0.872 0.486 0.007 0.012
1 0.982 0.487 0.005 0.007
1 0.97 0.494 0.003 0.007
