1 0.108 0.339 0.019 0.064
1 0.148 0.375 0.016 0.056
1 0.18 0.401 0.015 0.051
1 0.205 0.384 0.018 0.053
1 0.239 0.344 0.018 0.053
1 0.265 0.352 0.018 0.053
1 0.302 0.327 0.017 0.051
1 0.332 0.331 0.02 0.059
1 0.291 0.519 0.019 0.061
1 0.251 0.653 0.02 0.069
1 0.175 0.644 0.02 0.067
1 0.114 0.659 0.021 0.069
1 0.148 0.533 0.017 0.059
1 0.217 0.519 0.017 0.061
1 0.392 0.531 0.017 0.064
1 0.398 0.427 0.016 0.053
1 0.465 0.34 0.019 0.051
1 0.487 0.368 0.016 0.043
1 0.517 0.376 0.016 0.053
1 0.463 0.569 0.019 0.056
1 0.534 0.5 0.02 0.067
1 0.606 0.572 0.018 0.061
1 0.578 0.369 0.019 0.056
1 0.544 0.348 0.018 0.051
1 0.611 0.344 0.017 0.059
1 0.638 0.385 0.018 0.061
1 0.665 0.513 0.018 0.067
1 0.72 0.52 0.017 0.053
1 0.693 0.635 0.021 0.059
1 0.779 0.635 0.017 0.064
1 0.777 0.509 0.018 0.059
1 0.762 0.355 0.016 0.053
1 0.78 0.347 0.017 0.059
1 0.701 0.363 0.018 0.053
1 0.668 0.329 0.017 0.056
1 0.816 0.32 0.018 0.059
1 0.847 0.299 0.018 0.069
1 0.903 0.339 0.018 0.059
1 0.852 0.637 0.02 0.064
