1 0.078 0.373 0.02 0.032
1 0.037 0.339 0.019 0.026
1 0.531 0.623 0.031 0.055
1 0.375 0.528 0.028 0.048
1 0.279 0.459 0.029 0.042
1 0.917 0.56 0.03 0.057
1 0.938 0.43 0.027 0.039
1 0.813 0.402 0.024 0.036
1 0.693 0.354 0.021 0.036
1 0.603 0.338 0.018 0.026
1 0.521 0.33 0.02 0.028
1 0.451 0.298 0.02 0.031
1 0.376 0.277 0.016 0.023
1 0.311 0.261 0.013 0.02
1 0.242 0.234 0.012 0.02
1 0.202 0.222 0.012 0.022
1 0.157 0.241 0.011 0.016
1 0.086 0.231 0.01 0.017
1 0.288 0.217 0.011 0.017
1 0.37 0.219 0.012 0.019
1 0.682 0.215 0.011 0.019
1 0.591 0.215 0.012 0.015
1 0.54 0.234 0.012 0.019
1 0.447 0.221 0.011 0.016
1 0.993 0.204 0.012 0.02
1 0.856 0.199 0.012 0.017
1 0.735 0.217 0.012 0.017
