1 0.099 0.377 0.018 0.028
1 0.341 0.186 0.033 0.057
1 0.18 0.223 0.037 0.061
1 0.081 0.158 0.017 0.025
1 0.078 0.188 0.015 0.027
1 0.022 0.165 0.015 0.031
1 0.407 0.231 0.03 0.049
1 0.446 0.253 0.03 0.057
1 0.513 0.21 0.031 0.042
1 0.554 0.221 0.033 0.036
1 0.589 0.244 0.037 0.056
1 0.645 0.239 0.03 0.044
1 0.649 0.192 0.026 0.038
1 0.732 0.208 0.033 0.052
1 0.783 0.19 0.033 0.046
1 0.828 0.22 0.03 0.04
1 0.876 0.253 0.03 0.038
1 0.884 0.19 0.019 0.034
1 0.913 0.237 0.035 0.05
1 0.944 0.208 0.021 0.032
1 0.983 0.191 0.032 0.037
1 0.008 0.237 0.017 0.019
