1 0.073 0.408 0.05 0.067
1 0.061 0.3 0.033 0.057
1 0.212 0.325 0.018 0.037
1 0.276 0.449 0.048 0.094
1 0.238 0.215 0.01 0.018
1 0.25 0.198 0.007 0.013
1 0.388 0.213 0.011 0.018
1 0.442 0.292 0.015 0.028
1 0.449 0.613 0.077 0.13
1 0.431 0.352 0.031 0.06
1 0.493 0.294 0.022 0.038
1 0.497 0.363 0.037 0.072
1 0.599 0.277 0.024 0.042
1 0.675 0.404 0.039 0.07
1 0.659 0.279 0.017 0.038
1 0.504 0.225 0.01 0.018
1 0.596 0.226 0.01 0.016
1 0.768 0.372 0.038 0.063
1 0.556 0.211 0.006 0.013
1 0.606 0.213 0.01 0.016
1 0.55 0.206 0.007 0.015
1 0.692 0.238 0.012 0.025
1 0.642 0.24 0.011 0.019
1 0.63 0.253 0.01 0.02
1 0.71 0.241 0.01 0.018
1 0.72 0.221 0.008 0.016
1 0.737 0.218 0.007 0.012
1 0.757 0.291 0.027 0.056
1 0.843 0.323 0.026 0.047
1 0.791 0.278 0.014 0.026
1 0.906 0.338 0.043 0.073
1 0.917 0.264 0.017 0.034
1 0.945 0.257 0.017 0.031
1 0.874 0.54 0.063 0.101
1 0.957 0.658 0.086 0.24
1 0.586 0.184 0.011 0.02
1 0.525 0.195 0.013 0.022
1 0.943 0.213 0.01 0.018
1 0.87 0.221 0.008 0.013
1 0.649 0.202 0.007 0.009
1 0.089 0.221 0.008 0.013
1 0.074 0.211 0.008 0.015
1 0.108 0.212 0.007 0.015
