1 0.452 0.483 0.05 0.085
1 0.172 0.51 0.021 0.028
1 0.022 0.493 0.005 0.006
1 0.062 0.496 0.004 0.009
1 0.04 0.493 0.004 0.006
1 0.09 0.496 0.004 0.007
1 0.107 0.496 0.004 0.007
1 0.117 0.488 0.005 0.007
1 0.291 0.438 0.036 0.064
1 0.236 0.504 0.024 0.031
1 0.367 0.486 0.009 0.015
1 0.554 0.496 0.024 0.037
1 0.674 0.477 0.023 0.041
1 0.737 0.492 0.036 0.053
1 0.786 0.48 0.02 0.035
1 0.869 0.438 0.03 0.044
1 0.945 0.463 0.024 0.04
1 0.502 0.485 0.009 0.019
1 0.515 0.482 0.01 0.016
1 0.611 0.472 0.009 0.019
1 0.622 0.463 0.006 0.013
