1 0.913 0.196 0.046 0.095
1 0.865 0.277 0.031 0.071
1 0.791 0.231 0.034 0.074
1 0.686 0.304 0.029 0.06
1 0.735 0.291 0.029 0.058
1 0.98 0.04 0.016 0.036
1 0.308 0.065 0.019 0.038
1 0.701 0.274 0.021 0.055
1 0.466 0.177 0.041 0.084
1 0.335 0.317 0.024 0.06
1 0.356 0.293 0.026 0.062
1 0.293 0.23 0.027 0.05
1 0.227 0.347 0.027 0.057
1 0.144 0.251 0.022 0.044
1 0.215 0.315 0.028 0.057
1 0.201 0.271 0.024 0.049
1 0.096 0.241 0.039 0.076
1 0.05 0.271 0.028 0.049
1 0.031 0.237 0.025 0.054
1 0.647 0.289 0.027 0.049
1 0.62 0.241 0.025 0.049
1 0.957 0.263 0.028 0.058
1 0.917 0.048 0.015 0.03
1 0.691 0.059 0.019 0.033
1 0.629 0.071 0.015 0.032
1 0.552 0.071 0.015 0.035
1 0.497 0.049 0.018 0.035
1 0.375 0.065 0.019 0.036
