1 0.908 0.821 0.021 0.047
1 0.842 0.788 0.023 0.049
1 0.887 0.768 0.019 0.038
1 0.933 0.732 0.019 0.041
1 0.816 0.81 0.021 0.047
1 0.836 0.736 0.01 0.021
1 0.728 0.942 0.018 0.047
1 0.67 0.974 0.021 0.051
1 0.483 0.504 0.081 0.207
1 0.202 0.84 0.023 0.051
1 0.273 0.896 0.021 0.051
1 0.279 0.813 0.019 0.045
1 0.155 0.837 0.018 0.049
1 0.112 0.83 0.019 0.049
1 0.064 0.883 0.023 0.051
1 0.081 0.816 0.019 0.045
1 0.02 0.855 0.019 0.034
1 0.293 0.84 0.009 0.026
1 0.321 0.912 0.021 0.045
1 0.235 0.855 0.018 0.043
1 0.248 0.809 0.011 0.028
1 0.265 0.824 0.008 0.028
1 0.895 0.724 0.011 0.023
1 0.859 0.738 0.009 0.026
1 0.989 0.801 0.021 0.045
1 0.945 0.804 0.017 0.034
1 0.957 0.762 0.017 0.045
