1 0.946 0.557 0.015 0.027
1 0.92 0.58 0.014 0.025
1 0.895 0.51 0.013 0.022
1 0.88 0.48 0.012 0.018
1 0.873 0.448 0.01 0.019
1 0.869 0.398 0.01 0.016
1 0.85 0.376 0.009 0.013
1 0.846 0.411 0.01 0.015
1 0.819 0.367 0.008 0.015
1 0.87 0.608 0.012 0.025
1 0.854 0.647 0.014 0.027
1 0.825 0.548 0.014 0.024
1 0.832 0.517 0.011 0.021
1 0.827 0.486 0.009 0.018
1 0.812 0.454 0.007 0.018
1 0.823 0.434 0.007 0.018
1 0.812 0.4 0.01 0.016
1 0.808 0.606 0.011 0.022
1 0.776 0.561 0.013 0.021
1 0.755 0.599 0.014 0.024
1 0.699 0.587 0.015 0.022
1 0.721 0.56 0.012 0.021
1 0.785 0.514 0.013 0.021
1 0.742 0.52 0.01 0.021
1 0.75 0.495 0.009 0.018
1 0.791 0.482 0.009 0.016
1 0.666 0.556 0.011 0.019
1 0.688 0.522 0.012 0.019
1 0.705 0.492 0.012 0.021
1 0.664 0.496 0.011 0.018
1 0.792 0.443 0.009 0.016
1 0.775 0.392 0.009 0.015
1 0.756 0.434 0.009 0.016
1 0.781 0.451 0.007 0.016
1 0.747 0.457 0.009 0.019
1 0.724 0.435 0.009 0.016
1 0.736 0.382 0.011 0.016
1 0.213 0.565 0.012 0.019
1 0.181 0.588 0.015 0.027
1 0.095 0.549 0.014 0.022
1 0.194 0.647 0.015 0.025
1 0.135 0.652 0.016 0.028
1 0.053 0.577 0.015 0.025
1 0.355 0.559 0.013 0.022
1 0.345 0.599 0.015 0.021
1 0.332 0.516 0.012 0.019
1 0.702 0.39 0.009 0.016
1 0.714 0.46 0.009 0.016
1 0.693 0.443 0.01 0.016
1 0.681 0.451 0.01 0.019
1 0.656 0.436 0.009 0.018
1 0.641 0.452 0.011 0.018
1 0.665 0.385 0.008 0.016
1 0.627 0.378 0.008 0.013
1 0.594 0.38 0.009 0.015
1 0.611 0.329 0.009 0.013
1 0.659 0.329 0.009 0.013
1 0.561 0.329 0.011 0.013
1 0.558 0.381 0.009 0.015
1 0.614 0.439 0.009 0.015
1 0.595 0.454 0.009 0.018
1 0.575 0.443 0.009 0.015
1 0.555 0.459 0.011 0.018
1 0.536 0.436 0.01 0.018
1 0.523 0.38 0.009 0.015
1 0.521 0.338 0.008 0.013
1 0.493 0.38 0.009 0.015
1 0.498 0.446 0.009 0.015
1 0.515 0.452 0.011 0.018
1 0.633 0.592 0.015 0.024
1 0.596 0.56 0.014 0.022
1 0.627 0.525 0.011 0.019
1 0.62 0.487 0.011 0.021
1 0.578 0.487 0.011 0.021
1 0.572 0.528 0.011 0.019
1 0.545 0.554 0.011 0.021
1 0.568 0.594 0.014 0.027
1 0.534 0.489 0.011 0.018
1 0.526 0.523 0.011 0.024
1 0.424 0.329 0.008 0.016
1 0.475 0.323 0.01 0.018
1 0.395 0.455 0.01 0.018
1 0.378 0.439 0.01 0.018
1 0.343 0.435 0.009 0.016
1 0.323 0.454 0.009 0.016
1 0.362 0.467 0.008 0.015
1 0.503 0.603 0.012 0.022
1 0.501 0.555 0.013 0.024
1 0.485 0.526 0.011 0.021
1 0.496 0.504 0.008 0.015
1 0.454 0.496 0.01 0.019
1 0.416 0.494 0.01 0.016
1 0.378 0.488 0.011 0.016
1 0.373 0.516 0.01 0.019
1 0.399 0.559 0.013 0.022
1 0.407 0.523 0.012 0.021
1 0.452 0.559 0.012 0.022
1 0.448 0.534 0.011 0.019
1 0.425 0.594 0.013 0.024
1 0.293 0.392 0.008 0.016
1 0.258 0.392 0.009 0.018
1 0.244 0.359 0.008 0.015
1 0.23 0.389 0.009 0.015
1 0.221 0.401 0.01 0.016
1 0.208 0.413 0.009 0.016
1 0.273 0.439 0.009 0.015
1 0.288 0.454 0.01 0.018
1 0.309 0.44 0.008 0.015
1 0.34 0.479 0.011 0.019
1 0.249 0.454 0.01 0.018
1 0.19 0.462 0.01 0.019
1 0.166 0.482 0.011 0.021
1 0.138 0.507 0.012 0.021
1 0.206 0.521 0.012 0.021
1 0.231 0.494 0.01 0.019
1 0.25 0.516 0.012 0.019
1 0.291 0.522 0.011 0.019
1 0.304 0.499 0.009 0.016
1 0.268 0.487 0.01 0.019
1 0.309 0.563 0.012 0.021
1 0.272 0.6 0.014 0.019
1 0.261 0.565 0.013 0.022
1 0.457 0.387 0.009 0.016
1 0.426 0.39 0.008 0.016
1 0.397 0.384 0.009 0.015
1 0.361 0.384 0.009 0.015
1 0.327 0.383 0.009 0.015
1 0.417 0.439 0.009 0.018
1 0.458 0.434 0.009 0.015
1 0.474 0.465 0.009 0.015
1 0.432 0.454 0.01 0.018
