1 0.321 0.345 0.027 0.057
1 0.354 0.298 0.022 0.051
1 0.351 0.235 0.01 0.016
1 0.372 0.256 0.023 0.05
1 0.398 0.286 0.024 0.053
1 0.419 0.261 0.017 0.037
1 0.442 0.287 0.026 0.059
1 0.472 0.266 0.02 0.034
1 0.488 0.305 0.028 0.061
1 0.53 0.242 0.019 0.032
1 0.521 0.295 0.022 0.042
1 0.542 0.275 0.019 0.028
1 0.53 0.364 0.032 0.06
1 0.471 0.469 0.037 0.069
1 0.427 0.422 0.034 0.066
1 0.356 0.425 0.029 0.06
1 0.415 0.351 0.033 0.069
1 0.3 0.291 0.025 0.056
1 0.32 0.272 0.017 0.032
1 0.287 0.258 0.023 0.037
1 0.259 0.275 0.029 0.054
1 0.216 0.251 0.024 0.042
1 0.208 0.286 0.031 0.051
1 0.235 0.275 0.016 0.032
1 0.158 0.3 0.03 0.053
1 0.132 0.269 0.022 0.045
1 0.099 0.266 0.036 0.059
1 0.159 0.274 0.019 0.038
1 0.175 0.38 0.036 0.066
1 0.2 0.344 0.028 0.056
1 0.234 0.375 0.034 0.053
1 0.279 0.394 0.041 0.085
1 0.123 0.342 0.032 0.063
1 0.083 0.344 0.043 0.085
1 0.167 0.474 0.044 0.083
1 0.033 0.307 0.025 0.042
1 0.553 0.299 0.021 0.053
1 0.579 0.323 0.031 0.06
1 0.618 0.274 0.029 0.053
1 0.649 0.278 0.023 0.041
1 0.684 0.28 0.027 0.048
1 0.732 0.288 0.03 0.056
1 0.766 0.27 0.025 0.048
1 0.678 0.346 0.033 0.061
1 0.641 0.395 0.035 0.069
1 0.561 0.449 0.043 0.081
1 0.693 0.459 0.047 0.086
1 0.773 0.426 0.036 0.064
1 0.767 0.341 0.032 0.061
1 0.839 0.305 0.032 0.063
1 0.861 0.269 0.028 0.044
1 0.878 0.354 0.043 0.089
1 0.853 0.467 0.06 0.097
1 0.958 0.378 0.056 0.1
1 0.913 0.321 0.026 0.056
