1 0.401 0.488 0.011 0.022
1 0.384 0.463 0.011 0.013
1 0.369 0.489 0.01 0.018
1 0.356 0.458 0.009 0.016
1 0.372 0.436 0.009 0.018
1 0.354 0.447 0.01 0.013
1 0.346 0.428 0.009 0.016
1 0.336 0.441 0.011 0.015
1 0.319 0.466 0.009 0.016
1 0.347 0.524 0.013 0.023
1 0.31 0.518 0.014 0.02
1 0.315 0.553 0.016 0.026
1 0.344 0.605 0.016 0.029
1 0.38 0.565 0.017 0.032
1 0.365 0.545 0.015 0.028
1 0.402 0.534 0.014 0.023
1 0.424 0.541 0.014 0.028
1 0.411 0.584 0.018 0.029
1 0.446 0.561 0.017 0.032
1 0.459 0.522 0.013 0.019
1 0.469 0.563 0.018 0.034
1 0.512 0.552 0.015 0.029
1 0.47 0.495 0.009 0.018
1 0.462 0.456 0.009 0.016
1 0.445 0.436 0.009 0.018
1 0.423 0.458 0.008 0.016
1 0.437 0.496 0.012 0.018
1 0.388 0.425 0.009 0.013
1 0.414 0.436 0.011 0.016
1 0.287 0.45 0.01 0.01
1 0.286 0.493 0.01 0.022
1 0.259 0.472 0.009 0.016
1 0.263 0.446 0.01 0.016
1 0.222 0.439 0.009 0.013
1 0.225 0.516 0.014 0.025
1 0.239 0.55 0.019 0.028
1 0.257 0.548 0.015 0.028
1 0.27 0.575 0.018 0.034
1 0.29 0.562 0.018 0.029
1 0.281 0.529 0.012 0.023
1 0.492 0.543 0.014 0.026
1 0.495 0.482 0.009 0.018
1 0.508 0.504 0.011 0.016
1 0.527 0.518 0.014 0.022
1 0.537 0.482 0.01 0.018
1 0.533 0.457 0.009 0.015
1 0.622 0.458 0.009 0.018
1 0.599 0.438 0.011 0.015
1 0.569 0.444 0.008 0.013
1 0.585 0.482 0.011 0.019
1 0.603 0.476 0.012 0.018
1 0.572 0.5 0.011 0.019
1 0.604 0.537 0.014 0.022
1 0.617 0.515 0.011 0.015
1 0.634 0.49 0.011 0.018
1 0.653 0.462 0.01 0.016
1 0.676 0.465 0.01 0.016
1 0.693 0.507 0.011 0.018
1 0.654 0.508 0.011 0.018
1 0.661 0.542 0.012 0.023
1 0.64 0.587 0.021 0.032
1 0.621 0.572 0.018 0.029
1 0.578 0.575 0.019 0.031
1 0.564 0.59 0.017 0.032
1 0.71 0.587 0.021 0.032
1 0.682 0.557 0.017 0.028
1 0.72 0.499 0.012 0.019
1 0.75 0.516 0.012 0.019
1 0.742 0.551 0.015 0.029
1 0.752 0.581 0.018 0.029
1 0.774 0.595 0.019 0.031
1 0.773 0.553 0.015 0.025
1 0.777 0.51 0.011 0.016
1 0.804 0.553 0.013 0.032
1 0.905 0.561 0.016 0.026
1 0.934 0.594 0.018 0.029
1 0.875 0.607 0.021 0.028
1 0.854 0.576 0.018 0.025
1 0.839 0.543 0.015 0.023
1 0.825 0.512 0.013 0.019
1 0.824 0.592 0.019 0.037
1 0.559 0.539 0.015 0.023
1 0.196 0.523 0.016 0.025
1 0.209 0.569 0.018 0.034
1 0.184 0.555 0.014 0.029
1 0.154 0.577 0.015 0.026
1 0.14 0.535 0.013 0.022
1 0.109 0.563 0.017 0.031
1 0.037 0.576 0.021 0.034
1 0.491 0.46 0.009 0.015
1 0.313 0.436 0.008 0.015
1 0.308 0.453 0.008 0.016
1 0.293 0.471 0.008 0.016
1 0.33 0.493 0.01 0.019
1 0.336 0.57 0.016 0.023
