1 0.692 0.368 0.036 0.057
1 0.623 0.361 0.032 0.06
1 0.664 0.297 0.032 0.061
1 0.631 0.256 0.027 0.043
1 0.579 0.246 0.027 0.046
1 0.509 0.265 0.028 0.047
1 0.452 0.336 0.036 0.06
1 0.541 0.344 0.035 0.055
1 0.708 0.243 0.031 0.047
1 0.746 0.323 0.032 0.051
1 0.8 0.388 0.037 0.059
1 0.733 0.391 0.038 0.055
1 0.753 0.555 0.045 0.068
1 0.667 0.573 0.034 0.059
1 0.459 0.447 0.038 0.063
1 0.377 0.392 0.032 0.056
1 0.367 0.243 0.031 0.033
1 0.32 0.245 0.025 0.05
1 0.295 0.387 0.033 0.055
1 0.452 0.605 0.039 0.063
1 0.389 0.62 0.033 0.064
1 0.318 0.585 0.039 0.063
1 0.247 0.628 0.045 0.056
1 0.218 0.425 0.031 0.06
1 0.239 0.392 0.031 0.055
1 0.257 0.355 0.03 0.051
1 0.197 0.362 0.029 0.042
1 0.158 0.392 0.033 0.052
1 0.132 0.507 0.044 0.068
1 0.088 0.419 0.044 0.064
1 0.846 0.36 0.032 0.052
1 0.891 0.389 0.035 0.059
1 0.897 0.34 0.037 0.053
