1 0.227 0.096 0.021 0.038
1 0.271 0.113 0.016 0.029
1 0.258 0.133 0.017 0.033
1 0.2 0.129 0.013 0.032
1 0.172 0.107 0.021 0.041
1 0.13 0.205 0.022 0.044
1 0.112 0.126 0.018 0.033
1 0.072 0.139 0.014 0.028
1 0.334 0.105 0.016 0.036
1 0.307 0.229 0.022 0.044
1 0.369 0.225 0.027 0.052
1 0.408 0.202 0.015 0.025
1 0.438 0.205 0.011 0.026
1 0.457 0.211 0.015 0.025
1 0.514 0.211 0.018 0.03
1 0.425 0.265 0.026 0.054
1 0.503 0.297 0.041 0.068
1 0.631 0.221 0.019 0.038
1 0.668 0.239 0.022 0.038
1 0.82 0.258 0.025 0.049
1 0.903 0.263 0.029 0.051
1 0.909 0.37 0.049 0.099
1 0.595 0.324 0.045 0.075
1 0.068 0.397 0.055 0.12
1 0.201 0.49 0.052 0.129
