1 0.024 0.476 0.049 0.237
1 0.07 0.303 0.08 0.148
1 0.136 0.265 0.053 0.092
1 0.213 0.228 0.039 0.084
1 0.313 0.31 0.056 0.114
1 0.569 0.498 0.077 0.142
1 0.88 0.315 0.077 0.16
1 0.688 0.256 0.057 0.107
1 0.58 0.216 0.045 0.082
1 0.509 0.182 0.031 0.065
1 0.186 0.169 0.028 0.057
1 0.198 0.118 0.013 0.028
1 0.389 0.187 0.038 0.074
1 0.432 0.245 0.047 0.082
1 0.469 0.148 0.029 0.047
1 0.538 0.1 0.019 0.033
1 0.363 0.198 0.034 0.058
1 0.48 0.321 0.063 0.112
1 0.604 0.1 0.018 0.03
1 0.66 0.104 0.019 0.032
1 0.721 0.101 0.021 0.032
1 0.775 0.107 0.022 0.036
1 0.811 0.115 0.028 0.047
1 0.835 0.115 0.017 0.039
1 0.928 0.127 0.025 0.046
1 0.991 0.175 0.012 0.058
