1 0.067 0.577 0.033 0.072
1 0.161 0.682 0.029 0.065
1 0.185 0.507 0.027 0.054
1 0.277 0.475 0.027 0.065
1 0.267 0.66 0.027 0.061
1 0.35 0.29 0.024 0.052
1 0.24 0.307 0.027 0.059
1 0.136 0.269 0.026 0.059
1 0.041 0.296 0.028 0.059
1 0.64 0.283 0.025 0.056
1 0.547 0.292 0.024 0.052
1 0.669 0.497 0.029 0.07
1 0.586 0.495 0.026 0.061
1 0.49 0.475 0.026 0.058
1 0.391 0.459 0.028 0.054
1 0.456 0.287 0.026 0.059
1 0.598 0.671 0.028 0.065
1 0.49 0.673 0.028 0.058
1 0.389 0.672 0.028 0.059
1 0.685 0.685 0.029 0.072
1 0.774 0.689 0.028 0.072
1 0.886 0.674 0.032 0.068
1 0.917 0.483 0.028 0.067
1 0.952 0.319 0.027 0.063
1 0.875 0.34 0.029 0.058
1 0.797 0.318 0.024 0.054
1 0.83 0.485 0.027 0.063
1 0.726 0.304 0.028 0.061
1 0.746 0.501 0.029 0.074
