1 0.114 0.378 0.028 0.048
1 0.2 0.404 0.029 0.047
1 0.247 0.416 0.029 0.055
1 0.316 0.408 0.028 0.047
1 0.37 0.397 0.031 0.054
1 0.434 0.391 0.027 0.055
1 0.423 0.381 0.024 0.052
1 0.131 0.583 0.029 0.051
1 0.215 0.583 0.035 0.054
1 0.336 0.592 0.03 0.058
1 0.448 0.637 0.034 0.043
1 0.525 0.375 0.028 0.047
1 0.539 0.401 0.031 0.051
1 0.542 0.617 0.033 0.054
1 0.678 0.598 0.033 0.059
1 0.765 0.555 0.035 0.059
1 0.631 0.399 0.03 0.055
1 0.663 0.401 0.029 0.05
1 0.745 0.393 0.028 0.05
1 0.844 0.422 0.032 0.056
1 0.876 0.416 0.028 0.048
1 0.925 0.595 0.036 0.063
