1 0.542 0.501 0.015 0.029
1 0.513 0.499 0.013 0.023
1 0.528 0.534 0.015 0.029
1 0.533 0.578 0.017 0.028
1 0.501 0.524 0.015 0.028
1 0.465 0.488 0.015 0.029
1 0.476 0.456 0.015 0.025
1 0.514 0.448 0.015 0.025
1 0.538 0.436 0.018 0.032
1 0.553 0.397 0.017 0.026
1 0.52 0.39 0.01 0.019
1 0.507 0.375 0.011 0.019
1 0.503 0.349 0.011 0.022
1 0.52 0.351 0.013 0.025
1 0.538 0.357 0.011 0.026
1 0.535 0.332 0.011 0.023
1 0.513 0.33 0.009 0.016
1 0.486 0.31 0.011 0.022
1 0.496 0.286 0.01 0.022
1 0.594 0.349 0.015 0.028
1 0.574 0.335 0.013 0.028
1 0.582 0.309 0.012 0.023
1 0.553 0.302 0.012 0.026
1 0.553 0.275 0.012 0.022
1 0.525 0.307 0.01 0.016
1 0.485 0.352 0.015 0.025
1 0.494 0.386 0.017 0.029
1 0.46 0.389 0.013 0.026
1 0.461 0.352 0.013 0.022
1 0.439 0.356 0.015 0.029
1 0.411 0.358 0.014 0.025
1 0.423 0.348 0.014 0.022
1 0.397 0.343 0.015 0.023
1 0.408 0.305 0.011 0.025
1 0.431 0.276 0.011 0.025
1 0.446 0.307 0.011 0.019
1 0.448 0.278 0.01 0.02
1 0.45 0.254 0.01 0.019
1 0.473 0.298 0.011 0.022
1 0.652 0.345 0.012 0.029
1 0.68 0.376 0.015 0.023
1 0.707 0.384 0.013 0.025
1 0.463 0.437 0.016 0.022
1 0.428 0.459 0.017 0.026
1 0.427 0.488 0.014 0.028
1 0.411 0.497 0.015 0.032
1 0.396 0.451 0.015 0.025
1 0.424 0.419 0.013 0.025
1 0.377 0.336 0.012 0.025
1 0.361 0.342 0.015 0.025
1 0.304 0.33 0.016 0.022
1 0.28 0.336 0.012 0.022
1 0.254 0.345 0.013 0.025
1 0.21 0.367 0.013 0.028
1 0.593 0.616 0.02 0.034
1 0.566 0.631 0.02 0.029
1 0.539 0.644 0.017 0.026
1 0.485 0.603 0.02 0.032
1 0.462 0.573 0.02 0.032
1 0.45 0.526 0.018 0.031
1 0.402 0.585 0.019 0.032
1 0.363 0.581 0.018 0.028
1 0.381 0.652 0.016 0.026
1 0.427 0.65 0.017 0.026
1 0.426 0.712 0.019 0.028
1 0.318 0.652 0.018 0.038
1 0.289 0.637 0.019 0.032
1 0.261 0.623 0.017 0.034
1 0.646 0.62 0.018 0.038
1 0.666 0.633 0.013 0.029
1 0.68 0.617 0.017 0.029
1 0.703 0.647 0.017 0.032
1 0.731 0.659 0.018 0.029
1 0.74 0.62 0.017 0.031
1 0.74 0.574 0.017 0.019
1 0.688 0.671 0.02 0.032
1 0.651 0.686 0.017 0.031
1 0.638 0.653 0.017 0.023
1 0.613 0.666 0.017 0.029
1 0.69 0.727 0.021 0.039
1 0.628 0.723 0.015 0.02
1 0.626 0.755 0.019 0.032
1 0.573 0.768 0.02 0.026
1 0.503 0.773 0.018 0.031
1 0.819 0.634 0.024 0.035
1 0.781 0.629 0.02 0.028
1 0.78 0.676 0.02 0.026
1 0.409 0.781 0.016 0.034
1 0.391 0.744 0.018 0.031
1 0.332 0.81 0.017 0.026
1 0.255 0.81 0.021 0.036
1 0.253 0.765 0.019 0.031
1 0.302 0.733 0.018 0.034
1 0.224 0.788 0.024 0.036
1 0.202 0.753 0.019 0.039
1 0.232 0.649 0.018 0.031
1 0.191 0.636 0.02 0.032
1 0.147 0.635 0.021 0.034
1 0.092 0.681 0.017 0.028
1 0.134 0.748 0.022 0.041
1 0.09 0.62 0.018 0.032
1 0.465 0.796 0.018 0.029
