1 0.984 0.313 0.021 0.038
1 0.946 0.336 0.029 0.042
1 0.962 0.274 0.022 0.038
1 0.944 0.244 0.017 0.025
1 0.995 0.273 0.011 0.039
1 0.936 0.277 0.023 0.039
1 0.896 0.33 0.026 0.04
1 0.82 0.314 0.031 0.044
1 0.847 0.29 0.021 0.036
1 0.826 0.256 0.019 0.033
1 0.845 0.256 0.018 0.033
1 0.833 0.214 0.021 0.03
1 0.795 0.271 0.021 0.042
1 0.759 0.258 0.021 0.033
1 0.75 0.222 0.02 0.03
1 0.76 0.319 0.022 0.036
1 0.788 0.407 0.032 0.056
1 0.681 0.402 0.034 0.048
1 0.715 0.325 0.024 0.046
1 0.682 0.29 0.024 0.036
1 0.018 0.341 0.025 0.039
1 0.699 0.223 0.019 0.03
1 0.681 0.221 0.021 0.03
1 0.734 0.258 0.017 0.03
1 0.167 0.273 0.026 0.04
1 0.143 0.316 0.021 0.043
1 0.112 0.309 0.022 0.035
1 0.077 0.245 0.021 0.035
1 0.095 0.279 0.019 0.031
1 0.052 0.27 0.025 0.043
1 0.061 0.344 0.027 0.042
1 0.88 0.253 0.021 0.031
1 0.904 0.26 0.02 0.03
1 0.63 0.324 0.026 0.039
1 0.629 0.279 0.022 0.031
1 0.627 0.245 0.019 0.03
1 0.602 0.404 0.033 0.055
1 0.601 0.294 0.023 0.039
1 0.6 0.263 0.019 0.029
1 0.579 0.251 0.018 0.03
1 0.553 0.255 0.025 0.035
1 0.562 0.314 0.024 0.039
1 0.532 0.308 0.021 0.035
1 0.5 0.307 0.024 0.039
1 0.503 0.277 0.015 0.031
1 0.53 0.27 0.021 0.033
1 0.502 0.261 0.019 0.03
1 0.479 0.292 0.021 0.035
1 0.454 0.282 0.017 0.035
1 0.487 0.362 0.026 0.044
1 0.521 0.469 0.031 0.044
1 0.451 0.359 0.027 0.043
1 0.429 0.281 0.022 0.036
1 0.45 0.249 0.018 0.025
1 0.401 0.283 0.017 0.033
1 0.385 0.314 0.025 0.04
1 0.42 0.329 0.021 0.029
1 0.402 0.371 0.025 0.044
1 0.355 0.367 0.024 0.043
1 0.012 0.282 0.021 0.033
1 0.069 0.577 0.032 0.046
1 0.121 0.501 0.027 0.047
1 0.668 0.249 0.023 0.036
1 0.36 0.299 0.021 0.04
1 0.329 0.317 0.02 0.033
1 0.312 0.347 0.026 0.046
1 0.358 0.457 0.028 0.047
1 0.426 0.475 0.03 0.047
1 0.337 0.253 0.021 0.027
1 0.408 0.26 0.017 0.027
1 0.309 0.245 0.021 0.03
1 0.292 0.285 0.02 0.033
1 0.253 0.341 0.022 0.039
1 0.274 0.444 0.03 0.049
1 0.187 0.456 0.031 0.048
1 0.216 0.335 0.026 0.039
1 0.244 0.257 0.018 0.031
1 0.268 0.296 0.021 0.035
1 0.282 0.259 0.022 0.031
1 0.222 0.257 0.017 0.026
1 0.202 0.26 0.021 0.033
1 0.188 0.298 0.017 0.026
1 0.227 0.303 0.021 0.035
1 0.169 0.329 0.021 0.036
1 0.339 0.288 0.017 0.034
