1 0.132 0.498 0.021 0.041
1 0.163 0.478 0.021 0.043
1 0.202 0.469 0.021 0.041
1 0.225 0.448 0.022 0.039
1 0.25 0.486 0.022 0.043
1 0.278 0.454 0.019 0.041
1 0.306 0.464 0.019 0.039
1 0.32 0.453 0.015 0.036
1 0.348 0.467 0.019 0.033
1 0.367 0.471 0.018 0.035
1 0.395 0.456 0.019 0.039
1 0.421 0.46 0.015 0.031
1 0.424 0.499 0.02 0.038
1 0.444 0.473 0.018 0.039
1 0.455 0.433 0.02 0.038
1 0.473 0.443 0.019 0.038
1 0.494 0.446 0.017 0.039
1 0.475 0.504 0.017 0.041
1 0.52 0.472 0.02 0.044
1 0.522 0.444 0.017 0.035
1 0.539 0.461 0.018 0.039
1 0.555 0.47 0.021 0.039
1 0.58 0.478 0.021 0.043
1 0.602 0.434 0.02 0.036
1 0.612 0.493 0.019 0.035
1 0.636 0.454 0.017 0.038
1 0.651 0.456 0.02 0.039
1 0.683 0.446 0.019 0.036
1 0.701 0.487 0.018 0.041
1 0.723 0.457 0.019 0.044
1 0.737 0.472 0.016 0.039
1 0.754 0.475 0.019 0.043
1 0.79 0.476 0.021 0.041
1 0.808 0.457 0.019 0.035
1 0.814 0.483 0.017 0.039
1 0.826 0.502 0.019 0.043
1 0.849 0.482 0.021 0.041
1 0.871 0.506 0.021 0.043
1 0.881 0.447 0.022 0.047
1 0.917 0.52 0.021 0.046
