1 0.057 0.292 0.036 0.07
1 0.156 0.303 0.037 0.066
1 0.31 0.183 0.033 0.066
1 0.29 0.258 0.037 0.075
1 0.369 0.305 0.036 0.069
1 0.379 0.159 0.031 0.068
1 0.407 0.228 0.036 0.075
1 0.445 0.156 0.027 0.06
1 0.51 0.206 0.034 0.076
1 0.469 0.266 0.039 0.076
1 0.545 0.17 0.029 0.054
1 0.569 0.275 0.037 0.079
1 0.577 0.143 0.028 0.057
1 0.555 0.349 0.038 0.084
1 0.615 0.134 0.034 0.069
1 0.615 0.225 0.034 0.07
1 0.674 0.245 0.043 0.076
1 0.668 0.119 0.029 0.059
1 0.709 0.164 0.032 0.062
1 0.686 0.385 0.039 0.079
1 0.754 0.136 0.031 0.057
1 0.779 0.192 0.041 0.069
1 0.772 0.252 0.038 0.075
1 0.844 0.173 0.035 0.063
1 0.899 0.151 0.03 0.056
1 0.895 0.29 0.041 0.075
