1 0.782 0.406 0.039 0.057
1 0.598 0.385 0.054 0.085
1 0.508 0.401 0.028 0.053
1 0.423 0.431 0.031 0.054
1 0.338 0.489 0.013 0.02
1 0.367 0.449 0.012 0.022
1 0.378 0.462 0.01 0.022
1 0.338 0.464 0.012 0.02
1 0.324 0.445 0.011 0.02
1 0.305 0.45 0.011 0.019
1 0.289 0.428 0.011 0.019
1 0.274 0.428 0.013 0.023
1 0.267 0.445 0.014 0.023
1 0.243 0.444 0.01 0.018
1 0.214 0.434 0.021 0.034
1 0.188 0.441 0.014 0.025
1 0.145 0.46 0.015 0.029
1 0.104 0.436 0.018 0.029
1 0.056 0.474 0.019 0.029
1 0.063 0.46 0.013 0.022
1 0.04 0.437 0.016 0.025
1 0.016 0.516 0.014 0.025
1 0.01 0.46 0.019 0.031
1 0.478 0.435 0.006 0.012
1 0.549 0.08 0.009 0.013
1 0.528 0.076 0.006 0.012
1 0.496 0.059 0.007 0.013
1 0.472 0.064 0.008 0.013
1 0.625 0.113 0.005 0.01
1 0.334 0.037 0.009 0.015
1 0.388 0.433 0.011 0.02
1 0.581 0.108 0.007 0.012
