1 0.314 0.386 0.026 0.047
1 0.327 0.448 0.03 0.051
1 0.368 0.437 0.028 0.045
1 0.391 0.394 0.024 0.046
1 0.425 0.394 0.02 0.039
1 0.446 0.427 0.022 0.037
1 0.486 0.445 0.037 0.058
1 0.506 0.402 0.025 0.046
1 0.559 0.426 0.028 0.054
1 0.583 0.379 0.025 0.04
1 0.479 0.527 0.035 0.065
1 0.594 0.516 0.037 0.056
1 0.613 0.43 0.03 0.056
1 0.645 0.397 0.03 0.05
1 0.691 0.401 0.024 0.039
1 0.737 0.436 0.03 0.058
1 0.763 0.405 0.023 0.042
1 0.783 0.434 0.026 0.046
1 0.814 0.436 0.036 0.059
1 0.871 0.451 0.045 0.081
1 0.722 0.506 0.036 0.063
1 0.103 0.484 0.034 0.059
1 0.187 0.536 0.032 0.06
1 0.217 0.499 0.028 0.054
1 0.238 0.445 0.028 0.055
1 0.299 0.504 0.04 0.062
1 0.265 0.41 0.028 0.045
