1 0.917 0.417 0.021 0.038
1 0.874 0.395 0.022 0.036
1 0.813 0.432 0.021 0.035
1 0.785 0.429 0.023 0.035
1 0.808 0.383 0.02 0.033
1 0.715 0.415 0.023 0.035
1 0.737 0.377 0.02 0.033
1 0.668 0.44 0.023 0.034
1 0.689 0.413 0.021 0.031
1 0.627 0.445 0.021 0.033
1 0.608 0.419 0.021 0.03
1 0.589 0.389 0.021 0.035
1 0.557 0.378 0.018 0.026
1 0.511 0.396 0.019 0.031
1 0.537 0.424 0.021 0.031
1 0.505 0.441 0.02 0.029
1 0.472 0.437 0.021 0.027
1 0.45 0.367 0.021 0.03
1 0.429 0.415 0.021 0.035
1 0.399 0.402 0.022 0.035
1 0.34 0.418 0.021 0.034
1 0.312 0.366 0.021 0.036
1 0.254 0.402 0.025 0.04
1 0.213 0.39 0.021 0.035
1 0.166 0.428 0.023 0.033
1 0.135 0.4 0.024 0.036
1 0.582 0.452 0.022 0.036
