1 0.037 0.454 0.015 0.029
1 0.176 0.497 0.013 0.025
1 0.238 0.496 0.015 0.025
1 0.295 0.49 0.01 0.022
1 0.315 0.496 0.012 0.019
1 0.351 0.49 0.01 0.021
1 0.371 0.484 0.008 0.016
1 0.405 0.49 0.008 0.016
1 0.425 0.487 0.009 0.019
1 0.502 0.486 0.011 0.023
1 0.511 0.501 0.01 0.021
1 0.615 0.485 0.012 0.021
1 0.64 0.515 0.021 0.04
1 0.572 0.473 0.007 0.015
1 0.58 0.476 0.007 0.015
1 0.451 0.493 0.014 0.025
1 0.489 0.483 0.008 0.015
1 0.765 0.506 0.021 0.037
1 0.781 0.474 0.01 0.021
1 0.84 0.499 0.016 0.034
1 0.829 0.553 0.016 0.04
1 0.887 0.485 0.014 0.028
1 0.908 0.507 0.013 0.034
1 0.965 0.497 0.016 0.031
1 0.957 0.474 0.01 0.019
1 0.992 0.473 0.009 0.018
1 0.562 0.487 0.008 0.019
