1 0.353 0.25 0.083 0.147
1 0.474 0.525 0.098 0.177
1 0.572 0.549 0.012 0.025
1 0.719 0.321 0.101 0.181
1 0.573 0.216 0.016 0.03
1 0.605 0.212 0.016 0.041
1 0.558 0.404 0.013 0.03
1 0.559 0.286 0.01 0.017
1 0.569 0.279 0.009 0.013
1 0.9 0.268 0.014 0.022
1 0.927 0.241 0.016 0.029
1 0.927 0.297 0.022 0.03
1 0.901 0.337 0.02 0.045
1 0.831 0.369 0.026 0.064
1 0.822 0.359 0.006 0.016
1 0.826 0.38 0.007 0.016
1 0.857 0.358 0.005 0.013
1 0.394 0.056 0.088 0.051
1 0.479 0.044 0.02 0.029
1 0.674 0.161 0.019 0.041
1 0.823 0.231 0.009 0.022
