1 0.064 0.218 0.012 0.01
1 0.188 0.21 0.012 0.009
1 0.21 0.208 0.01 0.009
1 0.219 0.201 0.009 0.009
1 0.205 0.188 0.009 0.009
1 0.196 0.221 0.01 0.01
1 0.213 0.216 0.01 0.009
1 0.236 0.246 0.012 0.012
1 0.261 0.221 0.01 0.009
1 0.248 0.21 0.011 0.009
1 0.229 0.217 0.01 0.009
1 0.228 0.197 0.009 0.009
1 0.23 0.191 0.01 0.01
1 0.255 0.199 0.01 0.01
1 0.267 0.212 0.012 0.009
1 0.301 0.213 0.011 0.01
1 0.348 0.222 0.01 0.009
1 0.319 0.225 0.008 0.007
1 0.349 0.206 0.009 0.009
1 0.389 0.204 0.021 0.018
1 0.373 0.2 0.01 0.009
1 0.416 0.204 0.008 0.007
1 0.447 0.187 0.009 0.008
1 0.453 0.203 0.009 0.006
1 0.464 0.211 0.009 0.007
1 0.323 0.257 0.009 0.008
1 0.463 0.25 0.01 0.009
1 0.482 0.201 0.008 0.007
1 0.485 0.193 0.007 0.007
1 0.518 0.239 0.007 0.007
1 0.565 0.221 0.01 0.01
1 0.575 0.213 0.006 0.005
1 0.589 0.197 0.007 0.008
1 0.561 0.208 0.008 0.007
1 0.603 0.207 0.008 0.007
1 0.604 0.231 0.009 0.009
1 0.621 0.219 0.01 0.009
1 0.645 0.218 0.01 0.01
1 0.64 0.213 0.009 0.007
1 0.681 0.2 0.01 0.009
1 0.692 0.204 0.007 0.007
1 0.709 0.207 0.009 0.007
1 0.701 0.198 0.008 0.007
1 0.743 0.2 0.013 0.012
1 0.758 0.198 0.01 0.008
1 0.797 0.201 0.008 0.007
1 0.803 0.193 0.008 0.007
1 0.813 0.21 0.012 0.012
1 0.838 0.21 0.011 0.01
1 0.843 0.191 0.008 0.007
1 0.833 0.185 0.009 0.008
1 0.855 0.184 0.009 0.009
1 0.864 0.243 0.014 0.014
1 0.951 0.174 0.009 0.009
1 0.911 0.1 0.024 0.028
1 0.534 0.113 0.028 0.03
1 0.169 0.319 0.027 0.012
1 0.557 0.558 0.101 0.104
1 0.077 0.216 0.01 0.009
1 0.083 0.21 0.01 0.008
1 0.113 0.209 0.012 0.009
1 0.107 0.198 0.011 0.009
1 0.083 0.19 0.011 0.009
1 0.088 0.183 0.01 0.008
1 0.098 0.176 0.01 0.009
1 0.107 0.171 0.009 0.007
1 0.104 0.161 0.01 0.007
1 0.065 0.166 0.011 0.008
1 0.062 0.177 0.01 0.008
1 0.06 0.191 0.012 0.01
1 0.042 0.197 0.011 0.011
1 0.104 0.224 0.011 0.009
1 0.139 0.221 0.013 0.01
1 0.154 0.213 0.01 0.01
1 0.141 0.2 0.011 0.01
1 0.154 0.192 0.01 0.007
1 0.114 0.189 0.01 0.007
1 0.144 0.186 0.01 0.007
1 0.122 0.177 0.01 0.008
1 0.125 0.168 0.008 0.007
1 0.146 0.172 0.008 0.007
1 0.169 0.187 0.01 0.009
1 0.174 0.176 0.009 0.006
1 0.156 0.179 0.01 0.01
1 0.202 0.178 0.01 0.008
1 0.189 0.198 0.009 0.008
1 0.167 0.202 0.01 0.009
