1 0.437 0.377 0.071 0.069
1 0.519 0.388 0.07 0.062
1 0.233 0.588 0.027 0.025
1 0.686 0.594 0.022 0.018
1 0.729 0.58 0.023 0.016
1 0.708 0.582 0.01 0.008
1 0.746 0.576 0.01 0.009
1 0.765 0.587 0.024 0.018
1 0.784 0.584 0.011 0.008
1 0.729 0.61 0.025 0.019
1 0.787 0.624 0.027 0.022
1 0.804 0.602 0.022 0.018
1 0.812 0.581 0.012 0.01
1 0.801 0.58 0.008 0.007
1 0.826 0.589 0.025 0.02
1 0.852 0.581 0.017 0.013
1 0.854 0.575 0.015 0.01
1 0.881 0.607 0.026 0.02
1 0.976 0.589 0.033 0.027
1 0.899 0.58 0.013 0.012
1 0.882 0.596 0.015 0.012
1 0.639 0.487 0.005 0.005
1 0.654 0.466 0.005 0.005
1 0.687 0.483 0.005 0.004
1 0.667 0.484 0.006 0.004
1 0.673 0.474 0.005 0.005
1 0.702 0.482 0.006 0.005
1 0.745 0.473 0.006 0.005
1 0.758 0.481 0.006 0.006
1 0.776 0.481 0.007 0.005
1 0.641 0.511 0.008 0.007
1 0.719 0.483 0.007 0.005
