1 0.907 0.714 0.024 0.018
1 0.909 0.59 0.021 0.014
1 0.271 0.804 0.031 0.02
1 0.134 0.803 0.024 0.02
1 0.369 0.641 0.024 0.018
1 0.43 0.533 0.02 0.016
1 0.883 0.521 0.02 0.014
1 0.919 0.456 0.019 0.014
1 0.934 0.398 0.017 0.013
1 0.501 0.459 0.021 0.015
1 0.592 0.388 0.015 0.012
1 0.075 0.445 0.02 0.011
1 0.157 0.395 0.016 0.014
1 0.233 0.387 0.016 0.011
1 0.006 0.285 0.012 0.01
1 0.074 0.25 0.015 0.009
1 0.064 0.207 0.011 0.008
1 0.127 0.204 0.01 0.007
1 0.017 0.25 0.013 0.009
1 0.273 0.331 0.017 0.01
1 0.315 0.279 0.017 0.01
1 0.213 0.289 0.01 0.01
1 0.277 0.275 0.011 0.01
1 0.33 0.283 0.008 0.005
1 0.273 0.289 0.009 0.009
1 0.385 0.246 0.013 0.01
1 0.602 0.328 0.015 0.01
1 0.6 0.291 0.015 0.01
1 0.665 0.289 0.015 0.009
1 0.961 0.207 0.013 0.009
1 0.953 0.18 0.013 0.009
1 0.917 0.155 0.011 0.009
1 0.87 0.157 0.012 0.009
1 0.683 0.245 0.013 0.009
1 0.705 0.217 0.012 0.007
1 0.647 0.221 0.015 0.009
1 0.692 0.187 0.012 0.008
1 0.435 0.204 0.013 0.009
1 0.375 0.211 0.008 0.007
1 0.392 0.204 0.007 0.007
1 0.427 0.185 0.011 0.007
1 0.377 0.188 0.008 0.005
1 0.088 0.18 0.01 0.006
1 0.12 0.184 0.008 0.005
1 0.182 0.15 0.008 0.006
1 0.185 0.095 0.009 0.007
1 0.413 0.168 0.006 0.003
1 0.37 0.17 0.007 0.004
1 0.377 0.151 0.006 0.005
1 0.399 0.133 0.006 0.005
1 0.324 0.117 0.006 0.005
1 0.806 0.125 0.008 0.005
1 0.758 0.129 0.01 0.006
1 0.716 0.111 0.007 0.005
1 0.647 0.169 0.008 0.005
1 0.619 0.139 0.009 0.005
1 0.576 0.145 0.008 0.007
1 0.582 0.147 0.005 0.004
1 0.674 0.095 0.006 0.004
1 0.599 0.077 0.006 0.005
1 0.574 0.076 0.007 0.005
1 0.544 0.116 0.006 0.005
1 0.482 0.072 0.005 0.003
1 0.477 0.105 0.007 0.005
1 0.445 0.092 0.006 0.005
1 0.446 0.081 0.006 0.004
1 0.435 0.082 0.007 0.005
1 0.369 0.086 0.007 0.005
1 0.334 0.106 0.006 0.004
1 0.312 0.069 0.004 0.003
1 0.33 0.069 0.005 0.005
1 0.272 0.053 0.005 0.003
1 0.26 0.088 0.007 0.005
1 0.271 0.09 0.006 0.006
1 0.238 0.055 0.008 0.005
1 0.174 0.028 0.005 0.005
1 0.094 0.026 0.004 0.003
1 0.074 0.028 0.005 0.003
1 0.05 0.057 0.006 0.003
1 0.02 0.056 0.003 0.004
1 0.404 0.043 0.006 0.005
