1 0.091 0.389 0.032 0.062
1 0.172 0.358 0.025 0.05
1 0.235 0.339 0.023 0.053
1 0.273 0.375 0.023 0.05
1 0.343 0.356 0.023 0.046
1 0.411 0.35 0.021 0.035
1 0.441 0.359 0.021 0.046
1 0.509 0.353 0.022 0.038
1 0.562 0.358 0.02 0.049
1 0.59 0.359 0.022 0.058
1 0.623 0.351 0.021 0.05
1 0.198 0.536 0.028 0.055
1 0.659 0.375 0.023 0.05
1 0.594 0.507 0.025 0.055
1 0.498 0.49 0.027 0.063
1 0.411 0.51 0.027 0.056
1 0.296 0.499 0.029 0.056
1 0.677 0.345 0.021 0.035
1 0.702 0.372 0.022 0.046
1 0.731 0.372 0.023 0.053
1 0.766 0.354 0.021 0.044
1 0.802 0.372 0.024 0.059
1 0.864 0.373 0.024 0.05
1 0.88 0.521 0.027 0.068
1 0.807 0.546 0.027 0.053
1 0.692 0.507 0.027 0.053
