1 0.144 0.301 0.018 0.038
1 0.205 0.315 0.017 0.029
1 0.232 0.313 0.015 0.037
1 0.3 0.273 0.014 0.029
1 0.331 0.272 0.014 0.031
1 0.375 0.277 0.013 0.026
1 0.378 0.354 0.019 0.034
1 0.311 0.389 0.026 0.059
1 0.252 0.419 0.022 0.044
1 0.191 0.496 0.032 0.062
1 0.407 0.399 0.025 0.044
1 0.354 0.479 0.03 0.062
1 0.27 0.497 0.027 0.047
1 0.42 0.269 0.015 0.025
1 0.451 0.268 0.016 0.026
1 0.507 0.251 0.015 0.028
1 0.543 0.262 0.014 0.029
1 0.573 0.252 0.014 0.026
1 0.643 0.252 0.015 0.029
1 0.595 0.387 0.024 0.05
1 0.58 0.348 0.021 0.037
1 0.629 0.37 0.02 0.037
1 0.641 0.436 0.032 0.075
1 0.673 0.382 0.022 0.048
1 0.693 0.358 0.014 0.035
1 0.736 0.284 0.018 0.041
1 0.749 0.305 0.01 0.029
1 0.801 0.293 0.022 0.048
1 0.74 0.402 0.018 0.04
1 0.817 0.559 0.041 0.072
1 0.746 0.477 0.023 0.041
1 0.794 0.477 0.026 0.047
1 0.917 0.532 0.027 0.056
1 0.145 0.619 0.037 0.076
1 0.252 0.587 0.038 0.107
1 0.847 0.221 0.011 0.021
1 0.868 0.226 0.01 0.021
1 0.881 0.219 0.01 0.016
