1 0.163 0.315 0.014 0.016
1 0.177 0.251 0.009 0.014
1 0.203 0.27 0.01 0.014
1 0.257 0.236 0.01 0.016
1 0.266 0.286 0.011 0.013
1 0.283 0.262 0.01 0.016
1 0.308 0.266 0.009 0.016
1 0.364 0.267 0.01 0.019
1 0.377 0.25 0.01 0.014
1 0.403 0.272 0.012 0.019
1 0.539 0.633 0.009 0.014
1 0.608 0.693 0.009 0.017
1 0.64 0.708 0.008 0.016
1 0.654 0.716 0.009 0.017
1 0.683 0.688 0.009 0.013
1 0.615 0.74 0.01 0.024
1 0.649 0.743 0.011 0.017
1 0.588 0.733 0.009 0.023
1 0.575 0.77 0.017 0.027
1 0.505 0.805 0.015 0.031
1 0.524 0.744 0.015 0.027
1 0.507 0.725 0.011 0.021
1 0.947 0.738 0.013 0.024
1 0.481 0.726 0.009 0.02
1 0.329 0.641 0.007 0.013
1 0.297 0.628 0.009 0.013
1 0.271 0.654 0.007 0.013
1 0.248 0.667 0.009 0.013
1 0.263 0.693 0.008 0.016
1 0.312 0.69 0.009 0.014
1 0.346 0.708 0.008 0.013
1 0.354 0.719 0.009 0.017
1 0.333 0.737 0.009 0.019
1 0.317 0.735 0.012 0.021
1 0.301 0.713 0.008 0.016
1 0.285 0.721 0.008 0.019
1 0.256 0.727 0.008 0.016
1 0.249 0.743 0.014 0.023
1 0.245 0.705 0.009 0.016
1 0.226 0.71 0.01 0.017
1 0.208 0.732 0.013 0.026
1 0.183 0.723 0.012 0.017
1 0.155 0.743 0.012 0.024
1 0.192 0.763 0.012 0.026
1 0.186 0.793 0.011 0.026
1 0.136 0.757 0.012 0.026
1 0.131 0.727 0.009 0.021
1 0.084 0.746 0.011 0.023
1 0.124 0.777 0.014 0.031
1 0.04 0.698 0.015 0.031
1 0.112 0.822 0.015 0.036
1 0.403 0.702 0.007 0.014
1 0.911 0.741 0.01 0.024
1 0.44 0.265 0.01 0.017
1 0.485 0.272 0.013 0.02
1 0.336 0.257 0.01 0.016
1 0.297 0.282 0.01 0.016
1 0.337 0.29 0.01 0.013
1 0.886 0.767 0.017 0.026
1 0.855 0.717 0.01 0.016
1 0.931 0.712 0.01 0.017
1 0.906 0.695 0.013 0.017
1 0.883 0.631 0.009 0.014
1 0.56 0.707 0.01 0.016
1 0.531 0.674 0.01 0.019
1 0.784 0.712 0.008 0.014
