1 0.93 0.497 0.028 0.047
1 0.983 0.494 0.018 0.03
1 0.885 0.52 0.029 0.049
1 0.845 0.514 0.038 0.066
1 0.812 0.502 0.022 0.04
1 0.764 0.533 0.039 0.074
1 0.716 0.515 0.033 0.061
1 0.714 0.595 0.052 0.076
1 0.668 0.538 0.04 0.07
1 0.683 0.486 0.027 0.043
1 0.646 0.477 0.025 0.043
1 0.73 0.393 0.016 0.027
1 0.694 0.452 0.023 0.036
1 0.648 0.374 0.014 0.025
1 0.607 0.5 0.033 0.062
1 0.581 0.489 0.022 0.043
1 0.558 0.405 0.014 0.023
1 0.59 0.654 0.058 0.115
1 0.562 0.576 0.05 0.082
1 0.517 0.53 0.037 0.07
1 0.511 0.469 0.02 0.033
1 0.44 0.472 0.02 0.033
1 0.397 0.574 0.06 0.105
1 0.402 0.488 0.037 0.061
1 0.374 0.484 0.02 0.038
1 0.368 0.464 0.019 0.034
1 0.315 0.56 0.036 0.052
1 0.283 0.492 0.026 0.053
1 0.28 0.445 0.018 0.027
1 0.279 0.745 0.085 0.174
1 0.256 0.614 0.046 0.074
1 0.241 0.466 0.02 0.044
1 0.209 0.469 0.025 0.043
1 0.171 0.487 0.032 0.052
1 0.155 0.652 0.077 0.143
1 0.134 0.576 0.04 0.078
1 0.102 0.494 0.027 0.051
1 0.041 0.512 0.034 0.069
1 0.059 0.447 0.018 0.03
1 0.029 0.456 0.016 0.036
1 0.081 0.485 0.02 0.033
1 0.155 0.484 0.019 0.036
1 0.149 0.465 0.017 0.033
