1 0.727 0.652 0.063 0.094
1 0.76 0.87 0.031 0.113
1 0.024 0.595 0.036 0.057
1 0.227 0.469 0.016 0.03
1 0.26 0.42 0.014 0.025
1 0.262 0.454 0.013 0.025
1 0.342 0.517 0.023 0.034
1 0.316 0.463 0.015 0.025
1 0.392 0.439 0.013 0.026
1 0.419 0.478 0.016 0.031
1 0.671 0.499 0.031 0.051
1 0.645 0.538 0.025 0.048
1 0.726 0.477 0.02 0.047
1 0.742 0.438 0.018 0.027
1 0.781 0.483 0.023 0.044
1 0.805 0.51 0.02 0.059
1 0.813 0.423 0.017 0.029
1 0.83 0.421 0.016 0.031
1 0.971 0.483 0.018 0.031
1 0.977 0.463 0.016 0.03
