1 0.096 0.57 0.02 0.031
1 0.115 0.592 0.018 0.031
1 0.122 0.493 0.017 0.031
1 0.156 0.51 0.016 0.032
1 0.188 0.512 0.018 0.028
1 0.23 0.494 0.017 0.029
1 0.208 0.56 0.017 0.032
1 0.238 0.577 0.014 0.028
1 0.303 0.568 0.018 0.031
1 0.258 0.418 0.012 0.021
1 0.302 0.718 0.014 0.026
1 0.367 0.708 0.018 0.026
1 0.412 0.713 0.018 0.025
1 0.479 0.707 0.015 0.026
1 0.273 0.363 0.009 0.022
1 0.295 0.416 0.008 0.019
1 0.296 0.361 0.011 0.022
1 0.327 0.413 0.01 0.018
1 0.37 0.476 0.016 0.028
1 0.316 0.494 0.017 0.029
1 0.437 0.357 0.012 0.022
1 0.38 0.416 0.009 0.019
1 0.396 0.42 0.011 0.019
1 0.479 0.4 0.013 0.016
1 0.499 0.38 0.012 0.021
1 0.477 0.353 0.011 0.019
1 0.514 0.342 0.011 0.021
1 0.566 0.348 0.011 0.019
1 0.607 0.347 0.011 0.019
1 0.55 0.393 0.013 0.021
1 0.587 0.387 0.014 0.023
1 0.563 0.462 0.019 0.029
1 0.547 0.479 0.015 0.029
1 0.453 0.459 0.021 0.032
1 0.472 0.482 0.011 0.022
1 0.354 0.549 0.017 0.034
1 0.412 0.573 0.017 0.029
1 0.46 0.575 0.016 0.026
1 0.812 0.475 0.015 0.029
1 0.759 0.464 0.013 0.025
1 0.856 0.468 0.016 0.031
1 0.889 0.453 0.019 0.035
1 0.912 0.529 0.018 0.037
1 0.848 0.567 0.017 0.031
1 0.323 0.361 0.008 0.018
1 0.39 0.35 0.012 0.021
1 0.524 0.705 0.016 0.028
1 0.569 0.538 0.013 0.035
1 0.573 0.55 0.011 0.023
1 0.644 0.547 0.017 0.026
1 0.663 0.548 0.018 0.031
1 0.759 0.547 0.017 0.026
1 0.794 0.537 0.017 0.034
1 0.603 0.718 0.017 0.025
1 0.643 0.716 0.017 0.028
1 0.681 0.721 0.014 0.021
1 0.722 0.719 0.015 0.019
1 0.771 0.683 0.016 0.029
1 0.843 0.713 0.018 0.026
1 0.67 0.357 0.01 0.022
1 0.692 0.356 0.011 0.019
1 0.689 0.408 0.012 0.021
1 0.63 0.466 0.011 0.018
1 0.671 0.476 0.017 0.028
1 0.696 0.478 0.016 0.026
1 0.749 0.464 0.013 0.025
