1 0.942 0.311 0.043 0.06
1 0.865 0.351 0.037 0.059
1 0.832 0.335 0.03 0.044
1 0.783 0.38 0.032 0.051
1 0.733 0.381 0.029 0.045
1 0.704 0.347 0.025 0.041
1 0.767 0.603 0.021 0.035
1 0.659 0.582 0.026 0.045
1 0.593 0.511 0.028 0.05
1 0.545 0.466 0.021 0.035
1 0.594 0.371 0.022 0.045
1 0.673 0.344 0.026 0.044
1 0.617 0.309 0.017 0.023
1 0.537 0.384 0.023 0.04
1 0.515 0.551 0.02 0.032
1 0.478 0.488 0.025 0.054
1 0.451 0.434 0.026 0.042
1 0.439 0.352 0.021 0.037
1 0.383 0.399 0.021 0.04
1 0.38 0.362 0.02 0.032
1 0.347 0.371 0.022 0.042
1 0.375 0.512 0.024 0.041
1 0.279 0.497 0.028 0.054
1 0.277 0.38 0.024 0.042
1 0.231 0.387 0.027 0.044
1 0.174 0.383 0.027 0.04
1 0.184 0.49 0.033 0.059
1 0.101 0.348 0.025 0.045
1 0.089 0.515 0.029 0.061
1 0.041 0.302 0.031 0.056
1 0.017 0.329 0.032 0.064
1 0.644 0.361 0.021 0.034
