1 0.017 0.701 0.009 0.02
1 0.072 0.624 0.01 0.018
1 0.091 0.687 0.011 0.019
1 0.085 0.701 0.011 0.02
1 0.358 0.793 0.01 0.016
1 0.323 0.679 0.012 0.026
1 0.412 0.665 0.012 0.019
1 0.464 0.609 0.018 0.029
1 0.498 0.605 0.009 0.012
1 0.496 0.632 0.011 0.019
1 0.51 0.661 0.013 0.019
1 0.529 0.649 0.011 0.019
1 0.521 0.64 0.01 0.015
1 0.725 0.631 0.011 0.015
1 0.743 0.646 0.011 0.018
1 0.751 0.672 0.012 0.02
1 0.753 0.637 0.009 0.018
1 0.763 0.644 0.011 0.018
1 0.771 0.613 0.013 0.019
1 0.788 0.635 0.012 0.018
1 0.776 0.669 0.008 0.015
1 0.786 0.667 0.012 0.022
1 0.798 0.665 0.013 0.02
1 0.809 0.615 0.012 0.02
1 0.811 0.575 0.008 0.015
1 0.824 0.635 0.011 0.018
1 0.839 0.663 0.014 0.028
1 0.846 0.641 0.01 0.013
1 0.873 0.621 0.011 0.02
1 0.889 0.654 0.014 0.022
1 0.855 0.668 0.013 0.019
1 0.904 0.63 0.011 0.019
1 0.891 0.622 0.011 0.016
1 0.899 0.608 0.01 0.016
1 0.92 0.625 0.009 0.015
1 0.942 0.66 0.009 0.018
1 0.955 0.636 0.01 0.016
1 0.96 0.673 0.01 0.018
1 0.933 0.609 0.01 0.015
1 0.947 0.606 0.008 0.012
1 0.981 0.643 0.011 0.016
