1 0.052 0.389 0.042 0.067
1 0.112 0.405 0.026 0.042
1 0.172 0.421 0.017 0.042
1 0.188 0.368 0.012 0.019
1 0.254 0.447 0.035 0.083
1 0.35 0.441 0.025 0.051
1 0.354 0.394 0.016 0.02
1 0.386 0.396 0.009 0.025
1 0.219 0.359 0.008 0.016
1 0.5 0.4 0.013 0.028
1 0.501 0.373 0.01 0.019
1 0.544 0.343 0.007 0.013
1 0.58 0.354 0.008 0.013
1 0.608 0.4 0.014 0.035
1 0.633 0.387 0.016 0.029
1 0.658 0.357 0.01 0.018
1 0.651 0.381 0.01 0.023
1 0.78 0.473 0.042 0.076
1 0.703 0.398 0.026 0.04
1 0.691 0.379 0.015 0.029
1 0.798 0.369 0.007 0.012
1 0.845 0.379 0.009 0.015
1 0.889 0.441 0.026 0.053
1 0.915 0.403 0.019 0.035
1 0.905 0.369 0.009 0.015
1 0.955 0.434 0.023 0.037
1 0.97 0.379 0.008 0.023
1 0.528 0.394 0.007 0.02
1 0.463 0.379 0.008 0.018
1 0.613 0.362 0.009 0.018
