1 0.024 0.009 0.017 0.016
1 0.071 0.011 0.016 0.014
1 0.127 0.008 0.016 0.012
1 0.17 0.014 0.017 0.02
1 0.222 0.012 0.017 0.02
1 0.257 0.031 0.015 0.02
1 0.281 0.02 0.015 0.02
1 0.269 0.079 0.016 0.027
1 0.218 0.07 0.016 0.029
1 0.216 0.035 0.014 0.021
1 0.169 0.041 0.015 0.022
1 0.167 0.066 0.015 0.025
1 0.13 0.029 0.016 0.026
1 0.113 0.068 0.015 0.025
1 0.078 0.031 0.015 0.027
1 0.061 0.059 0.014 0.023
1 0.077 0.09 0.018 0.026
1 0.008 0.077 0.016 0.023
1 0.066 0.122 0.017 0.026
1 0.077 0.14 0.019 0.027
1 0.022 0.197 0.018 0.03
1 0.078 0.193 0.018 0.027
1 0.076 0.227 0.02 0.027
1 0.125 0.188 0.016 0.025
1 0.127 0.164 0.018 0.026
1 0.119 0.14 0.017 0.027
1 0.13 0.113 0.017 0.027
1 0.162 0.135 0.018 0.025
1 0.169 0.158 0.018 0.025
1 0.178 0.184 0.018 0.03
1 0.214 0.16 0.021 0.027
1 0.223 0.122 0.018 0.029
1 0.275 0.13 0.019 0.031
1 0.256 0.163 0.019 0.025
1 0.264 0.198 0.021 0.029
1 0.227 0.193 0.017 0.027
1 0.253 0.239 0.019 0.03
1 0.023 0.257 0.017 0.029
1 0.017 0.275 0.014 0.025
1 0.021 0.303 0.017 0.031
1 0.028 0.285 0.011 0.023
1 0.076 0.275 0.021 0.036
1 0.073 0.297 0.019 0.026
1 0.132 0.253 0.019 0.025
1 0.146 0.235 0.018 0.027
1 0.111 0.326 0.02 0.031
1 0.167 0.303 0.017 0.027
1 0.192 0.267 0.019 0.029
1 0.201 0.252 0.018 0.03
1 0.292 0.273 0.018 0.026
1 0.264 0.307 0.019 0.026
1 0.214 0.303 0.021 0.029
1 0.23 0.354 0.019 0.027
1 0.283 0.345 0.02 0.029
1 0.295 0.37 0.018 0.025
1 0.271 0.44 0.02 0.029
1 0.229 0.451 0.019 0.031
1 0.204 0.423 0.021 0.035
1 0.184 0.376 0.02 0.027
1 0.16 0.404 0.021 0.03
1 0.151 0.447 0.021 0.026
1 0.125 0.403 0.021 0.03
1 0.081 0.395 0.019 0.033
1 0.036 0.387 0.021 0.035
1 0.034 0.441 0.021 0.036
1 0.019 0.473 0.02 0.036
1 0.073 0.467 0.021 0.03
1 0.099 0.438 0.019 0.033
1 0.168 0.481 0.021 0.03
1 0.127 0.488 0.02 0.029
1 0.287 0.474 0.021 0.029
1 0.045 0.509 0.024 0.034
1 0.113 0.522 0.021 0.034
1 0.076 0.563 0.021 0.035
1 0.098 0.596 0.024 0.033
1 0.127 0.545 0.021 0.03
1 0.168 0.537 0.02 0.033
1 0.194 0.551 0.021 0.027
1 0.177 0.576 0.022 0.034
1 0.23 0.525 0.02 0.03
1 0.288 0.514 0.021 0.035
1 0.03 0.598 0.022 0.033
1 0.01 0.65 0.02 0.031
1 0.055 0.687 0.023 0.033
1 0.04 0.715 0.022 0.033
1 0.118 0.692 0.025 0.033
1 0.081 0.66 0.023 0.027
1 0.137 0.644 0.022 0.035
1 0.204 0.646 0.021 0.034
1 0.18 0.689 0.021 0.033
1 0.257 0.589 0.021 0.034
1 0.307 0.664 0.022 0.031
1 0.086 0.74 0.023 0.03
1 0.048 0.785 0.021 0.038
1 0.075 0.847 0.026 0.038
1 0.058 0.891 0.025 0.036
1 0.133 0.803 0.026 0.031
1 0.125 0.849 0.023 0.034
1 0.144 0.928 0.024 0.04
1 0.083 0.939 0.024 0.04
1 0.224 0.945 0.027 0.035
1 0.236 0.88 0.026 0.043
1 0.249 0.826 0.026 0.039
1 0.183 0.815 0.019 0.036
1 0.199 0.773 0.026 0.035
1 0.158 0.729 0.025 0.036
1 0.235 0.727 0.025 0.043
1 0.282 0.76 0.021 0.033
1 0.284 0.803 0.027 0.034
1 0.312 0.835 0.027 0.036
1 0.311 0.882 0.028 0.039
1 0.306 0.914 0.026 0.044
1 0.369 0.937 0.026 0.038
1 0.379 0.832 0.024 0.034
1 0.373 0.784 0.026 0.036
1 0.352 0.747 0.022 0.039
1 0.326 0.714 0.024 0.038
1 0.009 0.853 0.018 0.036
1 0.012 0.936 0.024 0.038
1 0.301 0.047 0.017 0.023
1 0.304 0.081 0.017 0.027
1 0.313 0.12 0.017 0.03
1 0.312 0.163 0.018 0.026
1 0.306 0.217 0.02 0.029
1 0.345 0.044 0.017 0.022
1 0.35 0.072 0.016 0.025
1 0.34 0.122 0.018 0.027
1 0.33 0.197 0.019 0.022
1 0.365 0.182 0.017 0.026
1 0.363 0.225 0.02 0.026
1 0.39 0.213 0.019 0.025
1 0.332 0.007 0.014 0.013
1 0.381 0.016 0.015 0.023
1 0.39 0.053 0.017 0.025
1 0.393 0.085 0.017 0.026
1 0.407 0.103 0.018 0.023
1 0.389 0.127 0.019 0.027
1 0.36 0.114 0.015 0.025
1 0.419 0.158 0.016 0.022
1 0.419 0.079 0.016 0.025
1 0.424 0.018 0.014 0.025
1 0.438 0.03 0.019 0.026
1 0.442 0.132 0.014 0.029
1 0.428 0.238 0.019 0.027
1 0.441 0.219 0.013 0.027
1 0.472 0.16 0.017 0.021
1 0.477 0.21 0.017 0.022
1 0.519 0.169 0.018 0.029
1 0.488 0.122 0.018 0.026
1 0.486 0.077 0.016 0.023
1 0.479 0.035 0.016 0.023
1 0.519 0.021 0.014 0.025
1 0.524 0.055 0.017 0.017
1 0.533 0.078 0.017 0.026
1 0.51 0.095 0.016 0.023
1 0.546 0.146 0.018 0.029
1 0.533 0.223 0.018 0.026
1 0.568 0.234 0.017 0.029
1 0.561 0.062 0.016 0.026
1 0.564 0.021 0.015 0.025
1 0.308 0.312 0.018 0.026
1 0.372 0.288 0.019 0.027
1 0.435 0.298 0.017 0.03
1 0.533 0.283 0.017 0.027
1 0.553 0.297 0.021 0.029
1 0.584 0.283 0.018 0.029
1 0.604 0.304 0.018 0.025
1 0.561 0.337 0.021 0.029
1 0.5 0.337 0.021 0.027
1 0.438 0.338 0.018 0.027
1 0.408 0.371 0.019 0.018
1 0.35 0.382 0.019 0.033
1 0.314 0.398 0.02 0.029
1 0.345 0.348 0.018 0.027
1 0.42 0.414 0.021 0.031
1 0.368 0.423 0.021 0.029
1 0.33 0.443 0.019 0.029
1 0.346 0.468 0.021 0.033
1 0.383 0.451 0.017 0.025
1 0.398 0.484 0.02 0.029
1 0.461 0.454 0.021 0.036
1 0.459 0.486 0.021 0.033
1 0.472 0.4 0.021 0.035
1 0.536 0.382 0.02 0.03
1 0.587 0.393 0.019 0.034
1 0.576 0.4 0.021 0.033
1 0.53 0.413 0.022 0.031
1 0.519 0.474 0.021 0.031
1 0.58 0.459 0.021 0.035
1 0.599 0.52 0.02 0.029
1 0.536 0.547 0.021 0.026
1 0.48 0.552 0.021 0.026
1 0.413 0.546 0.021 0.034
1 0.349 0.548 0.025 0.033
1 0.549 0.577 0.02 0.03
1 0.327 0.598 0.022 0.029
1 0.438 0.579 0.023 0.03
1 0.366 0.65 0.024 0.034
1 0.384 0.634 0.022 0.031
1 0.393 0.711 0.022 0.029
1 0.425 0.73 0.025 0.039
1 0.444 0.775 0.027 0.04
1 0.472 0.852 0.024 0.036
1 0.451 0.877 0.022 0.022
1 0.53 0.857 0.023 0.042
1 0.553 0.856 0.02 0.035
1 0.521 0.809 0.022 0.036
1 0.498 0.754 0.021 0.031
1 0.573 0.743 0.022 0.031
1 0.459 0.728 0.022 0.034
1 0.518 0.67 0.021 0.033
1 0.497 0.653 0.022 0.035
1 0.439 0.63 0.019 0.029
1 0.484 0.576 0.021 0.03
1 0.52 0.635 0.019 0.033
1 0.562 0.646 0.022 0.035
1 0.588 0.613 0.018 0.035
1 0.564 0.943 0.023 0.029
1 0.499 0.943 0.024 0.031
1 0.44 0.936 0.024 0.036
1 0.384 0.904 0.028 0.039
1 0.972 0.05 0.018 0.027
1 0.946 0.035 0.019 0.021
1 0.926 0.038 0.017 0.025
1 0.879 0.035 0.016 0.018
1 0.842 0.087 0.017 0.027
1 0.852 0.065 0.014 0.026
1 0.829 0.034 0.015 0.016
1 0.805 0.036 0.017 0.022
1 0.77 0.048 0.018 0.023
1 0.713 0.058 0.019 0.033
1 0.667 0.057 0.017 0.027
1 0.671 0.036 0.016 0.017
1 0.636 0.04 0.02 0.025
1 0.593 0.068 0.014 0.026
1 0.582 0.079 0.015 0.029
1 0.596 0.127 0.02 0.027
1 0.586 0.113 0.016 0.023
1 0.638 0.119 0.016 0.027
1 0.648 0.132 0.02 0.027
1 0.688 0.122 0.019 0.026
1 0.7 0.146 0.019 0.023
1 0.734 0.116 0.017 0.031
1 0.748 0.136 0.019 0.027
1 0.782 0.119 0.015 0.025
1 0.797 0.096 0.016 0.023
1 0.802 0.161 0.02 0.027
1 0.584 0.166 0.019 0.025
1 0.581 0.208 0.018 0.03
1 0.635 0.23 0.019 0.029
1 0.636 0.277 0.02 0.029
1 0.648 0.326 0.019 0.029
1 0.628 0.348 0.02 0.029
1 0.683 0.339 0.02 0.029
1 0.688 0.286 0.018 0.029
1 0.692 0.253 0.019 0.031
1 0.697 0.213 0.018 0.027
1 0.693 0.176 0.02 0.027
1 0.747 0.177 0.017 0.026
1 0.76 0.232 0.02 0.031
1 0.749 0.283 0.018 0.033
1 0.747 0.316 0.02 0.03
1 0.819 0.244 0.019 0.03
1 0.796 0.303 0.02 0.027
1 0.79 0.338 0.021 0.027
1 0.738 0.354 0.018 0.025
1 0.629 0.099 0.018 0.023
1 0.629 0.401 0.017 0.026
1 0.645 0.382 0.019 0.029
1 0.7 0.383 0.02 0.029
1 0.75 0.377 0.02 0.022
1 0.869 0.387 0.022 0.03
1 0.931 0.392 0.023 0.029
1 0.922 0.417 0.021 0.029
1 0.918 0.46 0.021 0.035
1 0.916 0.509 0.021 0.031
1 0.938 0.574 0.018 0.033
1 0.883 0.577 0.021 0.033
1 0.883 0.626 0.023 0.038
1 0.89 0.654 0.024 0.042
1 0.835 0.64 0.023 0.038
1 0.829 0.6 0.022 0.036
1 0.819 0.572 0.025 0.038
1 0.847 0.531 0.021 0.033
1 0.847 0.503 0.021 0.038
1 0.806 0.475 0.02 0.03
1 0.806 0.443 0.021 0.031
1 0.822 0.415 0.019 0.033
1 0.771 0.419 0.023 0.038
1 0.744 0.484 0.023 0.039
1 0.751 0.462 0.019 0.033
1 0.718 0.423 0.02 0.031
1 0.676 0.419 0.017 0.031
1 0.696 0.482 0.019 0.031
1 0.701 0.517 0.021 0.039
1 0.625 0.456 0.017 0.023
1 0.655 0.488 0.02 0.036
1 0.633 0.488 0.021 0.031
1 0.645 0.538 0.021 0.035
1 0.612 0.578 0.02 0.034
1 0.68 0.57 0.021 0.031
1 0.646 0.615 0.021 0.034
1 0.636 0.648 0.024 0.04
1 0.866 0.46 0.021 0.033
1 0.869 0.419 0.02 0.035
1 0.783 0.544 0.021 0.036
1 0.748 0.566 0.022 0.036
1 0.693 0.638 0.021 0.039
1 0.763 0.619 0.022 0.035
1 0.766 0.65 0.022 0.033
1 0.927 0.514 0.019 0.027
1 0.669 0.697 0.023 0.035
1 0.64 0.718 0.024 0.038
1 0.667 0.807 0.023 0.038
1 0.606 0.814 0.022 0.039
1 0.621 0.849 0.021 0.039
1 0.642 0.932 0.024 0.039
1 0.599 0.882 0.018 0.039
1 0.667 0.902 0.028 0.042
1 0.685 0.863 0.024 0.039
1 0.708 0.745 0.021 0.035
1 0.745 0.709 0.023 0.035
1 0.793 0.744 0.022 0.035
1 0.824 0.71 0.022 0.034
1 0.88 0.724 0.023 0.039
1 0.9 0.704 0.024 0.033
1 0.781 0.811 0.024 0.038
1 0.766 0.855 0.024 0.04
1 0.888 0.794 0.02 0.036
1 0.727 0.933 0.025 0.038
1 0.75 0.928 0.024 0.044
1 0.828 0.912 0.025 0.046
1 0.822 0.969 0.023 0.038
1 0.902 0.931 0.026 0.044
1 0.925 0.904 0.026 0.039
1 0.912 0.844 0.024 0.039
1 0.83 0.868 0.024 0.039
1 0.949 0.628 0.022 0.034
1 0.974 0.658 0.022 0.033
1 0.982 0.716 0.021 0.036
1 0.969 0.754 0.023 0.034
1 0.976 0.816 0.023 0.035
1 0.983 0.858 0.023 0.034
1 0.981 0.948 0.026 0.039
1 0.927 0.315 0.019 0.026
1 0.986 0.303 0.021 0.025
1 0.948 0.355 0.019 0.031
1 0.968 0.412 0.02 0.033
1 0.987 0.441 0.022 0.03
1 0.957 0.515 0.019 0.027
1 0.987 0.526 0.021 0.034
1 0.996 0.573 0.009 0.034
1 0.869 0.152 0.021 0.034
1 0.841 0.119 0.018 0.027
1 0.898 0.111 0.018 0.023
1 0.89 0.091 0.019 0.029
1 0.93 0.1 0.018 0.026
1 0.955 0.116 0.019 0.029
1 0.98 0.085 0.017 0.026
1 0.976 0.141 0.019 0.025
1 0.938 0.145 0.02 0.029
1 0.923 0.173 0.018 0.031
1 0.897 0.207 0.019 0.029
1 0.844 0.214 0.019 0.029
1 0.801 0.208 0.019 0.033
1 0.943 0.189 0.018 0.033
1 0.974 0.175 0.021 0.033
1 0.95 0.254 0.019 0.029
1 0.904 0.271 0.021 0.034
1 0.89 0.26 0.018 0.035
1 0.864 0.291 0.02 0.025
1 0.951 0.283 0.017 0.031
1 0.742 0.079 0.016 0.026
1 0.486 0.253 0.019 0.031
1 0.429 0.283 0.017 0.031
1 0.066 0.35 0.021 0.033
1 0.007 0.32 0.014 0.027
1 0.84 0.347 0.019 0.03
1 0.81 0.335 0.02 0.033
1 0.888 0.36 0.021 0.03
