1 0.189 0.366 0.014 0.035
1 0.356 0.326 0.016 0.042
1 0.453 0.365 0.02 0.047
1 0.493 0.422 0.025 0.062
1 0.459 0.483 0.028 0.075
1 0.374 0.513 0.029 0.069
1 0.324 0.447 0.022 0.058
1 0.307 0.36 0.015 0.036
1 0.381 0.372 0.014 0.042
1 0.587 0.388 0.021 0.049
1 0.853 0.305 0.012 0.035
1 0.022 0.338 0.013 0.036
1 0.075 0.375 0.015 0.044
1 0.874 0.754 0.075 0.195
1 0.257 0.593 0.044 0.095
1 0.287 0.543 0.034 0.089
1 0.27 0.482 0.025 0.069
1 0.291 0.47 0.023 0.056
1 0.17 0.491 0.023 0.058
1 0.648 0.328 0.008 0.024
1 0.694 0.305 0.008 0.024
1 0.022 0.303 0.013 0.031
1 0.167 0.541 0.028 0.075
1 0.138 0.455 0.02 0.062
1 0.196 0.467 0.023 0.055
1 0.246 0.689 0.054 0.142
1 0.328 0.66 0.041 0.113
1 0.083 0.636 0.045 0.124
1 0.038 0.665 0.066 0.204
1 0.031 0.462 0.021 0.065
1 0.495 0.554 0.04 0.085
1 0.554 0.367 0.015 0.04
1 0.51 0.422 0.017 0.051
1 0.5 0.366 0.017 0.038
1 0.564 0.418 0.021 0.058
1 0.61 0.355 0.021 0.049
1 0.666 0.401 0.02 0.049
1 0.609 0.475 0.027 0.065
1 0.633 0.454 0.027 0.064
1 0.695 0.553 0.051 0.145
1 0.734 0.581 0.034 0.1
1 0.83 0.46 0.056 0.12
1 0.756 0.328 0.013 0.031
1 0.788 0.307 0.015 0.04
1 0.712 0.32 0.014 0.033
1 0.581 0.615 0.044 0.111
1 0.865 0.321 0.018 0.053
1 0.905 0.307 0.014 0.033
1 0.945 0.327 0.017 0.044
1 0.444 0.776 0.07 0.153
1 0.808 0.29 0.009 0.024
1 0.774 0.295 0.013 0.027
1 0.78 0.27 0.01 0.027
1 0.964 0.872 0.071 0.231
1 0.155 0.37 0.019 0.042
