1 0.015 0.446 0.016 0.038
1 0.054 0.434 0.021 0.054
1 0.158 0.529 0.017 0.038
1 0.233 0.423 0.03 0.076
1 0.297 0.392 0.027 0.071
1 0.362 0.395 0.026 0.081
1 0.617 0.383 0.032 0.08
1 0.509 0.304 0.017 0.051
1 0.733 0.41 0.021 0.058
1 0.787 0.429 0.012 0.033
1 0.804 0.424 0.01 0.038
1 0.811 0.425 0.017 0.04
1 0.844 0.415 0.016 0.038
1 0.863 0.434 0.023 0.065
1 0.895 0.373 0.027 0.063
1 0.837 0.247 0.01 0.031
1 0.838 0.289 0.011 0.025
1 0.861 0.29 0.014 0.034
1 0.876 0.264 0.011 0.033
1 0.854 0.316 0.01 0.029
1 0.821 0.277 0.01 0.029
1 0.817 0.312 0.007 0.02
1 0.891 0.297 0.008 0.022
1 0.944 0.418 0.016 0.043
1 0.971 0.416 0.02 0.047
1 0.661 0.293 0.014 0.043
