1 0.418 0.289 0.014 0.029
1 0.425 0.314 0.012 0.024
1 0.445 0.288 0.013 0.032
1 0.457 0.297 0.012 0.032
1 0.468 0.295 0.014 0.032
1 0.488 0.295 0.014 0.033
1 0.507 0.298 0.015 0.035
1 0.53 0.279 0.018 0.036
1 0.547 0.292 0.015 0.036
1 0.56 0.29 0.016 0.036
1 0.581 0.302 0.019 0.042
1 0.596 0.287 0.017 0.042
1 0.613 0.323 0.014 0.033
1 0.639 0.306 0.019 0.038
1 0.673 0.29 0.019 0.042
1 0.691 0.322 0.017 0.036
1 0.716 0.319 0.022 0.044
1 0.75 0.302 0.019 0.042
1 0.773 0.29 0.024 0.048
1 0.793 0.326 0.021 0.045
1 0.817 0.302 0.023 0.051
1 0.854 0.295 0.023 0.053
1 0.897 0.305 0.021 0.054
1 0.92 0.331 0.017 0.048
1 0.94 0.326 0.028 0.053
1 0.973 0.311 0.022 0.054
1 0.993 0.33 0.014 0.056
1 0.103 0.276 0.036 0.089
1 0.125 0.301 0.036 0.08
1 0.142 0.335 0.041 0.08
1 0.383 0.3 0.041 0.083
