1 0.229 0.644 0.018 0.032
1 0.261 0.64 0.019 0.033
1 0.296 0.622 0.017 0.03
1 0.321 0.607 0.015 0.028
1 0.339 0.576 0.014 0.026
1 0.396 0.586 0.017 0.028
1 0.452 0.597 0.016 0.029
1 0.463 0.577 0.015 0.029
1 0.499 0.572 0.019 0.035
1 0.53 0.591 0.016 0.029
1 0.558 0.566 0.013 0.025
1 0.579 0.591 0.016 0.026
1 0.622 0.575 0.015 0.032
1 0.608 0.616 0.018 0.032
1 0.656 0.627 0.017 0.037
1 0.682 0.592 0.016 0.028
1 0.741 0.574 0.014 0.022
1 0.722 0.61 0.017 0.028
1 0.677 0.641 0.018 0.032
1 0.749 0.609 0.016 0.028
1 0.784 0.613 0.019 0.033
1 0.809 0.59 0.015 0.026
1 0.846 0.585 0.016 0.03
1 0.844 0.624 0.018 0.033
1 0.917 0.602 0.015 0.026
1 0.979 0.531 0.016 0.03
1 0.028 0.629 0.018 0.03
1 0.078 0.611 0.019 0.03
1 0.111 0.652 0.018 0.032
1 0.142 0.593 0.014 0.029
1 0.148 0.631 0.016 0.03
1 0.171 0.63 0.017 0.029
1 0.198 0.607 0.017 0.033
1 0.241 0.606 0.015 0.03
1 0.264 0.585 0.014 0.025
