1 0.026 0.504 0.01 0.019
1 0.06 0.498 0.009 0.015
1 0.046 0.442 0.011 0.018
1 0.091 0.449 0.009 0.016
1 0.115 0.451 0.009 0.018
1 0.1 0.551 0.01 0.018
1 0.153 0.553 0.008 0.018
1 0.226 0.519 0.009 0.019
1 0.369 0.59 0.014 0.032
1 0.421 0.555 0.009 0.018
1 0.376 0.458 0.008 0.016
1 0.684 0.575 0.021 0.041
1 0.728 0.57 0.007 0.013
1 0.672 0.545 0.008 0.016
1 0.692 0.54 0.009 0.019
1 0.567 0.49 0.005 0.012
1 0.625 0.499 0.007 0.015
1 0.641 0.492 0.008 0.015
1 0.652 0.542 0.007 0.013
1 0.633 0.54 0.007 0.009
1 0.812 0.518 0.006 0.012
1 0.831 0.522 0.007 0.013
1 0.85 0.563 0.009 0.013
1 0.815 0.562 0.006 0.012
1 0.015 0.558 0.009 0.018
1 0.071 0.567 0.007 0.015
1 0.379 0.506 0.009 0.016
1 0.444 0.571 0.008 0.015
1 0.387 0.563 0.01 0.016
1 0.426 0.523 0.008 0.016
1 0.408 0.507 0.008 0.016
1 0.88 0.56 0.005 0.01
1 0.918 0.587 0.004 0.012
1 0.944 0.593 0.005 0.012
1 0.448 0.477 0.007 0.019
1 0.603 0.512 0.008 0.016
1 0.322 0.466 0.005 0.015
1 0.347 0.492 0.006 0.015
1 0.763 0.512 0.004 0.009
1 0.772 0.507 0.002 0.007
1 0.787 0.605 0.005 0.01
