1 0.144 0.414 0.009 0.015
1 0.086 0.41 0.008 0.018
1 0.105 0.447 0.011 0.02
1 0.121 0.456 0.011 0.016
1 0.057 0.464 0.01 0.02
1 0.164 0.471 0.013 0.022
1 0.062 0.501 0.015 0.031
1 0.126 0.495 0.011 0.023
1 0.104 0.724 0.04 0.069
1 0.301 0.545 0.019 0.032
1 0.301 0.497 0.011 0.028
1 0.331 0.486 0.012 0.029
1 0.384 0.536 0.015 0.029
1 0.199 0.482 0.01 0.02
1 0.046 0.454 0.014 0.023
1 0.37 0.499 0.011 0.028
1 0.486 0.493 0.021 0.041
1 0.527 0.553 0.017 0.037
1 0.542 0.499 0.009 0.023
1 0.556 0.531 0.015 0.029
1 0.52 0.51 0.015 0.022
1 0.635 0.483 0.022 0.056
1 0.732 0.474 0.019 0.05
1 0.761 0.524 0.015 0.026
1 0.92 0.585 0.012 0.028
1 0.011 0.44 0.014 0.022
1 0.073 0.463 0.009 0.018
1 0.285 0.47 0.01 0.023
1 0.264 0.484 0.011 0.025
