1 0.71 0.108 0.018 0.031
1 0.795 0.091 0.024 0.045
1 0.409 0.074 0.015 0.025
1 0.354 0.104 0.012 0.018
1 0.316 0.072 0.016 0.025
1 0.075 0.06 0.017 0.034
1 0.141 0.074 0.022 0.043
1 0.181 0.064 0.023 0.039
1 0.225 0.045 0.016 0.027
1 0.248 0.068 0.023 0.033
1 0.025 0.039 0.007 0.012
1 0.041 0.052 0.008 0.012
1 0.111 0.072 0.016 0.025
1 0.641 0.077 0.01 0.016
1 0.769 0.137 0.006 0.015
1 0.759 0.109 0.009 0.015
1 0.742 0.11 0.007 0.012
1 0.73 0.104 0.01 0.018
1 0.389 0.392 0.035 0.049
1 0.533 0.265 0.032 0.057
1 0.448 0.076 0.023 0.039
1 0.517 0.097 0.014 0.024
1 0.543 0.113 0.015 0.024
1 0.582 0.079 0.017 0.036
1 0.648 0.121 0.013 0.027
1 0.687 0.115 0.015 0.03
1 0.008 0.018 0.012 0.018
1 0.552 0.094 0.011 0.019
1 0.564 0.077 0.015 0.024
1 0.826 0.101 0.019 0.027
1 0.428 0.085 0.01 0.021
1 0.373 0.069 0.016 0.025
1 0.353 0.067 0.02 0.021
1 0.499 0.105 0.006 0.01
1 0.153 0.07 0.01 0.018
1 0.35 0.089 0.009 0.01
1 0.342 0.104 0.007 0.012
1 0.336 0.092 0.005 0.012
