1 0.084 0.604 0.018 0.033
1 0.111 0.603 0.017 0.032
1 0.143 0.596 0.015 0.033
1 0.164 0.62 0.018 0.032
1 0.202 0.59 0.018 0.036
1 0.239 0.598 0.02 0.032
1 0.159 0.567 0.013 0.025
1 0.124 0.524 0.014 0.022
1 0.149 0.522 0.014 0.023
1 0.172 0.514 0.013 0.025
1 0.172 0.483 0.012 0.023
1 0.228 0.561 0.014 0.023
1 0.251 0.561 0.013 0.018
1 0.006 0.456 0.012 0.029
1 0.044 0.454 0.011 0.017
1 0.207 0.481 0.013 0.021
1 0.185 0.545 0.011 0.018
1 0.25 0.446 0.009 0.017
1 0.27 0.401 0.012 0.021
1 0.375 0.23 0.04 0.062
1 0.523 0.45 0.02 0.041
1 0.454 0.612 0.02 0.033
1 0.453 0.569 0.018 0.03
1 0.488 0.562 0.016 0.034
1 0.501 0.571 0.016 0.03
1 0.595 0.552 0.018 0.032
1 0.599 0.6 0.017 0.03
1 0.646 0.578 0.018 0.032
1 0.665 0.503 0.015 0.028
1 0.642 0.464 0.017 0.028
1 0.593 0.419 0.012 0.021
1 0.478 0.496 0.015 0.026
1 0.474 0.467 0.011 0.018
1 0.508 0.459 0.008 0.015
1 0.484 0.424 0.012 0.023
1 0.586 0.534 0.013 0.025
1 0.689 0.418 0.015 0.03
1 0.696 0.585 0.018 0.029
1 0.481 0.395 0.015 0.018
1 0.449 0.402 0.011 0.019
1 0.523 0.401 0.011 0.021
1 0.561 0.435 0.01 0.017
1 0.426 0.276 0.011 0.021
1 0.47 0.35 0.011 0.018
1 0.522 0.352 0.011 0.019
1 0.547 0.389 0.013 0.028
1 0.589 0.357 0.011 0.026
1 0.615 0.387 0.014 0.021
1 0.588 0.266 0.011 0.021
1 0.66 0.331 0.01 0.022
1 0.664 0.263 0.01 0.018
1 0.67 0.303 0.014 0.021
1 0.709 0.251 0.012 0.021
1 0.572 0.459 0.016 0.026
1 0.625 0.331 0.011 0.021
1 0.648 0.316 0.01 0.019
1 0.563 0.304 0.01 0.017
1 0.602 0.298 0.01 0.015
1 0.568 0.364 0.011 0.021
1 0.61 0.44 0.012 0.022
1 0.884 0.591 0.021 0.039
1 0.873 0.558 0.018 0.03
1 0.863 0.542 0.014 0.025
1 0.872 0.513 0.015 0.022
1 0.909 0.521 0.019 0.029
1 0.931 0.519 0.018 0.034
1 0.94 0.578 0.023 0.04
1 0.986 0.559 0.021 0.037
1 0.972 0.528 0.016 0.029
1 0.961 0.523 0.018 0.036
1 0.934 0.464 0.016 0.028
1 0.901 0.45 0.016 0.028
1 0.872 0.432 0.016 0.03
1 0.95 0.426 0.017 0.029
1 0.877 0.356 0.014 0.025
1 0.879 0.315 0.013 0.025
1 0.921 0.303 0.013 0.023
1 0.952 0.325 0.015 0.019
1 0.951 0.276 0.014 0.025
1 0.892 0.275 0.014 0.025
1 0.056 0.62 0.016 0.026
1 0.271 0.477 0.019 0.04
1 0.027 0.679 0.012 0.021
1 0.057 0.597 0.016 0.03
1 0.039 0.609 0.011 0.022
1 0.914 0.344 0.014 0.028
1 0.986 0.469 0.012 0.028
