1 0.677 0.259 0.011 0.021
1 0.712 0.26 0.013 0.023
1 0.754 0.272 0.011 0.018
1 0.8 0.288 0.01 0.016
1 0.873 0.292 0.012 0.022
1 0.917 0.307 0.012 0.022
1 0.956 0.323 0.012 0.021
1 0.991 0.263 0.011 0.018
1 0.973 0.241 0.011 0.021
1 0.943 0.229 0.011 0.017
1 0.913 0.227 0.011 0.018
1 0.874 0.236 0.013 0.02
1 0.85 0.213 0.011 0.02
1 0.815 0.211 0.01 0.018
1 0.779 0.204 0.012 0.018
1 0.733 0.197 0.012 0.017
1 0.694 0.182 0.012 0.023
1 0.667 0.178 0.011 0.02
1 0.683 0.091 0.01 0.018
1 0.71 0.083 0.012 0.021
1 0.74 0.131 0.012 0.02
1 0.778 0.132 0.012 0.025
1 0.81 0.141 0.011 0.022
1 0.837 0.149 0.013 0.02
1 0.9 0.166 0.012 0.022
1 0.938 0.169 0.012 0.018
1 0.992 0.189 0.01 0.02
1 0.926 0.06 0.009 0.016
1 0.894 0.056 0.011 0.018
1 0.862 0.077 0.01 0.014
1 0.825 0.041 0.011 0.017
1 0.79 0.033 0.01 0.016
1 0.81 0.01 0.011 0.017
1 0.333 0.161 0.01 0.016
1 0.008 0.098 0.012 0.021
1 0.353 0.005 0.012 0.01
1 0.638 0.258 0.011 0.02
1 0.441 0.106 0.011 0.017
1 0.775 0.007 0.011 0.013
1 0.739 0.028 0.011 0.02
1 0.764 0.05 0.012 0.017
1 0.781 0.048 0.011 0.016
1 0.718 0.023 0.011 0.017
1 0.508 0.221 0.013 0.021
1 0.466 0.223 0.012 0.016
1 0.499 0.122 0.012 0.021
1 0.604 0.035 0.01 0.01
1 0.449 0.076 0.012 0.018
1 0.413 0.096 0.01 0.017
1 0.409 0.06 0.01 0.016
1 0.383 0.026 0.01 0.018
1 0.379 0.094 0.008 0.016
1 0.358 0.128 0.01 0.018
1 0.402 0.179 0.009 0.017
1 0.374 0.167 0.01 0.018
1 0.989 0.071 0.008 0.017
1 0.946 0.11 0.006 0.012
1 0.966 0.176 0.009 0.016
1 0.87 0.156 0.01 0.016
1 0.629 0.038 0.008 0.014
1 0.607 0.24 0.01 0.016
1 0.536 0.222 0.01 0.017
1 0.558 0.119 0.009 0.017
1 0.34 0.138 0.007 0.016
1 0.235 0.135 0.009 0.016
1 0.25 0.146 0.009 0.016
1 0.316 0.111 0.007 0.013
1 0.31 0.055 0.006 0.012
1 0.284 0.057 0.006 0.012
1 0.257 0.033 0.008 0.012
1 0.231 0.023 0.011 0.016
1 0.246 0.064 0.006 0.01
1 0.26 0.138 0.01 0.016
1 0.294 0.171 0.01 0.017
1 0.062 0.025 0.008 0.016
1 0.032 0.04 0.008 0.018
1 0.034 0.096 0.01 0.02
1 0.142 0.073 0.009 0.016
1 0.13 0.117 0.009 0.014
1 0.143 0.137 0.009 0.016
1 0.18 0.14 0.009 0.014
1 0.196 0.136 0.009 0.014
1 0.182 0.079 0.009 0.013
1 0.193 0.029 0.008 0.013
1 0.162 0.028 0.008 0.017
1 0.683 0.74 0.01 0.016
1 0.719 0.716 0.007 0.016
1 0.207 0.618 0.012 0.02
1 0.47 0.103 0.009 0.016
1 0.5 0.062 0.009 0.012
1 0.527 0.046 0.01 0.013
1 0.48 0.075 0.006 0.014
1 0.599 0.102 0.009 0.016
1 0.574 0.238 0.012 0.016
