1 0.073 0.384 0.051 0.093
1 0.128 0.466 0.036 0.08
1 0.164 0.454 0.03 0.067
1 0.206 0.499 0.033 0.08
1 0.253 0.508 0.037 0.075
1 0.33 0.496 0.034 0.067
1 0.285 0.483 0.033 0.067
1 0.137 0.72 0.047 0.09
1 0.206 0.657 0.044 0.088
1 0.416 0.495 0.039 0.075
1 0.368 0.454 0.033 0.07
1 0.449 0.441 0.037 0.072
1 0.502 0.472 0.038 0.083
1 0.513 0.395 0.034 0.064
1 0.559 0.458 0.032 0.078
1 0.592 0.498 0.034 0.069
1 0.659 0.507 0.037 0.07
1 0.613 0.428 0.03 0.062
1 0.689 0.446 0.028 0.072
1 0.8 0.449 0.036 0.091
1 0.884 0.486 0.039 0.085
1 0.951 0.418 0.041 0.094
1 0.859 0.626 0.047 0.112
1 0.794 0.707 0.045 0.106
1 0.745 0.494 0.027 0.059
1 0.755 0.646 0.035 0.096
1 0.854 0.479 0.03 0.091
1 0.42 0.426 0.026 0.054
