1 0.742 0.238 0.026 0.064
1 0.419 0.19 0.042 0.092
1 0.371 0.267 0.04 0.097
1 0.48 0.405 0.047 0.099
1 0.438 0.523 0.044 0.114
1 0.481 0.797 0.054 0.135
1 0.589 0.627 0.043 0.099
1 0.614 0.848 0.055 0.13
1 0.651 0.708 0.052 0.123
1 0.61 0.41 0.036 0.092
1 0.481 0.244 0.053 0.097
1 0.539 0.221 0.044 0.106
1 0.599 0.251 0.052 0.125
1 0.662 0.159 0.047 0.118
1 0.7 0.302 0.054 0.118
1 0.727 0.439 0.055 0.109
1 0.782 0.341 0.046 0.12
1 0.786 0.232 0.046 0.097
1 0.887 0.332 0.05 0.102
1 0.898 0.451 0.053 0.106
1 0.879 0.606 0.052 0.109
1 0.779 0.872 0.05 0.111
1 0.833 0.86 0.062 0.12
1 0.713 0.19 0.039 0.095
1 0.849 0.239 0.027 0.097
1 0.634 0.149 0.031 0.076
