1 0.016 0.474 0.023 0.041
1 0.061 0.451 0.028 0.058
1 0.145 0.467 0.046 0.066
1 0.199 0.477 0.037 0.051
1 0.231 0.438 0.028 0.054
1 0.37 0.415 0.04 0.068
1 0.445 0.49 0.014 0.028
1 0.541 0.435 0.034 0.056
1 0.561 0.484 0.035 0.054
1 0.713 0.419 0.039 0.058
1 0.739 0.387 0.019 0.059
1 0.783 0.4 0.026 0.037
1 0.845 0.401 0.02 0.023
1 0.888 0.381 0.039 0.056
1 0.917 0.388 0.021 0.048
1 0.94 0.386 0.02 0.037
1 0.982 0.418 0.025 0.045
1 0.253 0.452 0.01 0.017
1 0.176 0.472 0.014 0.021
1 0.066 0.414 0.004 0.008
1 0.619 0.431 0.017 0.03
1 0.476 0.425 0.019 0.04
1 0.287 0.451 0.017 0.037
