1 0.892 0.562 0.055 0.123
1 0.74 0.546 0.066 0.123
1 0.853 0.418 0.045 0.09
1 0.787 0.409 0.037 0.075
1 0.725 0.433 0.058 0.102
1 0.655 0.41 0.047 0.09
1 0.972 0.219 0.024 0.059
1 0.683 0.255 0.03 0.062
1 0.598 0.293 0.027 0.045
1 0.752 0.265 0.016 0.05
1 0.862 0.247 0.015 0.047
1 0.477 0.549 0.072 0.177
1 0.595 0.481 0.06 0.128
1 0.537 0.429 0.041 0.08
1 0.518 0.336 0.038 0.082
1 0.408 0.395 0.038 0.082
1 0.446 0.326 0.033 0.078
1 0.462 0.247 0.022 0.059
1 0.545 0.254 0.025 0.057
1 0.274 0.433 0.042 0.089
1 0.108 0.612 0.077 0.141
1 0.215 0.604 0.065 0.122
1 0.174 0.407 0.043 0.075
1 0.166 0.305 0.026 0.054
1 0.252 0.287 0.029 0.061
1 0.32 0.262 0.026 0.052
1 0.397 0.273 0.024 0.05
1 0.029 0.54 0.052 0.115
1 0.348 0.405 0.06 0.139
1 0.261 0.207 0.02 0.04
1 0.375 0.256 0.019 0.036
1 0.956 0.681 0.065 0.165
1 0.027 0.336 0.023 0.057
