1 0.249 0.98 0.062 0.041
1 0.344 0.977 0.064 0.047
1 0.377 0.862 0.05 0.097
1 0.406 0.816 0.049 0.104
1 0.237 0.874 0.064 0.111
1 0.125 0.975 0.07 0.05
1 0.041 0.892 0.061 0.13
1 0.064 0.841 0.049 0.078
1 0.126 0.793 0.049 0.078
1 0.144 0.892 0.059 0.102
1 0.299 0.728 0.051 0.078
1 0.381 0.695 0.044 0.088
1 0.297 0.661 0.043 0.069
1 0.251 0.716 0.042 0.085
1 0.171 0.738 0.041 0.073
1 0.125 0.717 0.044 0.067
1 0.04 0.75 0.041 0.094
1 0.101 0.676 0.039 0.073
1 0.031 0.659 0.042 0.085
1 0.085 0.6 0.04 0.059
1 0.026 0.614 0.031 0.072
1 0.154 0.639 0.042 0.078
1 0.193 0.638 0.031 0.066
1 0.297 0.571 0.034 0.059
1 0.313 0.627 0.035 0.07
1 0.343 0.624 0.034 0.072
1 0.496 0.459 0.064 0.095
1 0.562 0.928 0.052 0.124
1 0.471 0.914 0.052 0.1
1 0.738 0.944 0.061 0.111
1 0.767 0.863 0.058 0.119
1 0.567 0.781 0.046 0.104
1 0.596 0.723 0.035 0.081
1 0.616 0.616 0.041 0.075
1 0.639 0.712 0.045 0.083
1 0.689 0.678 0.04 0.082
1 0.742 0.698 0.042 0.078
1 0.772 0.767 0.048 0.091
1 0.678 0.819 0.06 0.104
1 0.86 0.849 0.052 0.1
1 0.894 0.936 0.059 0.111
1 0.956 0.883 0.053 0.079
1 0.929 0.963 0.043 0.073
1 0.934 0.74 0.044 0.089
1 0.895 0.799 0.032 0.085
1 0.858 0.718 0.048 0.083
1 0.795 0.724 0.051 0.092
1 0.839 0.652 0.04 0.066
1 0.933 0.649 0.042 0.076
1 0.727 0.615 0.039 0.07
1 0.785 0.633 0.04 0.072
1 0.82 0.591 0.033 0.066
1 0.862 0.601 0.037 0.066
1 0.989 0.734 0.021 0.082
1 0.962 0.583 0.04 0.081
1 0.889 0.57 0.032 0.063
1 0.915 0.52 0.029 0.06
1 0.818 0.523 0.034 0.06
1 0.964 0.484 0.029 0.051
1 0.985 0.506 0.026 0.054
1 0.9 0.445 0.027 0.044
1 0.988 0.444 0.024 0.048
1 0.887 0.402 0.025 0.045
1 0.961 0.384 0.02 0.041
1 0.771 0.45 0.021 0.037
1 0.744 0.478 0.023 0.048
1 0.672 0.578 0.033 0.066
1 0.721 0.553 0.039 0.063
1 0.663 0.484 0.033 0.057
1 0.621 0.536 0.033 0.067
1 0.588 0.565 0.035 0.073
1 0.605 0.465 0.032 0.06
1 0.62 0.447 0.021 0.045
1 0.554 0.474 0.028 0.056
1 0.583 0.406 0.024 0.05
1 0.617 0.4 0.022 0.041
1 0.543 0.414 0.024 0.044
1 0.687 0.344 0.019 0.038
1 0.609 0.372 0.024 0.047
1 0.686 0.494 0.021 0.057
1 0.75 0.441 0.021 0.035
1 0.694 0.419 0.025 0.04
1 0.969 0.334 0.019 0.032
1 0.991 0.324 0.015 0.037
1 0.923 0.358 0.018 0.037
1 0.344 0.483 0.03 0.056
1 0.406 0.47 0.024 0.05
1 0.425 0.451 0.024 0.047
1 0.454 0.444 0.029 0.06
1 0.444 0.352 0.021 0.04
1 0.339 0.409 0.026 0.045
1 0.363 0.389 0.02 0.04
1 0.379 0.36 0.021 0.05
1 0.519 0.342 0.019 0.034
1 0.578 0.346 0.023 0.037
1 0.035 0.558 0.036 0.061
1 0.023 0.463 0.025 0.047
1 0.053 0.444 0.021 0.041
1 0.076 0.443 0.025 0.054
1 0.061 0.52 0.029 0.06
1 0.046 0.529 0.03 0.063
1 0.133 0.494 0.027 0.051
1 0.263 0.55 0.026 0.054
1 0.026 0.411 0.025 0.044
1 0.086 0.42 0.026 0.047
1 0.036 0.359 0.02 0.037
1 0.307 0.341 0.021 0.038
1 0.352 0.361 0.016 0.022
1 0.418 0.325 0.02 0.044
1 0.658 0.365 0.015 0.031
1 0.201 0.279 0.015 0.031
1 0.301 0.29 0.016 0.026
1 0.325 0.313 0.016 0.029
