1 0.958 0.636 0.022 0.037
1 0.857 0.66 0.025 0.051
1 0.798 0.581 0.024 0.042
1 0.663 0.556 0.011 0.026
1 0.587 0.605 0.018 0.042
1 0.571 0.585 0.017 0.034
1 0.534 0.571 0.017 0.032
1 0.551 0.556 0.018 0.029
1 0.534 0.601 0.015 0.031
1 0.516 0.605 0.021 0.037
1 0.547 0.441 0.006 0.009
1 0.475 0.643 0.021 0.034
1 0.464 0.624 0.018 0.032
1 0.462 0.683 0.021 0.04
1 0.381 0.831 0.024 0.06
1 0.324 0.685 0.023 0.05
1 0.349 0.632 0.018 0.04
1 0.323 0.595 0.012 0.022
1 0.296 0.581 0.008 0.028
1 0.267 0.602 0.012 0.02
1 0.25 0.635 0.013 0.032
1 0.234 0.615 0.019 0.032
1 0.213 0.622 0.016 0.032
1 0.222 0.578 0.015 0.032
1 0.102 0.648 0.022 0.04
1 0.152 0.601 0.014 0.034
1 0.181 0.589 0.014 0.034
1 0.023 0.783 0.042 0.081
1 0.763 0.506 0.013 0.019
1 0.708 0.52 0.013 0.022
1 0.78 0.544 0.011 0.019
1 0.981 0.545 0.013 0.019
1 0.93 0.633 0.019 0.035
1 0.797 0.689 0.027 0.045
1 0.611 0.434 0.008 0.013
1 0.47 0.409 0.005 0.01
1 0.577 0.434 0.005 0.01
1 0.555 0.401 0.006 0.009
1 0.542 0.418 0.006 0.01
1 0.366 0.411 0.008 0.018
1 0.384 0.433 0.007 0.013
1 0.229 0.458 0.006 0.018
1 0.254 0.446 0.008 0.013
1 0.147 0.414 0.005 0.012
1 0.148 0.439 0.009 0.01
1 0.045 0.458 0.006 0.018
