1 0.069 0.168 0.016 0.03
1 0.01 0.483 0.02 0.061
1 0.123 0.398 0.016 0.041
1 0.101 0.424 0.012 0.023
1 0.091 0.484 0.022 0.055
1 0.044 0.527 0.029 0.061
1 0.132 0.576 0.027 0.058
1 0.146 0.534 0.013 0.033
1 0.205 0.569 0.025 0.061
1 0.194 0.504 0.024 0.028
1 0.213 0.473 0.022 0.036
1 0.226 0.44 0.012 0.022
1 0.244 0.472 0.012 0.033
1 0.238 0.6 0.03 0.051
1 0.288 0.487 0.012 0.028
1 0.276 0.528 0.019 0.033
1 0.282 0.648 0.028 0.048
1 0.345 0.562 0.02 0.037
1 0.363 0.53 0.01 0.028
1 0.318 0.404 0.009 0.028
1 0.138 0.466 0.006 0.023
1 0.349 0.651 0.025 0.03
1 0.384 0.685 0.024 0.047
1 0.416 0.661 0.019 0.047
1 0.455 0.8 0.015 0.036
1 0.534 0.659 0.013 0.03
1 0.554 0.684 0.016 0.03
1 0.588 0.693 0.009 0.02
1 0.633 0.786 0.02 0.041
1 0.658 0.836 0.023 0.044
1 0.663 0.741 0.008 0.022
1 0.688 0.797 0.013 0.031
1 0.683 0.635 0.009 0.012
1 0.737 0.702 0.012 0.025
1 0.759 0.693 0.01 0.019
1 0.771 0.708 0.012 0.019
1 0.801 0.735 0.007 0.022
1 0.823 0.747 0.009 0.022
1 0.726 0.81 0.017 0.023
1 0.724 0.844 0.021 0.025
1 0.737 0.895 0.022 0.045
1 0.758 0.843 0.021 0.039
1 0.827 0.871 0.011 0.028
1 0.904 0.795 0.007 0.02
1 0.974 0.864 0.008 0.022
1 0.882 0.921 0.015 0.033
1 0.906 0.924 0.012 0.03
1 0.851 0.978 0.023 0.034
1 0.895 0.973 0.018 0.034
1 0.909 0.962 0.011 0.027
1 0.966 0.953 0.008 0.022
1 0.997 0.987 0.005 0.014
1 0.681 0.906 0.016 0.03
