1 0.817 0.618 0.01 0.018
1 0.847 0.617 0.009 0.022
1 0.826 0.6 0.011 0.008
1 0.873 0.608 0.01 0.013
1 0.887 0.571 0.007 0.014
1 0.898 0.548 0.008 0.008
1 0.902 0.559 0.006 0.012
1 0.906 0.559 0.002 0.008
1 0.864 0.493 0.005 0.008
1 0.883 0.514 0.005 0.009
1 0.902 0.52 0.004 0.008
1 0.918 0.514 0.005 0.009
1 0.878 0.584 0.009 0.014
1 0.873 0.579 0.007 0.014
1 0.741 0.535 0.004 0.007
1 0.958 0.548 0.009 0.013
1 0.848 0.477 0.006 0.01
1 0.971 0.531 0.005 0.012
1 0.925 0.521 0.006 0.009
1 0.86 0.719 0.017 0.026
1 0.848 0.758 0.02 0.034
1 0.879 0.759 0.017 0.036
1 0.906 0.754 0.014 0.036
1 0.973 0.639 0.013 0.02
1 0.886 0.964 0.024 0.056
1 0.988 0.854 0.024 0.046
1 0.032 0.596 0.008 0.02
1 0.072 0.57 0.013 0.022
1 0.056 0.614 0.012 0.025
1 0.153 0.601 0.009 0.017
1 0.185 0.531 0.011 0.016
1 0.083 0.662 0.017 0.03
1 0.114 0.718 0.012 0.027
1 0.199 0.69 0.02 0.029
1 0.218 0.66 0.017 0.026
1 0.015 0.728 0.02 0.034
1 0.088 0.753 0.019 0.034
1 0.215 0.788 0.022 0.031
1 0.196 0.831 0.014 0.04
1 0.082 0.866 0.011 0.042
1 0.17 0.908 0.02 0.03
1 0.17 0.98 0.036 0.036
1 0.304 0.534 0.009 0.016
1 0.312 0.558 0.011 0.02
1 0.319 0.607 0.016 0.018
1 0.361 0.551 0.009 0.014
1 0.402 0.596 0.011 0.02
1 0.399 0.535 0.008 0.012
1 0.508 0.866 0.026 0.047
1 0.271 0.819 0.024 0.049
1 0.338 0.786 0.023 0.044
1 0.387 0.777 0.018 0.038
1 0.322 0.887 0.035 0.062
1 0.411 0.857 0.007 0.034
1 0.442 0.946 0.019 0.051
1 0.575 0.699 0.018 0.033
1 0.634 0.768 0.009 0.022
1 0.734 0.792 0.018 0.038
1 0.619 0.81 0.024 0.042
1 0.56 0.955 0.03 0.053
1 0.642 0.899 0.017 0.051
1 0.486 0.751 0.017 0.029
1 0.493 0.773 0.017 0.042
1 0.771 0.682 0.016 0.022
1 0.625 0.665 0.018 0.027
1 0.496 0.544 0.01 0.013
1 0.612 0.552 0.011 0.018
1 0.521 0.605 0.013 0.021
1 0.524 0.622 0.011 0.022
1 0.587 0.553 0.006 0.013
1 0.542 0.541 0.012 0.014
1 0.637 0.558 0.007 0.012
1 0.646 0.559 0.008 0.012
1 0.914 0.595 0.013 0.021
1 0.816 0.475 0.006 0.007
1 0.821 0.495 0.005 0.009
1 0.827 0.492 0.006 0.012
1 0.771 0.529 0.01 0.012
1 0.849 0.515 0.005 0.009
1 0.75 0.62 0.013 0.029
1 0.765 0.598 0.012 0.02
1 0.807 0.566 0.003 0.009
1 0.001 0.654 0.003 0.014
1 0.85 0.593 0.009 0.012
1 0.934 0.474 0.006 0.01
1 0.886 0.622 0.011 0.021
