1 0.185 0.694 0.051 0.08
1 0.261 0.6 0.034 0.061
1 0.058 0.585 0.052 0.08
1 0.134 0.437 0.029 0.05
1 0.009 0.456 0.018 0.056
1 0.018 0.432 0.026 0.049
1 0.346 0.406 0.034 0.059
1 0.242 0.428 0.039 0.062
1 0.143 0.373 0.03 0.043
1 0.334 0.527 0.035 0.064
1 0.108 0.321 0.017 0.034
1 0.074 0.343 0.022 0.034
1 0.025 0.324 0.019 0.034
1 0.047 0.335 0.015 0.028
1 0.005 0.304 0.011 0.028
1 0.047 0.281 0.015 0.027
1 0.062 0.292 0.02 0.032
1 0.089 0.291 0.018 0.032
1 0.143 0.283 0.019 0.028
1 0.162 0.258 0.012 0.022
1 0.272 0.277 0.015 0.025
1 0.235 0.247 0.012 0.024
1 0.214 0.24 0.009 0.016
1 0.202 0.238 0.009 0.015
1 0.19 0.23 0.006 0.01
1 0.207 0.269 0.011 0.015
1 0.199 0.325 0.011 0.018
1 0.17 0.295 0.016 0.024
1 0.178 0.27 0.011 0.019
1 0.083 0.258 0.011 0.019
1 0.048 0.241 0.009 0.015
1 0.473 0.444 0.035 0.069
1 0.51 0.434 0.028 0.05
1 0.513 0.386 0.022 0.035
1 0.582 0.38 0.026 0.049
1 0.698 0.439 0.027 0.065
1 0.571 0.341 0.021 0.038
1 0.462 0.371 0.022 0.034
1 0.533 0.319 0.017 0.032
1 0.463 0.307 0.02 0.041
1 0.58 0.291 0.016 0.03
1 0.585 0.271 0.015 0.022
1 0.562 0.287 0.013 0.021
1 0.533 0.273 0.016 0.025
1 0.545 0.265 0.011 0.022
1 0.611 0.273 0.008 0.021
1 0.382 0.298 0.024 0.041
1 0.413 0.261 0.011 0.018
1 0.608 0.236 0.008 0.012
1 0.623 0.239 0.006 0.015
1 0.597 0.234 0.005 0.01
1 0.732 0.511 0.03 0.062
1 0.964 0.421 0.032 0.053
1 0.811 0.419 0.025 0.049
1 0.737 0.346 0.021 0.037
1 0.899 0.377 0.021 0.043
1 0.954 0.339 0.019 0.028
1 0.972 0.327 0.014 0.022
1 0.737 0.281 0.012 0.021
1 0.75 0.285 0.013 0.024
1 0.792 0.252 0.011 0.019
1 0.828 0.253 0.01 0.018
1 0.777 0.371 0.015 0.032
1 0.683 0.329 0.014 0.027
1 0.686 0.255 0.011 0.016
1 0.937 0.29 0.009 0.019
1 0.919 0.309 0.015 0.024
1 0.032 0.27 0.013 0.024
1 0.479 0.389 0.025 0.055
1 0.874 0.239 0.013 0.028
