1 0.188 0.635 0.059 0.052
1 0.073 0.733 0.133 0.109
1 0.378 0.606 0.047 0.049
1 0.473 0.654 0.044 0.042
1 0.537 0.756 0.099 0.096
1 0.546 0.732 0.071 0.073
1 0.471 0.349 0.013 0.021
1 0.577 0.677 0.044 0.04
1 0.596 0.57 0.023 0.017
1 0.691 0.602 0.038 0.044
1 0.79 0.622 0.009 0.009
1 0.865 0.666 0.049 0.041
1 0.836 0.788 0.141 0.134
1 0.474 0.949 0.05 0.102
1 0.87 0.557 0.017 0.019
1 0.117 0.587 0.048 0.043
1 0.052 0.581 0.032 0.029
1 0.312 0.551 0.019 0.014
1 0.143 0.578 0.031 0.033
1 0.807 0.556 0.018 0.018
