1 0.782 0.336 0.009 0.016
1 0.859 0.352 0.007 0.016
1 0.737 0.333 0.007 0.016
1 0.722 0.324 0.007 0.016
1 0.965 0.117 0.006 0.012
1 0.924 0.126 0.005 0.01
1 0.924 0.175 0.005 0.01
1 0.987 0.158 0.006 0.012
1 0.921 0.148 0.004 0.01
1 0.879 0.163 0.005 0.01
1 0.896 0.159 0.004 0.009
1 0.898 0.137 0.004 0.01
1 0.861 0.148 0.005 0.012
1 0.868 0.166 0.006 0.013
1 0.879 0.176 0.006 0.01
1 0.858 0.181 0.005 0.01
1 0.84 0.151 0.006 0.01
1 0.79 0.147 0.006 0.01
1 0.813 0.188 0.007 0.013
1 0.79 0.19 0.008 0.015
1 0.771 0.169 0.005 0.01
1 0.758 0.151 0.006 0.01
1 0.74 0.135 0.005 0.012
1 0.726 0.133 0.005 0.012
1 0.704 0.153 0.005 0.01
1 0.705 0.188 0.005 0.01
1 0.683 0.157 0.004 0.01
1 0.722 0.205 0.005 0.012
1 0.729 0.177 0.006 0.012
1 0.62 0.151 0.007 0.013
1 0.64 0.13 0.006 0.012
1 0.643 0.145 0.006 0.012
1 0.494 0.198 0.007 0.013
1 0.502 0.17 0.005 0.01
1 0.479 0.171 0.007 0.012
1 0.451 0.174 0.006 0.012
1 0.45 0.194 0.005 0.012
1 0.46 0.208 0.007 0.012
1 0.517 0.205 0.004 0.01
1 0.409 0.149 0.007 0.015
1 0.394 0.157 0.005 0.01
1 0.419 0.151 0.005 0.01
1 0.429 0.2 0.006 0.01
1 0.434 0.158 0.007 0.015
1 0.373 0.175 0.005 0.01
1 0.33 0.214 0.007 0.016
1 0.362 0.208 0.006 0.012
1 0.351 0.211 0.007 0.012
1 0.37 0.222 0.007 0.012
1 0.396 0.207 0.005 0.01
1 0.232 0.314 0.007 0.013
1 0.252 0.298 0.006 0.013
1 0.244 0.292 0.008 0.018
1 0.19 0.284 0.007 0.015
1 0.174 0.316 0.007 0.012
1 0.169 0.322 0.006 0.013
1 0.205 0.324 0.006 0.013
1 0.216 0.326 0.005 0.012
1 0.241 0.333 0.007 0.01
1 0.265 0.346 0.007 0.012
1 0.255 0.357 0.007 0.013
1 0.247 0.376 0.008 0.013
1 0.196 0.354 0.007 0.012
1 0.191 0.325 0.008 0.013
1 0.164 0.379 0.007 0.016
1 0.153 0.381 0.007 0.013
1 0.155 0.365 0.005 0.01
1 0.173 0.372 0.006 0.013
1 0.145 0.35 0.006 0.01
1 0.118 0.354 0.005 0.012
1 0.136 0.298 0.007 0.013
1 0.154 0.249 0.007 0.012
1 0.169 0.246 0.005 0.009
1 0.139 0.253 0.006 0.012
1 0.114 0.236 0.008 0.013
1 0.273 0.267 0.006 0.013
1 0.273 0.332 0.007 0.012
1 0.277 0.29 0.006 0.013
1 0.157 0.306 0.009 0.018
1 0.164 0.284 0.009 0.016
1 0.333 0.234 0.007 0.015
1 0.312 0.169 0.006 0.01
1 0.306 0.159 0.005 0.01
1 0.335 0.195 0.006 0.01
1 0.46 0.329 0.01 0.02
1 0.435 0.294 0.009 0.015
1 0.466 0.354 0.007 0.018
1 0.446 0.329 0.008 0.015
1 0.479 0.328 0.006 0.013
1 0.485 0.349 0.007 0.016
1 0.492 0.375 0.008 0.013
1 0.479 0.379 0.006 0.012
1 0.426 0.341 0.005 0.013
1 0.496 0.317 0.006 0.01
1 0.348 0.25 0.004 0.012
1 0.37 0.241 0.005 0.009
1 0.396 0.361 0.008 0.015
1 0.409 0.368 0.007 0.012
1 0.409 0.398 0.005 0.015
1 0.395 0.391 0.008 0.016
1 0.382 0.376 0.01 0.018
1 0.385 0.406 0.009 0.015
1 0.348 0.382 0.008 0.015
1 0.359 0.374 0.008 0.013
1 0.344 0.368 0.006 0.012
1 0.34 0.397 0.009 0.019
1 0.369 0.399 0.009 0.018
1 0.42 0.413 0.007 0.013
1 0.396 0.425 0.005 0.012
1 0.591 0.264 0.005 0.01
1 0.612 0.26 0.005 0.01
1 0.553 0.293 0.007 0.01
1 0.661 0.315 0.007 0.013
1 0.673 0.33 0.008 0.012
1 0.669 0.353 0.008 0.016
1 0.649 0.372 0.008 0.016
1 0.64 0.349 0.006 0.01
1 0.675 0.371 0.01 0.02
1 0.684 0.411 0.008 0.018
1 0.708 0.402 0.008 0.018
1 0.661 0.404 0.007 0.015
1 0.665 0.39 0.008 0.016
1 0.686 0.368 0.008 0.015
1 0.625 0.385 0.007 0.015
1 0.629 0.417 0.007 0.016
1 0.581 0.398 0.007 0.016
1 0.584 0.439 0.008 0.018
1 0.571 0.44 0.009 0.018
1 0.613 0.446 0.007 0.015
1 0.519 0.404 0.007 0.013
1 0.5 0.393 0.008 0.016
1 0.512 0.426 0.007 0.016
1 0.545 0.413 0.005 0.01
1 0.547 0.461 0.009 0.016
1 0.561 0.461 0.009 0.016
1 0.552 0.431 0.006 0.012
1 0.476 0.458 0.009 0.016
1 0.462 0.405 0.005 0.009
1 0.468 0.42 0.007 0.016
1 0.43 0.427 0.008 0.018
1 0.444 0.41 0.004 0.007
1 0.28 0.357 0.006 0.012
1 0.302 0.371 0.007 0.012
1 0.283 0.385 0.007 0.013
1 0.262 0.393 0.007 0.013
1 0.301 0.404 0.007 0.013
1 0.315 0.387 0.005 0.01
1 0.331 0.379 0.005 0.01
1 0.348 0.439 0.006 0.013
1 0.334 0.415 0.006 0.012
1 0.33 0.434 0.008 0.015
1 0.202 0.416 0.008 0.016
1 0.195 0.389 0.007 0.012
1 0.224 0.409 0.007 0.013
1 0.231 0.462 0.01 0.018
1 0.241 0.473 0.008 0.016
1 0.239 0.412 0.009 0.016
1 0.17 0.394 0.008 0.016
1 0.151 0.411 0.008 0.018
1 0.23 0.435 0.008 0.013
1 0.856 0.314 0.004 0.015
1 0.888 0.356 0.007 0.013
1 0.914 0.363 0.009 0.016
1 0.933 0.33 0.008 0.013
1 0.949 0.391 0.009 0.016
1 0.912 0.383 0.009 0.018
1 0.876 0.401 0.008 0.015
1 0.845 0.403 0.01 0.016
1 0.961 0.414 0.009 0.016
1 0.961 0.406 0.008 0.013
1 0.932 0.368 0.005 0.013
1 0.819 0.352 0.008 0.018
1 0.978 0.366 0.007 0.013
1 0.965 0.349 0.007 0.013
1 0.987 0.319 0.007 0.016
1 0.907 0.435 0.007 0.013
1 0.918 0.449 0.008 0.018
1 0.919 0.479 0.008 0.016
1 0.952 0.452 0.007 0.015
1 0.939 0.482 0.009 0.016
1 0.993 0.482 0.009 0.018
1 0.988 0.45 0.006 0.015
1 0.896 0.499 0.01 0.016
1 0.731 0.39 0.008 0.015
1 0.767 0.394 0.007 0.016
1 0.751 0.401 0.008 0.016
1 0.807 0.402 0.007 0.015
1 0.813 0.401 0.006 0.013
1 0.812 0.426 0.008 0.016
1 0.798 0.438 0.008 0.019
1 0.783 0.422 0.007 0.016
1 0.751 0.428 0.008 0.016
1 0.716 0.448 0.01 0.019
1 0.75 0.469 0.008 0.015
1 0.796 0.46 0.008 0.013
1 0.862 0.428 0.008 0.015
1 0.864 0.458 0.008 0.018
1 0.84 0.468 0.008 0.018
1 0.868 0.504 0.009 0.019
1 0.801 0.487 0.007 0.015
1 0.822 0.462 0.007 0.015
1 0.811 0.511 0.008 0.019
1 0.804 0.529 0.009 0.019
1 0.846 0.534 0.008 0.016
1 0.661 0.45 0.008 0.018
1 0.649 0.431 0.008 0.016
1 0.701 0.476 0.008 0.016
1 0.684 0.499 0.008 0.016
1 0.642 0.48 0.01 0.019
1 0.63 0.477 0.007 0.016
1 0.72 0.488 0.006 0.015
1 0.76 0.507 0.009 0.016
1 0.735 0.481 0.008 0.018
1 0.64 0.519 0.009 0.018
1 0.668 0.508 0.007 0.013
1 0.611 0.528 0.009 0.018
1 0.615 0.546 0.009 0.019
1 0.612 0.509 0.007 0.015
1 0.605 0.496 0.008 0.015
1 0.574 0.496 0.008 0.016
1 0.578 0.523 0.007 0.016
1 0.512 0.498 0.009 0.019
1 0.5 0.537 0.009 0.018
1 0.474 0.499 0.008 0.016
1 0.442 0.487 0.006 0.012
1 0.434 0.463 0.008 0.015
1 0.421 0.474 0.008 0.016
1 0.427 0.511 0.009 0.022
1 0.44 0.534 0.009 0.016
1 0.483 0.535 0.009 0.018
1 0.438 0.569 0.011 0.02
1 0.406 0.521 0.009 0.016
1 0.402 0.5 0.008 0.015
1 0.387 0.518 0.009 0.018
1 0.366 0.509 0.009 0.018
1 0.366 0.527 0.008 0.016
1 0.355 0.498 0.008 0.016
1 0.366 0.49 0.008 0.016
1 0.369 0.467 0.008 0.016
1 0.39 0.449 0.007 0.015
1 0.324 0.475 0.009 0.018
1 0.324 0.458 0.008 0.013
1 0.302 0.476 0.009 0.016
1 0.328 0.493 0.008 0.013
1 0.309 0.507 0.009 0.018
1 0.343 0.524 0.009 0.016
1 0.27 0.503 0.008 0.015
1 0.28 0.492 0.009 0.016
1 0.253 0.481 0.009 0.015
1 0.257 0.428 0.009 0.015
1 0.281 0.465 0.009 0.02
1 0.283 0.534 0.007 0.016
1 0.323 0.544 0.01 0.02
1 0.256 0.537 0.008 0.018
1 0.235 0.541 0.007 0.018
1 0.224 0.512 0.01 0.019
1 0.201 0.516 0.009 0.018
1 0.216 0.49 0.008 0.016
1 0.23 0.507 0.008 0.019
1 0.284 0.57 0.009 0.018
1 0.252 0.589 0.008 0.018
1 0.275 0.612 0.008 0.016
1 0.2 0.588 0.009 0.018
1 0.199 0.564 0.008 0.016
1 0.459 0.466 0.007 0.015
1 0.356 0.557 0.008 0.018
1 0.34 0.604 0.009 0.018
1 0.391 0.599 0.01 0.019
1 0.391 0.532 0.01 0.02
1 0.424 0.629 0.009 0.023
1 0.076 0.384 0.008 0.016
1 0.05 0.352 0.009 0.019
1 0.148 0.454 0.011 0.022
1 0.112 0.469 0.007 0.015
1 0.084 0.477 0.008 0.018
1 0.13 0.479 0.008 0.013
1 0.13 0.426 0.007 0.016
1 0.044 0.496 0.009 0.018
1 0.084 0.516 0.01 0.018
1 0.028 0.529 0.009 0.015
1 0.012 0.499 0.008 0.016
1 0.005 0.48 0.01 0.018
1 0.035 0.458 0.009 0.015
1 0.111 0.49 0.008 0.018
1 0.101 0.55 0.009 0.016
1 0.172 0.534 0.007 0.016
1 0.183 0.564 0.01 0.023
1 0.159 0.518 0.008 0.015
1 0.138 0.523 0.008 0.015
1 0.118 0.517 0.008 0.016
1 0.19 0.498 0.009 0.019
1 0.122 0.585 0.01 0.02
1 0.183 0.433 0.01 0.018
1 0.573 0.567 0.008 0.018
1 0.608 0.574 0.011 0.022
1 0.546 0.573 0.008 0.018
1 0.534 0.529 0.007 0.015
1 0.927 0.495 0.007 0.016
1 0.986 0.545 0.009 0.018
1 0.961 0.602 0.011 0.022
1 0.885 0.558 0.007 0.016
1 0.896 0.612 0.01 0.019
1 0.831 0.567 0.007 0.016
1 0.783 0.59 0.009 0.016
1 0.792 0.594 0.008 0.018
1 0.797 0.606 0.006 0.016
1 0.826 0.607 0.01 0.02
1 0.837 0.608 0.009 0.02
1 0.874 0.617 0.01 0.02
1 0.787 0.629 0.008 0.019
1 0.8 0.647 0.006 0.016
1 0.771 0.678 0.008 0.019
1 0.821 0.686 0.011 0.022
1 0.679 0.568 0.01 0.019
1 0.743 0.6 0.007 0.019
1 0.762 0.539 0.007 0.015
1 0.698 0.656 0.011 0.019
1 0.662 0.655 0.011 0.02
1 0.66 0.611 0.009 0.018
1 0.641 0.625 0.008 0.019
1 0.729 0.686 0.008 0.02
1 0.719 0.677 0.009 0.015
1 0.676 0.696 0.01 0.018
1 0.625 0.696 0.013 0.02
1 0.602 0.645 0.009 0.018
1 0.612 0.643 0.009 0.016
1 0.559 0.651 0.01 0.02
1 0.563 0.623 0.01 0.018
1 0.588 0.552 0.01 0.022
1 0.595 0.622 0.008 0.016
1 0.486 0.568 0.006 0.016
1 0.543 0.621 0.011 0.019
1 0.533 0.642 0.009 0.02
1 0.504 0.66 0.01 0.022
1 0.457 0.61 0.007 0.015
1 0.462 0.65 0.009 0.016
1 0.461 0.678 0.011 0.02
1 0.504 0.699 0.01 0.02
1 0.399 0.631 0.012 0.022
1 0.418 0.687 0.01 0.018
1 0.532 0.708 0.009 0.019
1 0.991 0.724 0.008 0.019
1 0.974 0.795 0.011 0.022
1 0.89 0.72 0.012 0.022
1 0.889 0.784 0.01 0.022
1 0.859 0.72 0.011 0.022
1 0.867 0.721 0.01 0.023
1 0.833 0.781 0.011 0.025
1 0.821 0.776 0.011 0.025
1 0.792 0.738 0.011 0.023
1 0.768 0.714 0.009 0.019
1 0.778 0.837 0.013 0.025
1 0.834 0.848 0.011 0.02
1 0.872 0.846 0.013 0.023
1 0.773 0.795 0.012 0.026
1 0.887 0.888 0.014 0.028
1 0.329 0.64 0.011 0.019
1 0.37 0.641 0.01 0.019
1 0.363 0.661 0.009 0.02
1 0.333 0.664 0.011 0.022
1 0.301 0.667 0.011 0.019
1 0.393 0.669 0.011 0.022
1 0.373 0.708 0.009 0.019
1 0.263 0.671 0.01 0.018
1 0.249 0.625 0.008 0.016
1 0.294 0.948 0.009 0.019
1 0.114 0.7 0.012 0.022
1 0.16 0.726 0.011 0.019
1 0.158 0.711 0.006 0.016
1 0.089 0.734 0.01 0.02
1 0.03 0.743 0.008 0.015
1 0.042 0.791 0.013 0.023
1 0.032 0.774 0.01 0.019
1 0.096 0.775 0.01 0.02
1 0.016 0.789 0.011 0.018
1 0.109 0.826 0.01 0.018
1 0.167 0.775 0.01 0.018
1 0.166 0.822 0.013 0.025
1 0.076 0.95 0.012 0.023
1 0.197 0.84 0.013 0.022
1 0.214 0.788 0.014 0.023
1 0.228 0.844 0.012 0.022
1 0.234 0.819 0.009 0.019
1 0.353 0.749 0.011 0.019
1 0.321 0.742 0.009 0.022
1 0.295 0.735 0.01 0.019
1 0.305 0.718 0.008 0.018
1 0.285 0.752 0.01 0.019
1 0.263 0.819 0.01 0.018
1 0.287 0.832 0.013 0.023
1 0.307 0.822 0.013 0.02
1 0.303 0.8 0.011 0.019
1 0.322 0.835 0.013 0.023
1 0.402 0.768 0.01 0.02
1 0.391 0.749 0.011 0.019
1 0.309 0.856 0.011 0.025
1 0.322 0.906 0.01 0.026
1 0.286 0.931 0.011 0.025
1 0.455 0.749 0.012 0.023
1 0.455 0.73 0.011 0.019
1 0.515 0.756 0.011 0.023
1 0.509 0.744 0.009 0.018
1 0.574 0.798 0.012 0.025
1 0.609 0.734 0.009 0.02
1 0.68 0.787 0.013 0.02
1 0.599 0.83 0.013 0.022
1 0.671 0.725 0.011 0.02
1 0.582 0.775 0.01 0.02
1 0.572 0.782 0.011 0.018
1 0.56 0.754 0.011 0.019
1 0.342 0.797 0.01 0.02
1 0.633 0.889 0.011 0.023
1 0.6 0.87 0.014 0.026
1 0.584 0.865 0.011 0.023
1 0.614 0.842 0.009 0.02
1 0.74 0.883 0.011 0.023
1 0.711 0.858 0.014 0.023
1 0.673 0.867 0.013 0.023
1 0.719 0.76 0.012 0.022
1 0.729 0.74 0.009 0.018
1 0.591 0.95 0.014 0.025
1 0.276 0.72 0.008 0.016
1 0.719 0.601 0.009 0.018
1 0.994 0.621 0.01 0.019
1 0.583 0.123 0.01 0.018
1 0.884 0.984 0.018 0.032
