1 0.64 0.785 0.026 0.056
1 0.688 0.719 0.018 0.032
1 0.958 0.721 0.022 0.04
1 0.871 0.707 0.017 0.029
1 0.88 0.682 0.019 0.019
1 0.82 0.682 0.013 0.022
1 0.948 0.612 0.015 0.026
1 0.92 0.586 0.013 0.026
1 0.977 0.572 0.011 0.019
1 0.99 0.573 0.011 0.019
1 0.733 0.862 0.036 0.054
1 0.667 0.592 0.015 0.028
1 0.702 0.587 0.017 0.026
1 0.589 0.625 0.019 0.026
1 0.763 0.617 0.021 0.045
1 0.799 0.595 0.01 0.019
1 0.549 0.561 0.009 0.016
1 0.582 0.553 0.007 0.018
1 0.594 0.565 0.01 0.015
1 0.284 0.881 0.031 0.066
1 0.444 0.939 0.045 0.073
1 0.169 0.967 0.034 0.066
1 0.101 0.922 0.041 0.056
1 0.173 0.769 0.03 0.054
1 0.086 0.744 0.022 0.038
1 0.156 0.682 0.021 0.038
1 0.241 0.661 0.021 0.034
1 0.018 0.783 0.023 0.06
1 0.054 0.714 0.021 0.031
1 0.021 0.635 0.02 0.034
1 0.079 0.622 0.015 0.034
1 0.226 0.627 0.014 0.029
1 0.339 0.658 0.045 0.081
1 0.483 0.743 0.019 0.045
1 0.527 0.668 0.021 0.041
1 0.542 0.622 0.019 0.037
1 0.11 0.56 0.013 0.022
1 0.143 0.602 0.015 0.026
1 0.154 0.559 0.012 0.025
1 0.202 0.556 0.012 0.023
1 0.223 0.541 0.011 0.019
1 0.2 0.517 0.01 0.02
1 0.176 0.522 0.008 0.019
1 0.098 0.535 0.01 0.019
1 0.125 0.548 0.011 0.018
1 0.028 0.592 0.016 0.025
1 0.016 0.551 0.012 0.023
1 0.024 0.528 0.009 0.019
1 0.09 0.482 0.007 0.012
1 0.225 0.602 0.014 0.029
1 0.397 0.579 0.013 0.022
1 0.265 0.502 0.009 0.015
1 0.255 0.537 0.014 0.022
1 0.733 0.563 0.009 0.016
1 0.701 0.533 0.008 0.015
1 0.962 0.557 0.012 0.019
1 0.84 0.51 0.007 0.015
1 0.723 0.532 0.008 0.013
1 0.538 0.581 0.012 0.02
1 0.517 0.54 0.008 0.016
1 0.498 0.552 0.007 0.015
1 0.46 0.525 0.008 0.019
1 0.458 0.559 0.008 0.019
1 0.153 0.452 0.006 0.012
1 0.195 0.446 0.007 0.013
1 0.226 0.441 0.004 0.009
1 0.248 0.43 0.006 0.012
1 0.235 0.513 0.009 0.016
1 0.056 0.421 0.005 0.01
1 0.041 0.423 0.006 0.009
1 0.03 0.42 0.006 0.009
1 0.08 0.426 0.003 0.006
1 0.083 0.421 0.003 0.007
1 0.175 0.423 0.005 0.009
1 0.601 0.477 0.008 0.016
1 0.563 0.501 0.006 0.012
1 0.636 0.555 0.008 0.012
1 0.783 0.619 0.011 0.019
1 0.737 0.534 0.007 0.013
1 0.867 0.567 0.009 0.018
1 0.803 0.462 0.007 0.01
1 0.777 0.458 0.007 0.013
1 0.666 0.457 0.005 0.009
1 0.955 0.477 0.006 0.01
1 0.913 0.486 0.006 0.012
1 0.913 0.471 0.005 0.009
1 0.901 0.857 0.029 0.059
1 0.581 0.594 0.011 0.018
1 0.004 0.706 0.008 0.037
1 0.002 0.567 0.005 0.022
