1 0.898 0.583 0.031 0.059
1 0.921 0.555 0.025 0.061
1 0.933 0.496 0.014 0.026
1 0.917 0.483 0.013 0.028
1 0.87 0.492 0.015 0.03
1 0.851 0.591 0.019 0.04
1 0.835 0.554 0.017 0.035
1 0.805 0.595 0.023 0.042
1 0.787 0.606 0.017 0.035
1 0.758 0.609 0.028 0.047
1 0.736 0.602 0.019 0.036
1 0.729 0.595 0.012 0.03
1 0.672 0.607 0.027 0.054
1 0.655 0.618 0.017 0.038
1 0.596 0.648 0.014 0.028
1 0.604 0.709 0.02 0.03
1 0.63 0.654 0.013 0.03
1 0.548 0.698 0.017 0.042
1 0.529 0.661 0.019 0.042
1 0.59 0.612 0.012 0.023
1 0.467 0.696 0.022 0.052
1 0.4 0.691 0.021 0.049
1 0.387 0.702 0.009 0.026
1 0.349 0.703 0.017 0.045
1 0.376 0.694 0.01 0.028
1 0.45 0.711 0.018 0.04
1 0.314 0.764 0.018 0.045
1 0.28 0.766 0.018 0.036
1 0.294 0.718 0.014 0.026
1 0.254 0.749 0.016 0.04
1 0.276 0.711 0.01 0.023
1 0.5 0.676 0.016 0.026
1 0.208 0.807 0.015 0.035
1 0.118 0.801 0.012 0.033
1 0.148 0.785 0.015 0.031
1 0.168 0.777 0.011 0.03
1 0.08 0.804 0.011 0.028
1 0.557 0.635 0.012 0.028
1 0.635 0.621 0.01 0.019
1 0.943 0.528 0.018 0.045
