1 0.75 0.955 0.077 0.089
1 0.34 0.851 0.052 0.114
1 0.062 0.891 0.062 0.116
1 0.958 0.474 0.074 0.12
1 0.89 0.414 0.029 0.059
1 0.75 0.389 0.04 0.067
1 0.597 0.414 0.058 0.097
1 0.492 0.391 0.038 0.064
1 0.562 0.411 0.016 0.028
1 0.457 0.471 0.036 0.085
1 0.427 0.402 0.028 0.057
1 0.305 0.467 0.039 0.079
1 0.29 0.403 0.022 0.04
1 0.377 0.423 0.023 0.053
1 0.187 0.403 0.026 0.038
1 0.098 0.446 0.021 0.04
1 0.171 0.425 0.013 0.025
1 0.045 0.383 0.012 0.037
1 0.017 0.454 0.008 0.015
1 0.03 0.441 0.007 0.016
1 0.022 0.43 0.006 0.015
1 0.014 0.435 0.005 0.012
