1 0.124 0.442 0.029 0.057
1 0.15 0.405 0.016 0.04
1 0.032 0.347 0.027 0.059
1 0.049 0.3 0.013 0.031
1 0.038 0.194 0.011 0.023
1 0.017 0.144 0.016 0.031
1 0.004 0.189 0.009 0.052
1 0.069 0.122 0.017 0.031
1 0.028 0.106 0.013 0.028
1 0.045 0.01 0.017 0.019
1 0.03 0.025 0.008 0.019
1 0.11 0.011 0.015 0.023
1 0.126 0.035 0.01 0.031
1 0.084 0.071 0.007 0.017
1 0.109 0.044 0.008 0.012
1 0.103 0.05 0.006 0.01
1 0.322 0.431 0.026 0.054
1 0.386 0.404 0.022 0.057
1 0.497 0.385 0.024 0.05
1 0.542 0.434 0.03 0.056
1 0.562 0.376 0.023 0.05
1 0.447 0.295 0.02 0.045
1 0.512 0.243 0.018 0.049
1 0.431 0.181 0.018 0.036
1 0.502 0.173 0.021 0.036
1 0.477 0.182 0.01 0.021
1 0.353 0.151 0.009 0.031
1 0.38 0.161 0.006 0.019
1 0.649 0.453 0.027 0.056
1 0.717 0.402 0.026 0.061
1 0.698 0.369 0.025 0.054
1 0.639 0.355 0.026 0.05
1 0.59 0.261 0.022 0.054
1 0.711 0.305 0.023 0.05
1 0.768 0.331 0.02 0.047
1 0.808 0.341 0.021 0.05
1 0.811 0.272 0.02 0.043
1 0.749 0.227 0.02 0.04
1 0.696 0.222 0.014 0.038
1 0.892 0.293 0.023 0.057
1 0.88 0.281 0.026 0.052
1 0.804 0.165 0.024 0.052
1 0.845 0.194 0.022 0.038
1 0.976 0.193 0.018 0.049
1 0.917 0.191 0.015 0.042
1 0.835 0.151 0.018 0.031
1 0.967 0.156 0.014 0.035
1 0.971 0.112 0.019 0.03
1 0.997 0.112 0.007 0.03
1 0.997 0.06 0.007 0.026
1 0.995 0.091 0.009 0.016
1 0.961 0.049 0.018 0.042
1 0.986 0.054 0.006 0.014
