1 0.983 0.548 0.006 0.01
1 0.937 0.551 0.006 0.009
1 0.904 0.529 0.005 0.008
1 0.877 0.532 0.006 0.009
1 0.914 0.558 0.006 0.012
1 0.914 0.591 0.006 0.01
1 0.943 0.592 0.008 0.012
1 0.938 0.605 0.006 0.009
1 0.945 0.628 0.01 0.014
1 0.938 0.652 0.01 0.014
1 0.933 0.68 0.009 0.014
1 0.929 0.674 0.009 0.013
1 0.912 0.672 0.009 0.013
1 0.974 0.736 0.016 0.029
1 0.869 0.666 0.008 0.012
1 0.886 0.593 0.008 0.012
1 0.865 0.618 0.009 0.013
1 0.855 0.6 0.008 0.013
1 0.839 0.568 0.006 0.012
1 0.818 0.535 0.005 0.007
1 0.791 0.518 0.005 0.008
1 0.788 0.552 0.005 0.008
1 0.753 0.552 0.007 0.01
1 0.754 0.567 0.008 0.014
1 0.739 0.585 0.007 0.012
1 0.759 0.603 0.007 0.01
1 0.804 0.592 0.008 0.01
1 0.791 0.642 0.009 0.013
1 0.83 0.666 0.01 0.017
1 0.766 0.66 0.011 0.017
1 0.739 0.633 0.009 0.012
1 0.858 0.743 0.016 0.023
1 0.898 0.745 0.014 0.029
1 0.8 0.755 0.017 0.026
1 0.713 0.576 0.007 0.01
1 0.701 0.552 0.005 0.008
1 0.681 0.562 0.005 0.008
1 0.69 0.584 0.007 0.012
1 0.653 0.578 0.008 0.013
1 0.648 0.522 0.005 0.008
1 0.615 0.617 0.008 0.013
1 0.682 0.641 0.009 0.014
1 0.695 0.626 0.008 0.012
1 0.6 0.559 0.006 0.009
1 0.592 0.551 0.005 0.01
1 0.594 0.612 0.009 0.013
1 0.601 0.643 0.009 0.013
1 0.575 0.648 0.008 0.013
1 0.56 0.592 0.007 0.012
1 0.55 0.571 0.007 0.009
1 0.554 0.499 0.004 0.007
1 0.537 0.523 0.005 0.008
1 0.531 0.505 0.004 0.009
1 0.518 0.501 0.004 0.007
1 0.504 0.492 0.005 0.007
1 0.497 0.495 0.004 0.009
1 0.485 0.533 0.006 0.01
1 0.491 0.521 0.005 0.007
1 0.494 0.568 0.008 0.014
1 0.525 0.568 0.006 0.009
1 0.521 0.59 0.009 0.013
1 0.501 0.602 0.006 0.01
1 0.513 0.618 0.009 0.013
1 0.539 0.645 0.009 0.013
1 0.484 0.644 0.009 0.014
1 0.474 0.613 0.008 0.013
1 0.439 0.52 0.006 0.009
1 0.447 0.54 0.007 0.013
1 0.463 0.518 0.007 0.01
1 0.462 0.488 0.005 0.007
1 0.425 0.523 0.005 0.007
1 0.41 0.555 0.007 0.009
1 0.413 0.573 0.009 0.013
1 0.445 0.574 0.007 0.009
1 0.392 0.558 0.006 0.009
1 0.372 0.564 0.007 0.009
1 0.381 0.577 0.007 0.01
1 0.405 0.484 0.005 0.007
1 0.423 0.479 0.004 0.007
1 0.376 0.478 0.005 0.008
1 0.358 0.477 0.004 0.007
1 0.354 0.506 0.005 0.007
1 0.393 0.481 0.004 0.007
1 0.409 0.482 0.005 0.008
1 0.275 0.475 0.004 0.008
1 0.291 0.476 0.004 0.007
1 0.307 0.468 0.004 0.007
1 0.326 0.465 0.004 0.007
1 0.337 0.508 0.004 0.005
1 0.336 0.566 0.007 0.01
1 0.33 0.542 0.006 0.009
1 0.321 0.574 0.007 0.01
1 0.341 0.592 0.009 0.013
1 0.366 0.612 0.008 0.01
1 0.394 0.611 0.008 0.013
1 0.407 0.626 0.009 0.014
1 0.394 0.635 0.01 0.013
1 0.36 0.646 0.01 0.017
1 0.291 0.522 0.005 0.008
1 0.271 0.523 0.006 0.008
1 0.273 0.549 0.008 0.01
1 0.246 0.529 0.008 0.009
1 0.253 0.587 0.008 0.012
1 0.277 0.598 0.008 0.013
1 0.285 0.63 0.007 0.009
1 0.314 0.649 0.009 0.012
1 0.329 0.624 0.007 0.01
1 0.257 0.631 0.008 0.012
1 0.235 0.635 0.008 0.014
1 0.171 0.486 0.004 0.007
1 0.185 0.486 0.004 0.005
1 0.217 0.51 0.005 0.007
1 0.205 0.507 0.005 0.007
1 0.02 0.527 0.005 0.007
1 0.039 0.524 0.005 0.007
1 0.039 0.501 0.005 0.005
1 0.07 0.518 0.005 0.007
1 0.063 0.495 0.004 0.007
1 0.081 0.495 0.005 0.007
1 0.1 0.497 0.004 0.008
1 0.116 0.495 0.004 0.005
1 0.06 0.585 0.007 0.013
1 0.086 0.578 0.007 0.013
1 0.02 0.503 0.005 0.007
1 0.007 0.6 0.007 0.01
1 0.007 0.628 0.011 0.016
1 0.095 0.599 0.009 0.013
1 0.137 0.604 0.007 0.012
1 0.106 0.643 0.009 0.012
1 0.081 0.677 0.009 0.016
1 0.044 0.674 0.01 0.018
1 0.133 0.671 0.011 0.017
1 0.169 0.58 0.007 0.009
1 0.2 0.59 0.008 0.012
1 0.217 0.594 0.007 0.009
1 0.226 0.63 0.008 0.013
1 0.199 0.618 0.008 0.012
1 0.201 0.628 0.009 0.014
1 0.192 0.641 0.009 0.016
1 0.166 0.627 0.007 0.012
1 0.153 0.64 0.009 0.017
1 0.227 0.669 0.009 0.016
1 0.258 0.673 0.009 0.014
1 0.248 0.696 0.011 0.017
1 0.047 0.768 0.016 0.021
1 0.087 0.781 0.013 0.02
1 0.059 0.791 0.019 0.025
1 0.01 0.814 0.016 0.023
1 0.024 0.86 0.019 0.025
1 0.136 0.869 0.021 0.035
1 0.165 0.844 0.02 0.025
1 0.159 0.74 0.011 0.017
1 0.158 0.771 0.016 0.027
1 0.213 0.77 0.016 0.023
1 0.24 0.723 0.01 0.017
1 0.293 0.71 0.01 0.018
1 0.335 0.706 0.01 0.016
1 0.358 0.706 0.012 0.02
1 0.289 0.734 0.01 0.016
1 0.341 0.766 0.016 0.027
1 0.333 0.803 0.017 0.033
1 0.347 0.842 0.018 0.031
1 0.283 0.838 0.018 0.033
1 0.305 0.883 0.018 0.033
1 0.388 0.889 0.019 0.034
1 0.49 0.857 0.017 0.031
1 0.446 0.706 0.011 0.013
1 0.411 0.775 0.016 0.021
1 0.459 0.799 0.018 0.031
1 0.53 0.788 0.013 0.023
1 0.537 0.745 0.018 0.027
1 0.579 0.785 0.016 0.022
1 0.594 0.742 0.015 0.029
1 0.539 0.697 0.011 0.013
1 0.569 0.87 0.019 0.026
1 0.666 0.766 0.014 0.021
1 0.655 0.717 0.014 0.018
1 0.698 0.739 0.017 0.027
1 0.706 0.781 0.018 0.023
1 0.762 0.822 0.02 0.03
1 0.775 0.779 0.016 0.027
1 0.818 0.827 0.015 0.023
1 0.734 0.732 0.015 0.02
1 0.709 0.711 0.009 0.016
1 0.727 0.691 0.009 0.016
1 0.55 0.674 0.008 0.013
1 0.649 0.684 0.01 0.014
1 0.717 0.677 0.01 0.016
1 0.988 0.794 0.014 0.025
1 0.985 0.843 0.021 0.033
1 0.911 0.935 0.025 0.044
1 0.955 0.974 0.04 0.052
1 0.853 0.79 0.02 0.029
1 0.884 0.811 0.019 0.033
1 0.909 0.858 0.022 0.031
1 0.859 0.9 0.022 0.039
1 0.587 0.507 0.003 0.004
1 0.219 0.486 0.007 0.012
1 0.457 0.651 0.008 0.018
