1 0.147 0.248 0.046 0.083
1 0.035 0.122 0.017 0.037
1 0.084 0.226 0.042 0.064
1 0.114 0.135 0.019 0.036
1 0.069 0.091 0.021 0.037
1 0.142 0.115 0.016 0.037
1 0.157 0.115 0.014 0.025
1 0.183 0.149 0.022 0.034
1 0.157 0.101 0.019 0.033
1 0.239 0.068 0.008 0.015
1 0.233 0.136 0.018 0.033
1 0.276 0.132 0.012 0.021
1 0.297 0.123 0.007 0.012
1 0.321 0.144 0.024 0.042
1 0.397 0.177 0.026 0.033
1 0.409 0.12 0.011 0.015
1 0.447 0.174 0.016 0.04
1 0.443 0.133 0.012 0.01
1 0.471 0.151 0.015 0.03
1 0.562 0.089 0.018 0.024
1 0.587 0.077 0.011 0.021
1 0.633 0.085 0.008 0.015
1 0.66 0.074 0.011 0.018
1 0.656 0.111 0.018 0.031
1 0.646 0.144 0.021 0.033
1 0.605 0.111 0.01 0.018
1 0.736 0.124 0.019 0.034
1 0.703 0.164 0.018 0.034
1 0.58 0.133 0.011 0.016
1 0.578 0.162 0.017 0.036
1 0.603 0.216 0.029 0.043
1 0.522 0.199 0.02 0.027
1 0.484 0.291 0.026 0.036
1 0.826 0.129 0.016 0.045
1 0.787 0.159 0.015 0.033
1 0.796 0.232 0.035 0.061
1 0.447 0.539 0.031 0.067
1 0.875 0.568 0.034 0.059
1 0.777 0.533 0.03 0.062
