1 0.218 0.416 0.049 0.1
1 0.092 0.461 0.045 0.088
1 0.038 0.35 0.04 0.068
1 0.143 0.403 0.028 0.056
1 0.113 0.391 0.021 0.053
1 0.271 0.386 0.025 0.061
1 0.347 0.424 0.036 0.083
1 0.159 0.471 0.032 0.068
1 0.456 0.483 0.055 0.113
1 0.545 0.556 0.037 0.089
1 0.58 0.481 0.029 0.067
1 0.554 0.502 0.019 0.039
1 0.622 0.521 0.03 0.059
1 0.65 0.557 0.029 0.071
1 0.696 0.452 0.118 0.234
1 0.939 0.579 0.094 0.168
1 0.873 0.513 0.06 0.088
1 0.822 0.489 0.03 0.05
1 0.795 0.516 0.02 0.03
1 0.832 0.56 0.034 0.061
1 0.789 0.571 0.042 0.083
