1 0.678 0.763 0.031 0.05
1 0.903 0.626 0.008 0.017
1 0.842 0.619 0.008 0.015
1 0.816 0.631 0.012 0.02
1 0.74 0.615 0.009 0.015
1 0.713 0.623 0.012 0.018
1 0.697 0.587 0.008 0.015
1 0.674 0.6 0.01 0.017
1 0.652 0.579 0.008 0.013
1 0.678 0.579 0.006 0.01
1 0.708 0.586 0.008 0.013
1 0.803 0.597 0.006 0.011
1 0.975 0.71 0.019 0.028
1 0.777 0.606 0.007 0.011
1 0.938 0.605 0.006 0.013
1 0.887 0.618 0.006 0.013
1 0.609 0.574 0.011 0.02
1 0.576 0.579 0.01 0.017
1 0.505 0.592 0.017 0.028
1 0.533 0.576 0.012 0.02
1 0.436 0.595 0.015 0.025
1 0.463 0.55 0.007 0.013
1 0.444 0.546 0.007 0.013
1 0.418 0.542 0.007 0.013
1 0.401 0.557 0.009 0.014
1 0.639 0.585 0.007 0.014
1 0.191 0.561 0.013 0.02
1 0.321 0.581 0.014 0.022
1 0.347 0.553 0.009 0.017
1 0.012 0.525 0.01 0.018
1 0.259 0.525 0.007 0.014
1 0.498 0.569 0.014 0.021
1 0.556 0.567 0.008 0.013
