1 0.925 0.856 0.023 0.046
1 0.951 0.794 0.022 0.046
1 0.933 0.759 0.022 0.046
1 0.873 0.775 0.021 0.036
1 0.868 0.816 0.021 0.04
1 0.822 0.9 0.018 0.031
1 0.979 0.679 0.02 0.039
1 0.955 0.674 0.019 0.041
1 0.905 0.668 0.018 0.039
1 0.891 0.723 0.02 0.037
1 0.767 0.839 0.022 0.041
1 0.725 0.81 0.021 0.04
1 0.782 0.772 0.021 0.036
1 0.826 0.719 0.021 0.037
1 0.772 0.724 0.018 0.034
1 0.736 0.753 0.018 0.034
1 0.835 0.657 0.018 0.04
1 0.766 0.691 0.016 0.033
1 0.632 0.944 0.021 0.029
1 0.652 0.889 0.021 0.039
1 0.7 0.844 0.023 0.046
1 0.675 0.807 0.02 0.037
1 0.643 0.776 0.021 0.036
1 0.691 0.769 0.018 0.033
1 0.698 0.744 0.019 0.036
1 0.702 0.704 0.021 0.041
1 0.697 0.674 0.021 0.036
1 0.727 0.637 0.021 0.037
1 0.603 0.822 0.023 0.041
1 0.578 0.805 0.021 0.033
1 0.571 0.751 0.02 0.037
1 0.612 0.711 0.02 0.031
1 0.612 0.67 0.021 0.037
1 0.64 0.659 0.02 0.036
1 0.676 0.596 0.02 0.037
1 0.634 0.623 0.021 0.034
1 0.579 0.6 0.02 0.04
1 0.829 0.624 0.021 0.039
1 0.773 0.596 0.02 0.037
1 0.907 0.599 0.021 0.043
1 0.538 0.898 0.021 0.044
1 0.468 0.941 0.021 0.047
1 0.407 0.943 0.021 0.04
1 0.404 0.882 0.017 0.039
1 0.34 0.925 0.023 0.039
1 0.303 0.886 0.025 0.037
1 0.306 0.789 0.021 0.04
1 0.344 0.784 0.021 0.037
1 0.387 0.849 0.019 0.031
1 0.388 0.809 0.011 0.033
1 0.4 0.791 0.021 0.034
1 0.433 0.774 0.015 0.04
1 0.494 0.838 0.018 0.039
1 0.473 0.781 0.02 0.034
1 0.5 0.785 0.021 0.039
1 0.443 0.737 0.023 0.037
1 0.389 0.744 0.02 0.04
1 0.366 0.746 0.018 0.043
1 0.345 0.683 0.021 0.04
1 0.404 0.653 0.021 0.034
1 0.462 0.684 0.017 0.043
1 0.529 0.694 0.022 0.039
1 0.549 0.734 0.017 0.039
1 0.554 0.671 0.021 0.041
1 0.517 0.657 0.015 0.031
1 0.484 0.643 0.019 0.04
1 0.245 0.969 0.02 0.029
1 0.262 0.945 0.019 0.039
1 0.216 0.949 0.017 0.039
1 0.224 0.902 0.02 0.039
1 0.189 0.913 0.021 0.04
1 0.167 0.935 0.022 0.039
1 0.107 0.961 0.025 0.043
1 0.128 0.914 0.014 0.039
1 0.279 0.781 0.021 0.04
1 0.287 0.729 0.019 0.037
1 0.256 0.829 0.022 0.043
1 0.036 0.954 0.025 0.047
1 0.044 0.886 0.024 0.04
1 0.012 0.866 0.023 0.043
1 0.034 0.779 0.022 0.034
1 0.028 0.745 0.021 0.033
1 0.101 0.759 0.021 0.04
1 0.11 0.858 0.021 0.039
1 0.127 0.811 0.021 0.041
1 0.12 0.783 0.019 0.034
1 0.186 0.819 0.021 0.04
1 0.236 0.811 0.02 0.04
1 0.209 0.769 0.022 0.041
1 0.236 0.764 0.021 0.04
1 0.284 0.65 0.022 0.04
1 0.214 0.683 0.022 0.043
1 0.158 0.691 0.023 0.039
1 0.125 0.711 0.015 0.037
1 0.049 0.714 0.019 0.04
1 0.018 0.673 0.018 0.04
1 0.044 0.649 0.021 0.04
1 0.067 0.661 0.02 0.049
1 0.107 0.63 0.022 0.043
1 0.148 0.644 0.021 0.034
1 0.21 0.649 0.02 0.037
1 0.023 0.584 0.023 0.043
1 0.093 0.62 0.021 0.037
1 0.065 0.576 0.02 0.043
1 0.008 0.53 0.016 0.037
1 0.017 0.479 0.02 0.036
1 0.05 0.489 0.022 0.043
1 0.166 0.619 0.021 0.037
1 0.163 0.573 0.022 0.037
1 0.137 0.554 0.022 0.036
1 0.145 0.526 0.018 0.034
1 0.12 0.503 0.022 0.037
1 0.136 0.488 0.019 0.033
1 0.005 0.428 0.011 0.03
1 0.039 0.467 0.016 0.034
1 0.208 0.499 0.024 0.044
1 0.014 0.379 0.021 0.039
1 0.05 0.374 0.016 0.036
1 0.115 0.398 0.02 0.036
1 0.147 0.394 0.019 0.04
1 0.115 0.347 0.021 0.034
1 0.208 0.444 0.015 0.039
1 0.222 0.592 0.02 0.039
1 0.231 0.559 0.016 0.04
1 0.279 0.601 0.025 0.04
1 0.297 0.564 0.021 0.043
1 0.336 0.629 0.021 0.04
1 0.286 0.527 0.02 0.034
1 0.331 0.51 0.021 0.043
1 0.211 0.428 0.014 0.036
1 0.195 0.386 0.021 0.037
1 0.293 0.414 0.02 0.039
1 0.262 0.378 0.02 0.039
1 0.328 0.436 0.02 0.036
1 0.358 0.485 0.022 0.039
1 0.387 0.599 0.021 0.037
1 0.405 0.583 0.021 0.037
1 0.393 0.572 0.02 0.033
1 0.43 0.616 0.023 0.04
1 0.445 0.61 0.019 0.04
1 0.476 0.588 0.019 0.033
1 0.446 0.56 0.019 0.034
1 0.432 0.495 0.021 0.041
1 0.383 0.454 0.019 0.036
1 0.368 0.415 0.017 0.033
1 0.348 0.364 0.018 0.039
1 0.447 0.383 0.02 0.043
1 0.41 0.376 0.021 0.039
1 0.478 0.383 0.021 0.037
1 0.467 0.474 0.016 0.033
1 0.526 0.566 0.022 0.037
1 0.518 0.511 0.019 0.034
1 0.543 0.454 0.018 0.041
1 0.573 0.507 0.019 0.034
1 0.61 0.475 0.021 0.039
1 0.648 0.499 0.018 0.034
1 0.678 0.545 0.019 0.033
1 0.735 0.571 0.022 0.039
1 0.713 0.494 0.023 0.041
1 0.68 0.456 0.022 0.039
1 0.621 0.416 0.021 0.033
1 0.575 0.406 0.02 0.043
1 0.564 0.371 0.017 0.029
1 0.624 0.375 0.021 0.036
1 0.688 0.411 0.02 0.034
1 0.699 0.369 0.019 0.039
1 0.75 0.531 0.018 0.033
1 0.781 0.528 0.021 0.036
1 0.801 0.527 0.019 0.037
1 0.793 0.467 0.02 0.037
1 0.748 0.456 0.018 0.036
1 0.768 0.411 0.019 0.039
1 0.78 0.381 0.019 0.034
1 0.85 0.444 0.02 0.04
1 0.846 0.519 0.021 0.033
1 0.725 0.326 0.019 0.031
1 0.742 0.354 0.016 0.03
1 0.853 0.359 0.021 0.034
1 0.88 0.484 0.02 0.037
1 0.896 0.523 0.021 0.037
1 0.924 0.5 0.02 0.037
1 0.943 0.478 0.017 0.033
1 0.834 0.57 0.019 0.04
1 0.921 0.566 0.021 0.034
1 0.965 0.631 0.023 0.046
1 0.959 0.588 0.018 0.039
1 0.981 0.539 0.021 0.039
1 0.981 0.504 0.019 0.03
1 0.891 0.437 0.017 0.031
1 0.965 0.416 0.02 0.039
1 0.97 0.361 0.02 0.031
1 0.995 0.426 0.011 0.034
1 0.914 0.361 0.02 0.037
1 0.911 0.329 0.022 0.034
1 0.839 0.324 0.022 0.039
1 0.964 0.284 0.021 0.031
1 0.975 0.268 0.02 0.036
1 0.922 0.271 0.017 0.03
1 0.934 0.238 0.014 0.033
1 0.846 0.284 0.02 0.039
1 0.871 0.219 0.012 0.031
1 0.812 0.251 0.02 0.033
1 0.798 0.301 0.017 0.036
1 0.759 0.261 0.021 0.04
1 0.711 0.275 0.021 0.041
1 0.704 0.193 0.019 0.029
1 0.684 0.181 0.021 0.04
1 0.741 0.161 0.021 0.037
1 0.764 0.123 0.021 0.037
1 0.851 0.166 0.019 0.037
1 0.818 0.162 0.016 0.03
1 0.889 0.093 0.021 0.034
1 0.976 0.191 0.016 0.033
1 0.975 0.148 0.017 0.033
1 0.817 0.085 0.017 0.036
1 0.814 0.034 0.02 0.034
1 0.702 0.132 0.018 0.024
1 0.657 0.129 0.019 0.033
1 0.749 0.056 0.017 0.031
1 0.991 0.091 0.017 0.037
1 0.961 0.036 0.018 0.031
1 0.921 0.014 0.02 0.027
1 0.793 0.221 0.017 0.037
1 0.704 0.023 0.018 0.031
1 0.626 0.286 0.018 0.036
1 0.682 0.348 0.012 0.033
1 0.559 0.309 0.023 0.037
1 0.493 0.308 0.022 0.036
1 0.529 0.196 0.021 0.036
1 0.506 0.149 0.021 0.04
1 0.61 0.214 0.02 0.036
1 0.632 0.211 0.019 0.034
1 0.611 0.149 0.021 0.036
1 0.539 0.091 0.022 0.036
1 0.676 0.328 0.01 0.033
1 0.589 0.341 0.021 0.034
1 0.653 0.018 0.019 0.036
1 0.584 0.047 0.018 0.034
1 0.492 0.028 0.019 0.036
1 0.456 0.199 0.022 0.04
1 0.409 0.111 0.017 0.031
1 0.427 0.112 0.018 0.027
1 0.417 0.175 0.022 0.033
1 0.377 0.206 0.021 0.031
1 0.336 0.186 0.018 0.036
1 0.329 0.117 0.017 0.034
1 0.27 0.143 0.021 0.034
1 0.279 0.078 0.021 0.036
1 0.32 0.021 0.016 0.026
1 0.374 0.033 0.017 0.031
1 0.407 0.031 0.015 0.031
1 0.29 0.035 0.016 0.039
1 0.467 0.354 0.021 0.027
1 0.43 0.284 0.021 0.039
1 0.378 0.334 0.016 0.037
1 0.385 0.245 0.019 0.036
1 0.335 0.326 0.02 0.033
1 0.338 0.291 0.02 0.033
1 0.285 0.241 0.017 0.033
1 0.27 0.293 0.019 0.029
1 0.257 0.321 0.015 0.033
1 0.243 0.321 0.014 0.036
1 0.167 0.308 0.021 0.039
1 0.178 0.293 0.017 0.031
1 0.1 0.266 0.021 0.036
1 0.223 0.186 0.021 0.036
1 0.16 0.144 0.018 0.027
1 0.233 0.131 0.021 0.03
1 0.225 0.085 0.014 0.024
1 0.127 0.094 0.02 0.033
1 0.173 0.064 0.018 0.033
1 0.262 0.076 0.013 0.033
1 0.225 0.057 0.018 0.031
1 0.089 0.057 0.02 0.034
1 0.017 0.274 0.026 0.041
1 0.054 0.221 0.018 0.033
1 0.046 0.139 0.019 0.036
1 0.012 0.058 0.018 0.039
1 0.004 0.14 0.008 0.034
1 0.041 0.017 0.02 0.034
1 0.173 0.024 0.019 0.033
1 0.232 0.013 0.021 0.026
1 0.166 0.106 0.02 0.036
1 0.454 0.057 0.019 0.034
1 0.098 0.457 0.008 0.029
1 0.375 0.961 0.024 0.046
1 0.098 0.026 0.015 0.029
