1 0.22 0.354 0.062 0.137
1 0.379 0.786 0.013 0.028
1 0.395 0.776 0.009 0.013
1 0.401 0.792 0.012 0.02
1 0.417 0.769 0.01 0.018
1 0.439 0.773 0.014 0.028
1 0.462 0.77 0.012 0.022
1 0.475 0.769 0.01 0.02
1 0.499 0.784 0.014 0.029
1 0.518 0.76 0.012 0.013
1 0.519 0.782 0.01 0.02
1 0.554 0.802 0.016 0.019
1 0.582 0.784 0.01 0.019
1 0.549 0.766 0.006 0.012
1 0.561 0.759 0.007 0.012
1 0.569 0.752 0.01 0.016
1 0.605 0.803 0.015 0.02
1 0.655 0.796 0.014 0.028
1 0.619 0.769 0.011 0.02
1 0.604 0.756 0.006 0.012
1 0.669 0.777 0.011 0.019
1 0.707 0.814 0.015 0.029
1 0.692 0.765 0.007 0.012
1 0.702 0.754 0.006 0.012
1 0.727 0.801 0.013 0.023
1 0.716 0.76 0.006 0.013
1 0.752 0.765 0.005 0.012
1 0.79 0.806 0.009 0.018
1 0.808 0.807 0.016 0.026
1 0.845 0.8 0.013 0.029
1 0.885 0.818 0.017 0.031
1 0.906 0.809 0.012 0.025
1 0.787 0.712 0.006 0.012
1 0.83 0.74 0.006 0.015
1 0.836 0.729 0.006 0.01
