1 0.021 0.524 0.031 0.049
1 0.046 0.524 0.021 0.034
1 0.216 0.421 0.032 0.056
1 0.36 0.459 0.09 0.199
1 0.432 0.552 0.029 0.038
1 0.509 0.523 0.013 0.016
1 0.533 0.529 0.015 0.028
1 0.579 0.531 0.011 0.025
1 0.594 0.528 0.008 0.016
1 0.645 0.553 0.021 0.035
1 0.628 0.69 0.047 0.087
1 0.466 0.673 0.04 0.066
1 0.511 0.755 0.03 0.047
1 0.671 0.557 0.015 0.03
1 0.696 0.541 0.015 0.023
1 0.707 0.592 0.025 0.044
1 0.688 0.656 0.02 0.054
1 0.77 0.528 0.019 0.031
1 0.809 0.538 0.012 0.031
1 0.822 0.53 0.012 0.023
1 0.837 0.532 0.01 0.018
1 0.876 0.545 0.026 0.036
1 0.949 0.565 0.022 0.044
1 0.559 0.977 0.055 0.045
1 0.859 0.884 0.067 0.137
