1 0.548 0.368 0.025 0.066
1 0.641 0.347 0.024 0.066
1 0.631 0.342 0.012 0.034
1 0.664 0.367 0.016 0.055
1 0.704 0.37 0.021 0.062
1 0.718 0.357 0.03 0.064
1 0.769 0.311 0.019 0.083
1 0.856 0.323 0.021 0.064
1 0.964 0.334 0.027 0.079
1 0.979 0.483 0.039 0.13
1 0.628 0.738 0.038 0.096
1 0.742 0.818 0.058 0.197
1 0.379 0.362 0.012 0.087
1 0.348 0.337 0.034 0.1
1 0.292 0.334 0.017 0.079
1 0.241 0.365 0.039 0.102
1 0.203 0.331 0.026 0.081
1 0.171 0.385 0.021 0.066
1 0.117 0.329 0.038 0.106
1 0.034 0.389 0.035 0.14
1 0.049 0.313 0.027 0.079
