1 0.965 0.653 0.032 0.073
1 0.683 0.795 0.056 0.105
1 0.724 0.62 0.028 0.057
1 0.798 0.582 0.022 0.042
1 0.701 0.55 0.018 0.031
1 0.822 0.51 0.015 0.037
1 0.659 0.487 0.014 0.025
1 0.618 0.532 0.019 0.034
1 0.62 0.493 0.014 0.028
1 0.751 0.462 0.009 0.022
1 0.81 0.443 0.01 0.016
1 0.697 0.501 0.014 0.025
1 0.943 0.474 0.013 0.02
1 0.774 0.457 0.01 0.02
1 0.715 0.469 0.012 0.026
1 0.677 0.442 0.008 0.018
1 0.699 0.445 0.008 0.018
1 0.717 0.424 0.007 0.013
1 0.69 0.467 0.008 0.018
1 0.624 0.459 0.008 0.016
1 0.617 0.427 0.006 0.013
1 0.663 0.417 0.007 0.013
1 0.973 0.564 0.011 0.037
1 0.451 0.634 0.027 0.053
1 0.312 0.547 0.023 0.051
1 0.337 0.522 0.017 0.028
1 0.387 0.505 0.013 0.023
1 0.398 0.542 0.016 0.029
1 0.454 0.46 0.014 0.025
1 0.431 0.471 0.01 0.018
1 0.393 0.471 0.011 0.019
1 0.332 0.474 0.012 0.022
1 0.292 0.486 0.011 0.02
1 0.247 0.48 0.017 0.029
1 0.432 0.456 0.009 0.016
1 0.427 0.44 0.008 0.013
1 0.312 0.464 0.007 0.015
1 0.265 0.439 0.008 0.015
1 0.304 0.433 0.007 0.015
1 0.498 0.427 0.01 0.019
1 0.477 0.432 0.008 0.015
1 0.451 0.42 0.004 0.009
1 0.561 0.489 0.015 0.023
1 0.585 0.484 0.011 0.022
1 0.381 0.425 0.006 0.012
1 0.501 0.507 0.015 0.028
1 0.555 0.52 0.02 0.042
1 0.541 0.471 0.011 0.023
1 0.543 0.433 0.008 0.018
1 0.584 0.436 0.006 0.012
1 0.19 0.535 0.017 0.034
1 0.09 0.574 0.029 0.053
1 0.045 0.492 0.026 0.047
1 0.057 0.428 0.008 0.018
1 0.004 0.471 0.008 0.016
1 0.04 0.43 0.009 0.015
1 0.137 0.44 0.006 0.01
1 0.121 0.422 0.006 0.012
1 0.227 0.422 0.007 0.012
1 0.111 0.504 0.025 0.042
1 0.12 0.474 0.013 0.031
1 0.463 0.464 0.01 0.02
1 0.552 0.454 0.006 0.015
1 0.553 0.434 0.006 0.013
