1 0.861 0.438 0.033 0.058
1 0.826 0.784 0.008 0.016
1 0.833 0.775 0.005 0.009
1 0.77 0.775 0.015 0.025
1 0.68 0.539 0.027 0.045
1 0.553 0.538 0.021 0.047
1 0.642 0.767 0.007 0.016
1 0.617 0.739 0.009 0.016
1 0.605 0.82 0.009 0.016
1 0.653 0.783 0.008 0.025
1 0.496 0.793 0.018 0.036
1 0.504 0.747 0.008 0.02
1 0.473 0.754 0.011 0.035
1 0.423 0.741 0.009 0.016
1 0.435 0.757 0.007 0.01
1 0.406 0.735 0.007 0.019
1 0.304 0.754 0.008 0.017
1 0.319 0.787 0.008 0.016
1 0.258 0.597 0.02 0.041
1 0.379 0.513 0.012 0.035
1 0.04 0.543 0.022 0.036
1 0.082 0.765 0.01 0.017
