1 0.012 0.921 0.017 0.058
1 0.039 0.914 0.026 0.05
1 0.104 0.927 0.021 0.038
1 0.16 0.624 0.01 0.023
1 0.177 0.634 0.013 0.019
1 0.188 0.711 0.014 0.025
1 0.272 0.753 0.014 0.031
1 0.226 0.79 0.014 0.039
1 0.324 0.748 0.012 0.033
1 0.169 0.806 0.013 0.034
1 0.193 0.825 0.017 0.034
1 0.19 0.875 0.025 0.044
1 0.258 0.976 0.03 0.048
1 0.244 0.865 0.018 0.039
1 0.302 0.848 0.025 0.053
1 0.32 0.833 0.013 0.034
1 0.377 0.65 0.018 0.016
1 0.352 0.68 0.018 0.028
1 0.349 0.75 0.018 0.038
1 0.381 0.729 0.018 0.033
1 0.385 0.688 0.01 0.023
1 0.408 0.73 0.013 0.03
1 0.404 0.705 0.011 0.02
1 0.4 0.82 0.021 0.042
1 0.43 0.805 0.017 0.033
1 0.39 0.922 0.024 0.056
1 0.45 0.878 0.023 0.047
1 0.486 0.791 0.016 0.034
1 0.522 0.9 0.017 0.031
1 0.458 0.623 0.008 0.019
1 0.443 0.652 0.008 0.016
1 0.489 0.58 0.008 0.017
1 0.441 0.739 0.013 0.031
1 0.462 0.733 0.012 0.031
1 0.562 0.661 0.008 0.022
1 0.58 0.706 0.015 0.028
1 0.458 0.698 0.01 0.006
1 0.569 0.862 0.017 0.036
1 0.608 0.817 0.016 0.028
1 0.678 0.796 0.013 0.033
1 0.576 0.76 0.011 0.027
1 0.593 0.695 0.011 0.023
1 0.626 0.706 0.017 0.028
1 0.687 0.647 0.007 0.019
1 0.726 0.65 0.009 0.022
1 0.748 0.657 0.011 0.02
1 0.787 0.653 0.011 0.022
1 0.76 0.633 0.009 0.016
1 0.754 0.778 0.016 0.031
1 0.789 0.714 0.016 0.025
1 0.837 0.727 0.012 0.027
1 0.814 0.637 0.008 0.014
1 0.774 0.897 0.019 0.041
1 0.798 0.878 0.015 0.041
1 0.727 0.722 0.012 0.031
1 0.801 0.615 0.009 0.017
1 0.851 0.595 0.009 0.016
1 0.899 0.599 0.005 0.014
1 0.92 0.591 0.009 0.019
1 0.977 0.571 0.006 0.014
1 0.871 0.682 0.014 0.023
1 0.94 0.749 0.018 0.036
1 0.923 0.841 0.016 0.036
1 0.843 0.791 0.02 0.045
