1 0.041 0.886 0.006 0.016
1 0.108 0.745 0.007 0.016
1 0.169 0.895 0.008 0.014
1 0.172 0.806 0.007 0.013
1 0.141 0.783 0.009 0.016
1 0.183 0.736 0.005 0.013
1 0.163 0.7 0.006 0.013
1 0.079 0.69 0.008 0.014
1 0.233 0.877 0.005 0.014
1 0.276 0.792 0.006 0.016
1 0.168 0.736 0.004 0.013
1 0.325 0.691 0.006 0.013
1 0.461 0.886 0.006 0.014
1 0.519 0.85 0.005 0.013
1 0.586 0.905 0.008 0.013
1 0.642 0.987 0.009 0.022
1 0.782 0.819 0.006 0.016
1 0.705 0.923 0.006 0.016
1 0.855 0.877 0.008 0.016
1 0.885 0.888 0.006 0.014
1 0.59 0.814 0.008 0.014
1 0.641 0.942 0.008 0.014
