1 0.548 0.504 0.05 0.045
1 0.726 0.404 0.054 0.046
1 0.198 0.32 0.063 0.065
1 0.013 0.395 0.026 0.028
1 0.025 0.275 0.006 0.006
1 0.017 0.274 0.006 0.006
1 0.069 0.207 0.016 0.016
1 0.092 0.199 0.013 0.015
1 0.137 0.265 0.01 0.009
1 0.273 0.208 0.016 0.013
1 0.221 0.2 0.013 0.014
1 0.182 0.2 0.017 0.017
1 0.195 0.204 0.013 0.012
1 0.169 0.21 0.012 0.014
1 0.165 0.224 0.012 0.013
1 0.363 0.187 0.01 0.012
1 0.528 0.16 0.018 0.014
1 0.599 0.134 0.01 0.019
1 0.629 0.178 0.011 0.011
1 0.646 0.168 0.012 0.01
1 0.664 0.128 0.02 0.018
1 0.707 0.157 0.013 0.017
1 0.883 0.103 0.018 0.022
1 0.823 0.104 0.021 0.018
1 0.742 0.145 0.02 0.022
