1 0.015 0.444 0.027 0.053
1 0.029 0.347 0.012 0.014
1 0.065 0.422 0.035 0.057
1 0.135 0.486 0.051 0.088
1 0.114 0.427 0.03 0.054
1 0.168 0.44 0.042 0.063
1 0.214 0.396 0.019 0.027
1 0.258 0.379 0.024 0.043
1 0.261 0.319 0.012 0.016
1 0.28 0.302 0.014 0.015
1 0.189 0.286 0.007 0.007
1 0.06 0.525 0.038 0.048
1 0.039 0.624 0.052 0.064
1 0.261 0.745 0.035 0.069
1 0.375 0.801 0.112 0.155
1 0.299 0.347 0.03 0.051
1 0.306 0.408 0.028 0.038
1 0.388 0.35 0.034 0.05
1 0.362 0.263 0.01 0.014
1 0.41 0.264 0.009 0.017
1 0.503 0.275 0.019 0.026
1 0.585 0.176 0.015 0.02
1 0.54 0.197 0.013 0.02
1 0.727 0.275 0.034 0.056
1 0.799 0.223 0.027 0.041
1 0.971 0.119 0.019 0.028
1 0.926 0.137 0.016 0.027
1 0.937 0.248 0.062 0.093
1 0.974 0.392 0.052 0.104
1 0.828 0.468 0.077 0.106
1 0.792 0.772 0.171 0.25
1 0.665 0.603 0.062 0.05
1 0.206 0.28 0.008 0.01
1 0.145 0.301 0.005 0.009
