1 0.969 0.143 0.027 0.057
1 0.902 0.113 0.031 0.056
1 0.925 0.065 0.035 0.061
1 0.91 0.166 0.035 0.064
1 0.847 0.109 0.032 0.062
1 0.853 0.036 0.022 0.047
1 0.803 0.106 0.034 0.066
1 0.905 0.248 0.033 0.066
1 0.865 0.28 0.042 0.075
1 0.736 0.12 0.034 0.073
1 0.749 0.089 0.025 0.056
1 0.696 0.155 0.031 0.069
1 0.772 0.258 0.038 0.068
1 0.723 0.281 0.041 0.08
1 0.654 0.21 0.03 0.056
1 0.631 0.059 0.031 0.062
1 0.597 0.041 0.028 0.05
1 0.601 0.118 0.028 0.059
1 0.579 0.162 0.035 0.068
1 0.589 0.286 0.034 0.066
1 0.483 0.217 0.033 0.073
1 0.518 0.06 0.034 0.068
1 0.558 0.067 0.028 0.061
1 0.49 0.037 0.023 0.047
1 0.493 0.162 0.023 0.047
1 0.441 0.086 0.03 0.061
1 0.416 0.137 0.031 0.056
1 0.398 0.104 0.034 0.049
1 0.392 0.029 0.025 0.05
1 0.342 0.044 0.035 0.061
1 0.294 0.043 0.032 0.062
1 0.313 0.111 0.031 0.056
1 0.366 0.154 0.036 0.061
1 0.295 0.161 0.031 0.062
1 0.354 0.216 0.033 0.057
1 0.317 0.215 0.032 0.056
1 0.189 0.07 0.029 0.057
1 0.061 0.067 0.03 0.061
1 0.142 0.085 0.035 0.066
1 0.115 0.088 0.027 0.061
1 0.227 0.133 0.033 0.064
1 0.232 0.086 0.029 0.054
1 0.243 0.061 0.027 0.052
1 0.039 0.105 0.03 0.054
1 0.025 0.025 0.021 0.047
1 0.088 0.132 0.031 0.066
1 0.166 0.128 0.032 0.061
1 0.176 0.2 0.043 0.076
1 0.151 0.195 0.035 0.071
1 0.054 0.185 0.033 0.075
1 0.249 0.224 0.038 0.076
1 0.826 0.415 0.049 0.087
1 0.757 0.427 0.045 0.083
1 0.754 0.555 0.043 0.109
1 0.818 0.535 0.045 0.104
1 0.87 0.375 0.037 0.073
1 0.788 0.326 0.034 0.057
1 0.718 0.394 0.039 0.09
1 0.678 0.335 0.037 0.087
1 0.609 0.365 0.035 0.071
1 0.598 0.457 0.045 0.09
1 0.99 0.423 0.018 0.085
1 0.916 0.487 0.046 0.095
1 0.925 0.638 0.051 0.102
1 0.61 0.634 0.047 0.101
1 0.536 0.423 0.031 0.075
1 0.426 0.5 0.054 0.094
1 0.468 0.51 0.041 0.089
1 0.422 0.322 0.04 0.085
1 0.503 0.891 0.045 0.137
1 0.307 0.818 0.062 0.132
1 0.396 0.601 0.051 0.104
1 0.361 0.536 0.041 0.085
1 0.365 0.464 0.034 0.064
1 0.328 0.291 0.044 0.085
1 0.263 0.285 0.035 0.066
1 0.252 0.352 0.038 0.078
1 0.251 0.417 0.048 0.083
1 0.136 0.316 0.034 0.066
1 0.155 0.393 0.039 0.071
1 0.078 0.451 0.033 0.061
1 0.226 0.613 0.06 0.118
1 0.2 0.504 0.045 0.092
1 0.143 0.738 0.055 0.115
1 0.035 0.676 0.035 0.102
1 0.058 0.859 0.045 0.113
1 0.386 0.223 0.019 0.047
1 0.945 0.387 0.032 0.069
1 0.014 0.434 0.027 0.083
1 0.011 0.269 0.021 0.062
1 0.008 0.161 0.016 0.073
1 0.752 0.043 0.024 0.073
1 0.679 0.013 0.028 0.026
