1 0.052 0.67 0.025 0.038
1 0.125 0.658 0.022 0.042
1 0.13 0.74 0.029 0.042
1 0.109 0.821 0.032 0.046
1 0.177 0.687 0.021 0.043
1 0.246 0.712 0.024 0.043
1 0.278 0.763 0.024 0.043
1 0.335 0.801 0.021 0.042
1 0.379 0.816 0.026 0.052
1 0.438 0.837 0.03 0.051
1 0.038 0.475 0.018 0.029
1 0.07 0.528 0.018 0.026
1 0.117 0.523 0.017 0.03
1 0.163 0.551 0.018 0.035
1 0.195 0.56 0.019 0.041
1 0.065 0.461 0.014 0.025
1 0.119 0.484 0.018 0.022
1 0.165 0.5 0.016 0.027
1 0.201 0.465 0.018 0.027
1 0.155 0.452 0.019 0.026
1 0.111 0.46 0.016 0.023
1 0.017 0.221 0.011 0.02
1 0.032 0.213 0.01 0.019
1 0.042 0.235 0.009 0.016
1 0.064 0.233 0.009 0.017
1 0.027 0.339 0.012 0.025
1 0.036 0.365 0.014 0.022
1 0.036 0.391 0.014 0.029
1 0.073 0.396 0.013 0.025
1 0.106 0.37 0.012 0.025
1 0.123 0.363 0.012 0.019
1 0.085 0.332 0.01 0.019
1 0.167 0.387 0.012 0.025
1 0.054 0.273 0.009 0.016
1 0.08 0.27 0.009 0.016
1 0.122 0.268 0.012 0.02
1 0.115 0.226 0.01 0.014
1 0.19 0.415 0.014 0.019
1 0.223 0.381 0.012 0.023
1 0.229 0.345 0.012 0.022
1 0.249 0.323 0.009 0.019
1 0.259 0.288 0.009 0.014
1 0.211 0.433 0.015 0.029
1 0.235 0.453 0.014 0.023
1 0.312 0.438 0.012 0.025
1 0.324 0.399 0.015 0.027
1 0.422 0.402 0.012 0.022
1 0.253 0.409 0.014 0.025
1 0.292 0.372 0.011 0.02
1 0.292 0.343 0.011 0.02
1 0.334 0.323 0.012 0.02
1 0.275 0.473 0.016 0.026
1 0.347 0.483 0.016 0.026
1 0.425 0.454 0.016 0.026
1 0.44 0.384 0.011 0.022
1 0.343 0.363 0.011 0.016
1 0.294 0.643 0.024 0.036
1 0.315 0.598 0.021 0.027
1 0.275 0.541 0.02 0.03
1 0.392 0.576 0.022 0.032
1 0.403 0.625 0.021 0.038
1 0.459 0.63 0.021 0.042
1 0.476 0.577 0.019 0.035
1 0.525 0.548 0.019 0.041
1 0.582 0.66 0.023 0.038
1 0.636 0.606 0.023 0.046
1 0.58 0.561 0.017 0.033
1 0.511 0.484 0.014 0.027
1 0.536 0.459 0.013 0.026
1 0.473 0.481 0.015 0.025
1 0.667 0.537 0.015 0.029
1 0.606 0.475 0.015 0.026
1 0.562 0.455 0.01 0.022
1 0.591 0.518 0.017 0.026
1 0.507 0.444 0.013 0.022
1 0.412 0.764 0.028 0.038
1 0.52 0.729 0.024 0.045
1 0.494 0.633 0.021 0.039
1 0.683 0.646 0.02 0.036
1 0.604 0.787 0.031 0.046
1 0.682 0.827 0.03 0.056
1 0.742 0.862 0.033 0.056
1 0.832 0.818 0.026 0.062
1 0.833 0.93 0.035 0.056
1 0.816 0.729 0.023 0.045
1 0.733 0.682 0.024 0.049
1 0.839 0.648 0.021 0.035
1 0.488 0.918 0.023 0.049
1 0.556 0.933 0.026 0.056
1 0.654 0.975 0.032 0.051
1 0.985 0.944 0.03 0.062
1 0.907 0.753 0.024 0.048
1 0.936 0.679 0.028 0.048
1 0.982 0.647 0.026 0.043
1 0.935 0.601 0.018 0.03
1 0.861 0.622 0.019 0.032
1 0.961 0.865 0.033 0.059
1 0.904 0.557 0.02 0.038
1 0.933 0.542 0.019 0.027
1 0.774 0.556 0.018 0.036
1 0.775 0.517 0.019 0.03
1 0.736 0.491 0.016 0.026
1 0.7 0.482 0.014 0.023
1 0.835 0.518 0.015 0.029
1 0.889 0.527 0.017 0.027
1 0.895 0.467 0.015 0.029
1 0.953 0.515 0.017 0.026
1 0.992 0.454 0.015 0.026
1 0.949 0.45 0.016 0.026
1 0.953 0.425 0.015 0.026
1 0.871 0.444 0.017 0.029
1 0.792 0.627 0.023 0.038
1 0.738 0.792 0.023 0.039
1 0.718 0.606 0.021 0.042
1 0.711 0.554 0.02 0.035
1 0.381 0.518 0.019 0.029
1 0.326 0.567 0.022 0.03
1 0.321 0.517 0.021 0.026
1 0.307 0.483 0.018 0.02
1 0.475 0.399 0.01 0.017
1 0.474 0.367 0.013 0.025
1 0.493 0.357 0.009 0.019
1 0.649 0.412 0.013 0.023
1 0.774 0.449 0.015 0.02
1 0.715 0.507 0.014 0.025
1 0.606 0.366 0.009 0.02
1 0.594 0.392 0.013 0.017
1 0.523 0.407 0.012 0.022
1 0.763 0.419 0.012 0.025
1 0.809 0.405 0.014 0.023
1 0.867 0.385 0.012 0.023
1 0.819 0.371 0.014 0.022
1 0.819 0.331 0.01 0.017
1 0.728 0.36 0.012 0.02
1 0.728 0.398 0.012 0.023
1 0.772 0.372 0.011 0.023
1 0.737 0.36 0.011 0.019
1 0.809 0.508 0.018 0.032
1 0.758 0.402 0.012 0.022
1 0.875 0.351 0.011 0.022
1 0.585 0.378 0.013 0.023
1 0.567 0.405 0.015 0.023
1 0.591 0.353 0.013 0.023
1 0.48 0.304 0.008 0.014
1 0.581 0.305 0.009 0.017
1 0.541 0.306 0.011 0.019
1 0.984 0.373 0.014 0.02
1 0.912 0.387 0.016 0.027
1 0.943 0.384 0.014 0.022
1 0.915 0.303 0.01 0.019
1 0.859 0.287 0.008 0.016
1 0.965 0.334 0.009 0.02
1 0.925 0.376 0.01 0.023
1 0.939 0.335 0.01 0.019
1 0.793 0.284 0.009 0.016
1 0.779 0.272 0.009 0.014
1 0.754 0.276 0.01 0.016
1 0.813 0.289 0.01 0.019
1 0.83 0.578 0.014 0.019
1 0.66 0.627 0.007 0.02
1 0.62 0.593 0.017 0.026
1 0.993 0.564 0.011 0.022
1 0.994 0.522 0.012 0.02
1 0.904 0.492 0.014 0.023
1 0.837 0.484 0.007 0.016
1 0.669 0.487 0.013 0.03
1 0.635 0.517 0.016 0.026
1 0.641 0.48 0.011 0.017
1 0.687 0.542 0.014 0.022
1 0.548 0.528 0.009 0.017
1 0.874 0.561 0.011 0.022
1 0.717 0.437 0.015 0.026
1 0.932 0.487 0.013 0.016
1 0.853 0.418 0.019 0.019
1 0.896 0.448 0.01 0.019
1 0.902 0.435 0.013 0.019
1 0.893 0.378 0.012 0.014
1 0.904 0.365 0.008 0.016
1 0.916 0.361 0.008 0.013
1 0.896 0.349 0.006 0.012
1 0.903 0.343 0.006 0.009
1 0.851 0.357 0.009 0.017
1 0.839 0.351 0.008 0.019
1 0.833 0.38 0.011 0.019
1 0.787 0.363 0.008 0.02
1 0.751 0.349 0.008 0.016
1 0.696 0.338 0.007 0.01
1 0.691 0.336 0.008 0.016
1 0.68 0.327 0.007 0.012
1 0.665 0.375 0.01 0.014
1 0.689 0.418 0.011 0.017
1 0.698 0.387 0.009 0.01
1 0.676 0.376 0.007 0.012
1 0.666 0.422 0.009 0.013
1 0.638 0.369 0.008 0.012
1 0.635 0.385 0.007 0.014
1 0.611 0.401 0.009 0.017
1 0.625 0.422 0.009 0.013
1 0.53 0.434 0.01 0.012
1 0.52 0.365 0.011 0.016
1 0.553 0.349 0.01 0.014
1 0.56 0.354 0.006 0.01
1 0.568 0.361 0.007 0.019
1 0.566 0.343 0.007 0.009
1 0.559 0.319 0.007 0.013
1 0.661 0.334 0.008 0.014
1 0.662 0.351 0.007 0.007
1 0.674 0.357 0.006 0.014
1 0.708 0.324 0.009 0.014
1 0.715 0.347 0.005 0.009
1 0.725 0.342 0.008 0.01
1 0.648 0.347 0.006 0.012
1 0.65 0.329 0.009 0.012
1 0.617 0.363 0.007 0.016
1 0.591 0.329 0.009 0.012
1 0.613 0.428 0.012 0.023
1 0.956 0.262 0.007 0.012
1 0.981 0.272 0.006 0.009
1 0.989 0.298 0.012 0.014
1 0.985 0.304 0.008 0.012
1 0.986 0.323 0.011 0.014
1 0.989 0.344 0.007 0.01
1 0.976 0.398 0.009 0.014
1 0.968 0.403 0.009 0.013
1 0.934 0.384 0.008 0.013
1 0.947 0.356 0.006 0.014
1 0.95 0.336 0.005 0.009
1 0.959 0.326 0.01 0.016
1 0.943 0.313 0.007 0.01
1 0.932 0.322 0.009 0.013
1 0.928 0.292 0.007 0.01
1 0.918 0.287 0.006 0.007
1 0.938 0.281 0.006 0.01
1 0.991 0.272 0.007 0.014
1 0.968 0.297 0.006 0.009
1 0.993 0.19 0.009 0.013
1 0.96 0.218 0.006 0.01
1 0.928 0.218 0.005 0.007
1 0.944 0.22 0.005 0.009
1 0.953 0.229 0.005 0.009
1 0.99 0.22 0.005 0.009
1 0.934 0.256 0.005 0.012
1 0.925 0.265 0.006 0.009
1 0.906 0.263 0.006 0.01
1 0.916 0.24 0.005 0.009
1 0.896 0.226 0.006 0.01
1 0.903 0.218 0.008 0.01
1 0.865 0.229 0.005 0.007
1 0.874 0.297 0.005 0.01
1 0.896 0.296 0.006 0.01
1 0.907 0.289 0.005 0.007
1 0.902 0.28 0.004 0.007
1 0.882 0.276 0.006 0.007
1 0.891 0.268 0.005 0.009
1 0.881 0.26 0.005 0.009
1 0.916 0.266 0.005 0.01
1 0.85 0.285 0.009 0.017
1 0.831 0.276 0.005 0.014
1 0.834 0.276 0.006 0.012
1 0.842 0.216 0.006 0.01
1 0.87 0.222 0.006 0.01
1 0.825 0.22 0.006 0.009
1 0.78 0.222 0.006 0.016
1 0.766 0.22 0.004 0.012
1 0.774 0.224 0.006 0.012
1 0.791 0.22 0.006 0.012
1 0.751 0.211 0.005 0.009
1 0.764 0.271 0.006 0.01
1 0.753 0.313 0.007 0.014
1 0.733 0.336 0.006 0.009
1 0.625 0.323 0.006 0.012
1 0.627 0.352 0.005 0.012
1 0.519 0.288 0.005 0.012
1 0.711 0.265 0.006 0.012
1 0.723 0.269 0.005 0.009
1 0.731 0.269 0.006 0.012
1 0.72 0.216 0.006 0.01
1 0.689 0.21 0.004 0.009
1 0.682 0.212 0.004 0.007
1 0.673 0.211 0.006 0.01
1 0.656 0.21 0.005 0.006
1 0.613 0.2 0.004 0.007
1 0.581 0.198 0.004 0.009
1 0.822 0.206 0.006 0.01
1 0.805 0.215 0.005 0.007
1 0.576 0.242 0.007 0.009
1 0.591 0.244 0.005 0.007
1 0.602 0.245 0.003 0.004
1 0.617 0.24 0.004 0.007
1 0.663 0.255 0.006 0.01
1 0.678 0.257 0.005 0.01
1 0.688 0.26 0.006 0.01
1 0.557 0.23 0.003 0.006
1 0.506 0.26 0.006 0.007
1 0.508 0.283 0.007 0.01
1 0.497 0.313 0.006 0.009
1 0.496 0.341 0.006 0.01
1 0.508 0.359 0.007 0.012
1 0.521 0.347 0.006 0.007
1 0.463 0.346 0.007 0.012
1 0.444 0.399 0.009 0.016
1 0.427 0.344 0.007 0.013
1 0.416 0.352 0.009 0.016
1 0.452 0.319 0.005 0.01
1 0.461 0.314 0.005 0.009
1 0.462 0.329 0.007 0.012
1 0.474 0.321 0.007 0.016
1 0.468 0.326 0.007 0.02
1 0.49 0.285 0.006 0.009
1 0.499 0.287 0.006 0.007
1 0.495 0.299 0.007 0.01
1 0.46 0.289 0.007 0.01
1 0.441 0.302 0.005 0.006
1 0.444 0.265 0.006 0.012
1 0.439 0.255 0.004 0.007
1 0.448 0.254 0.005 0.007
1 0.436 0.247 0.004 0.006
1 0.471 0.259 0.005 0.009
1 0.487 0.25 0.004 0.007
1 0.446 0.193 0.006 0.004
1 0.421 0.271 0.005 0.009
1 0.417 0.274 0.004 0.009
1 0.421 0.311 0.006 0.012
1 0.413 0.323 0.006 0.009
1 0.419 0.258 0.005 0.007
1 0.422 0.245 0.005 0.007
1 0.314 0.351 0.008 0.013
1 0.312 0.375 0.009 0.02
1 0.33 0.452 0.014 0.023
1 0.386 0.44 0.009 0.014
1 0.389 0.475 0.013 0.02
1 0.47 0.44 0.011 0.02
1 0.493 0.415 0.011 0.019
1 0.439 0.441 0.012 0.025
1 0.531 0.37 0.01 0.019
1 0.379 0.317 0.011 0.023
1 0.348 0.295 0.009 0.019
1 0.315 0.283 0.005 0.01
1 0.301 0.283 0.007 0.013
1 0.307 0.262 0.005 0.009
1 0.332 0.255 0.006 0.007
1 0.334 0.27 0.007 0.013
1 0.324 0.242 0.005 0.006
1 0.308 0.19 0.005 0.007
1 0.292 0.241 0.006 0.01
1 0.282 0.3 0.005 0.01
1 0.291 0.311 0.006 0.012
1 0.263 0.323 0.008 0.016
1 0.395 0.414 0.009 0.014
1 0.4 0.381 0.009 0.016
1 0.279 0.405 0.009 0.023
1 0.264 0.498 0.016 0.023
1 0.25 0.376 0.011 0.014
1 0.216 0.33 0.009 0.017
1 0.209 0.307 0.007 0.014
1 0.166 0.329 0.012 0.017
1 0.164 0.307 0.011 0.014
1 0.111 0.322 0.008 0.013
1 0.136 0.32 0.008 0.012
1 0.142 0.263 0.008 0.017
1 0.152 0.259 0.007 0.012
1 0.172 0.274 0.007 0.012
1 0.177 0.235 0.008 0.013
1 0.237 0.29 0.005 0.01
1 0.269 0.269 0.007 0.014
1 0.274 0.266 0.008 0.014
1 0.338 0.287 0.007 0.012
1 0.224 0.281 0.008 0.012
1 0.203 0.278 0.006 0.012
1 0.213 0.271 0.006 0.014
1 0.194 0.236 0.006 0.009
1 0.224 0.247 0.008 0.014
1 0.243 0.254 0.007 0.016
1 0.153 0.238 0.01 0.013
1 0.098 0.263 0.007 0.013
1 0.345 0.324 0.006 0.009
1 0.359 0.32 0.01 0.017
1 0.351 0.357 0.007 0.012
1 0.355 0.356 0.007 0.014
1 0.126 0.21 0.006 0.012
1 0.083 0.234 0.006 0.014
1 0.083 0.321 0.009 0.014
1 0.074 0.289 0.009 0.013
1 0.026 0.277 0.013 0.019
1 0.15 0.314 0.006 0.012
1 0.167 0.361 0.009 0.013
1 0.13 0.249 0.007 0.012
1 0.141 0.232 0.006 0.01
1 0.092 0.234 0.008 0.013
1 0.055 0.219 0.008 0.013
1 0.248 0.23 0.006 0.009
1 0.257 0.229 0.005 0.004
1 0.245 0.24 0.009 0.01
1 0.25 0.25 0.005 0.01
1 0.254 0.261 0.005 0.007
1 0.232 0.27 0.006 0.007
1 0.235 0.251 0.005 0.01
1 0.349 0.256 0.005 0.012
1 0.227 0.202 0.005 0.007
1 0.218 0.2 0.005 0.006
1 0.19 0.186 0.005 0.007
1 0.152 0.195 0.005 0.006
1 0.163 0.177 0.006 0.009
1 0.207 0.185 0.005 0.007
1 0.236 0.179 0.006 0.009
1 0.287 0.191 0.005 0.009
1 0.29 0.18 0.004 0.007
1 0.333 0.195 0.005 0.012
1 0.316 0.182 0.005 0.006
1 0.309 0.24 0.004 0.009
1 0.301 0.241 0.004 0.01
1 0.337 0.242 0.004 0.007
1 0.375 0.25 0.005 0.01
1 0.377 0.268 0.008 0.014
1 0.382 0.278 0.006 0.02
1 0.409 0.278 0.006 0.014
1 0.381 0.255 0.008 0.016
1 0.378 0.237 0.007 0.01
1 0.45 0.287 0.005 0.014
1 0.304 0.252 0.006 0.009
1 0.267 0.205 0.004 0.006
1 0.246 0.179 0.004 0.006
1 0.256 0.174 0.004 0.01
1 0.263 0.172 0.004 0.006
1 0.464 0.256 0.006 0.009
1 0.482 0.263 0.005 0.01
1 0.46 0.237 0.004 0.009
1 0.337 0.237 0.003 0.007
1 0.351 0.237 0.009 0.01
1 0.333 0.18 0.005 0.007
1 0.319 0.175 0.004 0.006
1 0.31 0.173 0.004 0.007
1 0.284 0.169 0.004 0.006
1 0.273 0.235 0.005 0.007
1 0.268 0.234 0.004 0.006
1 0.262 0.237 0.005 0.006
1 0.315 0.25 0.005 0.009
1 0.218 0.182 0.005 0.007
1 0.246 0.205 0.005 0.007
1 0.265 0.192 0.005 0.009
1 0.14 0.186 0.004 0.007
1 0.126 0.185 0.004 0.009
1 0.112 0.184 0.005 0.009
1 0.303 0.185 0.005 0.009
1 0.139 0.166 0.005 0.007
1 0.12 0.173 0.005 0.01
1 0.127 0.175 0.006 0.012
1 0.133 0.177 0.005 0.012
1 0.182 0.226 0.006 0.01
1 0.186 0.253 0.004 0.007
1 0.202 0.255 0.004 0.007
1 0.184 0.3 0.008 0.01
1 0.192 0.291 0.008 0.012
1 0.193 0.349 0.011 0.025
1 0.224 0.225 0.003 0.007
1 0.206 0.228 0.003 0.004
1 0.213 0.212 0.008 0.013
1 0.238 0.19 0.006 0.01
1 0.204 0.177 0.006 0.009
1 0.432 0.494 0.017 0.027
1 0.342 0.721 0.02 0.039
