1 0.037 0.448 0.006 0.013
1 0.044 0.431 0.006 0.012
1 0.034 0.476 0.004 0.01
1 0.017 0.471 0.003 0.013
1 0.08 0.478 0.004 0.012
1 0.054 0.41 0.005 0.01
1 0.03 0.415 0.004 0.009
1 0.073 0.429 0.003 0.007
1 0.113 0.464 0.005 0.01
1 0.159 0.508 0.006 0.013
1 0.149 0.485 0.006 0.013
1 0.134 0.496 0.006 0.01
1 0.137 0.463 0.006 0.015
1 0.14 0.45 0.003 0.009
1 0.151 0.524 0.005 0.018
1 0.129 0.523 0.005 0.01
1 0.145 0.572 0.006 0.015
1 0.12 0.582 0.007 0.019
1 0.112 0.52 0.007 0.013
1 0.093 0.51 0.007 0.013
1 0.102 0.485 0.005 0.015
1 0.075 0.515 0.009 0.015
1 0.061 0.517 0.006 0.01
1 0.027 0.521 0.007 0.012
1 0.089 0.542 0.008 0.019
1 0.034 0.571 0.006 0.016
1 0.024 0.612 0.008 0.021
1 0.058 0.607 0.008 0.015
1 0.063 0.576 0.009 0.024
1 0.093 0.586 0.009 0.016
1 0.079 0.585 0.006 0.015
1 0.008 0.534 0.007 0.015
1 0.062 0.629 0.008 0.018
1 0.042 0.656 0.009 0.021
1 0.083 0.641 0.011 0.018
1 0.098 0.636 0.007 0.019
1 0.106 0.645 0.009 0.019
1 0.129 0.632 0.007 0.015
1 0.14 0.695 0.011 0.025
1 0.105 0.698 0.01 0.025
1 0.1 0.726 0.015 0.026
1 0.084 0.715 0.011 0.024
1 0.051 0.72 0.009 0.025
1 0.022 0.727 0.01 0.025
1 0.036 0.764 0.012 0.028
1 0.102 0.769 0.014 0.026
1 0.141 0.729 0.013 0.029
1 0.014 0.689 0.011 0.025
1 0.147 0.798 0.013 0.028
1 0.166 0.81 0.01 0.018
1 0.186 0.876 0.014 0.032
1 0.16 0.715 0.009 0.018
1 0.166 0.696 0.009 0.018
1 0.158 0.65 0.008 0.018
1 0.175 0.656 0.009 0.026
1 0.185 0.649 0.01 0.022
1 0.041 0.692 0.011 0.019
1 0.079 0.61 0.012 0.018
1 0.115 0.77 0.008 0.025
1 0.182 0.435 0.004 0.01
1 0.18 0.474 0.004 0.01
1 0.166 0.521 0.006 0.012
1 0.202 0.494 0.005 0.012
1 0.183 0.521 0.007 0.012
1 0.19 0.51 0.003 0.007
1 0.258 0.514 0.007 0.016
1 0.208 0.532 0.007 0.013
1 0.243 0.56 0.007 0.019
1 0.226 0.521 0.007 0.012
1 0.229 0.475 0.006 0.015
1 0.253 0.585 0.007 0.019
1 0.218 0.627 0.008 0.019
1 0.229 0.624 0.01 0.018
1 0.239 0.643 0.01 0.018
1 0.255 0.655 0.011 0.022
1 0.252 0.626 0.009 0.018
1 0.278 0.621 0.008 0.019
1 0.331 0.61 0.006 0.019
1 0.328 0.666 0.011 0.021
1 0.314 0.67 0.01 0.019
1 0.289 0.653 0.012 0.021
1 0.203 0.698 0.011 0.019
1 0.217 0.714 0.01 0.025
1 0.207 0.738 0.012 0.028
1 0.29 0.715 0.012 0.025
1 0.277 0.704 0.01 0.024
1 0.308 0.756 0.014 0.026
1 0.326 0.728 0.01 0.029
1 0.319 0.722 0.01 0.026
1 0.345 0.762 0.01 0.024
1 0.311 0.786 0.007 0.025
1 0.284 0.793 0.014 0.029
1 0.235 0.799 0.015 0.029
1 0.208 0.502 0.006 0.01
1 0.244 0.529 0.009 0.015
1 0.278 0.448 0.006 0.01
1 0.243 0.454 0.004 0.012
1 0.351 0.448 0.004 0.01
1 0.34 0.463 0.006 0.012
1 0.341 0.5 0.006 0.012
1 0.326 0.487 0.005 0.01
1 0.314 0.491 0.006 0.012
1 0.279 0.493 0.008 0.015
1 0.287 0.485 0.005 0.012
1 0.292 0.512 0.007 0.018
1 0.276 0.529 0.009 0.015
1 0.277 0.549 0.007 0.018
1 0.237 0.565 0.007 0.018
1 0.231 0.571 0.005 0.012
1 0.25 0.613 0.008 0.016
1 0.288 0.582 0.011 0.024
1 0.317 0.549 0.007 0.015
1 0.312 0.52 0.007 0.013
1 0.339 0.545 0.009 0.019
1 0.342 0.582 0.009 0.021
1 0.325 0.604 0.006 0.013
1 0.263 0.566 0.006 0.015
1 0.379 0.413 0.004 0.012
1 0.393 0.416 0.005 0.012
1 0.387 0.396 0.003 0.01
1 0.377 0.495 0.005 0.01
1 0.392 0.516 0.004 0.009
1 0.359 0.485 0.006 0.01
1 0.357 0.509 0.006 0.012
1 0.362 0.537 0.007 0.015
1 0.372 0.548 0.01 0.019
1 0.372 0.59 0.006 0.015
1 0.375 0.569 0.006 0.015
1 0.382 0.654 0.008 0.018
1 0.381 0.623 0.008 0.019
1 0.38 0.691 0.011 0.024
1 0.366 0.642 0.011 0.022
1 0.358 0.627 0.009 0.016
1 0.362 0.59 0.006 0.015
1 0.449 0.417 0.005 0.01
1 0.474 0.43 0.005 0.01
1 0.473 0.447 0.005 0.015
1 0.467 0.455 0.007 0.013
1 0.509 0.421 0.006 0.015
1 0.506 0.451 0.004 0.01
1 0.504 0.469 0.007 0.012
1 0.46 0.488 0.007 0.009
1 0.429 0.493 0.007 0.013
1 0.403 0.485 0.006 0.013
1 0.396 0.49 0.005 0.012
1 0.502 0.505 0.007 0.016
1 0.501 0.564 0.005 0.013
1 0.48 0.559 0.007 0.012
1 0.468 0.556 0.007 0.018
1 0.447 0.556 0.008 0.015
1 0.436 0.546 0.005 0.016
1 0.425 0.564 0.008 0.022
1 0.406 0.592 0.009 0.022
1 0.503 0.612 0.009 0.021
1 0.476 0.61 0.009 0.015
1 0.419 0.626 0.011 0.018
1 0.407 0.546 0.006 0.013
1 0.408 0.521 0.006 0.013
1 0.446 0.602 0.009 0.025
1 0.518 0.581 0.007 0.018
1 0.547 0.582 0.007 0.018
1 0.586 0.619 0.008 0.018
1 0.529 0.607 0.007 0.021
1 0.546 0.632 0.012 0.025
1 0.563 0.649 0.011 0.022
1 0.586 0.687 0.011 0.029
1 0.558 0.687 0.01 0.021
1 0.511 0.639 0.009 0.016
1 0.528 0.645 0.008 0.025
1 0.512 0.693 0.013 0.026
1 0.431 0.632 0.009 0.019
1 0.463 0.674 0.01 0.018
1 0.446 0.707 0.01 0.024
1 0.454 0.756 0.013 0.029
1 0.479 0.808 0.013 0.028
1 0.527 0.807 0.013 0.032
1 0.547 0.762 0.015 0.031
1 0.526 0.74 0.012 0.028
1 0.51 0.728 0.012 0.026
1 0.559 0.745 0.012 0.025
1 0.578 0.826 0.014 0.025
1 0.426 0.791 0.015 0.024
1 0.429 0.728 0.011 0.024
1 0.407 0.702 0.01 0.022
1 0.396 0.704 0.01 0.026
1 0.385 0.761 0.012 0.025
1 0.373 0.797 0.013 0.029
1 0.331 0.976 0.021 0.038
1 0.432 0.463 0.005 0.015
1 0.417 0.469 0.005 0.012
1 0.442 0.512 0.007 0.013
1 0.534 0.547 0.008 0.012
1 0.55 0.497 0.006 0.015
1 0.567 0.482 0.005 0.013
1 0.55 0.476 0.004 0.013
1 0.548 0.443 0.004 0.01
1 0.526 0.448 0.004 0.01
1 0.487 0.668 0.013 0.024
1 0.577 0.459 0.009 0.015
1 0.559 0.592 0.007 0.013
1 0.524 0.421 0.006 0.012
1 0.533 0.422 0.005 0.009
1 0.549 0.427 0.005 0.01
1 0.534 0.407 0.003 0.009
1 0.57 0.42 0.005 0.01
1 0.589 0.438 0.005 0.01
1 0.616 0.438 0.006 0.012
1 0.587 0.49 0.006 0.013
1 0.637 0.453 0.005 0.012
1 0.66 0.432 0.005 0.012
1 0.651 0.407 0.003 0.009
1 0.637 0.424 0.006 0.013
1 0.596 0.503 0.006 0.012
1 0.639 0.494 0.005 0.012
1 0.626 0.486 0.005 0.007
1 0.603 0.49 0.005 0.01
1 0.641 0.521 0.008 0.016
1 0.662 0.521 0.008 0.015
1 0.613 0.544 0.006 0.012
1 0.597 0.536 0.008 0.016
1 0.601 0.562 0.008 0.019
1 0.635 0.578 0.007 0.012
1 0.621 0.557 0.005 0.012
1 0.643 0.601 0.008 0.018
1 0.662 0.638 0.01 0.021
1 0.625 0.613 0.009 0.019
1 0.611 0.615 0.01 0.021
1 0.619 0.518 0.008 0.024
1 0.593 0.46 0.006 0.018
1 0.419 0.411 0.005 0.01
1 0.454 0.518 0.007 0.013
1 0.488 0.449 0.005 0.015
1 0.66 0.418 0.006 0.013
1 0.769 0.438 0.006 0.013
1 0.741 0.436 0.005 0.01
1 0.692 0.45 0.005 0.012
1 0.704 0.458 0.005 0.01
1 0.724 0.432 0.005 0.012
1 0.743 0.456 0.006 0.015
1 0.759 0.465 0.006 0.013
1 0.798 0.476 0.006 0.013
1 0.786 0.48 0.005 0.013
1 0.799 0.499 0.006 0.016
1 0.783 0.516 0.005 0.015
1 0.762 0.511 0.006 0.016
1 0.742 0.487 0.006 0.012
1 0.724 0.456 0.005 0.009
1 0.732 0.504 0.005 0.013
1 0.72 0.507 0.008 0.022
1 0.736 0.518 0.004 0.013
1 0.712 0.528 0.006 0.018
1 0.67 0.472 0.007 0.018
1 0.712 0.475 0.006 0.015
1 0.691 0.471 0.005 0.012
1 0.688 0.529 0.007 0.016
1 0.68 0.56 0.007 0.018
1 0.692 0.562 0.007 0.018
1 0.708 0.557 0.007 0.018
1 0.718 0.61 0.009 0.025
1 0.737 0.61 0.01 0.021
1 0.756 0.626 0.01 0.018
1 0.748 0.582 0.008 0.019
1 0.773 0.562 0.01 0.022
1 0.796 0.579 0.01 0.019
1 0.776 0.606 0.009 0.021
1 0.792 0.54 0.007 0.018
1 0.752 0.534 0.006 0.018
1 0.478 0.652 0.011 0.019
1 0.679 0.514 0.007 0.016
1 0.668 0.552 0.005 0.013
1 0.675 0.671 0.014 0.019
1 0.718 0.656 0.012 0.021
1 0.722 0.689 0.011 0.019
1 0.665 0.699 0.015 0.026
1 0.606 0.695 0.013 0.025
1 0.406 0.768 0.01 0.024
1 0.754 0.688 0.012 0.031
1 0.742 0.773 0.014 0.031
1 0.732 0.74 0.012 0.025
1 0.686 0.736 0.014 0.025
1 0.633 0.722 0.013 0.026
1 0.662 0.772 0.01 0.021
1 0.7 0.832 0.015 0.034
1 0.607 0.79 0.014 0.024
1 0.586 0.729 0.014 0.022
1 0.587 0.782 0.012 0.031
1 0.75 0.829 0.017 0.029
1 0.802 0.415 0.005 0.012
1 0.828 0.412 0.005 0.012
1 0.89 0.436 0.005 0.01
1 0.894 0.463 0.007 0.018
1 0.911 0.476 0.005 0.013
1 0.836 0.468 0.006 0.015
1 0.814 0.484 0.008 0.018
1 0.783 0.455 0.005 0.01
1 0.771 0.454 0.008 0.013
1 0.832 0.434 0.006 0.012
1 0.86 0.471 0.007 0.016
1 0.841 0.493 0.008 0.018
1 0.831 0.51 0.006 0.016
1 0.823 0.54 0.01 0.019
1 0.816 0.564 0.009 0.016
1 0.844 0.529 0.009 0.019
1 0.859 0.489 0.008 0.013
1 0.868 0.502 0.006 0.013
1 0.91 0.518 0.007 0.018
1 0.902 0.508 0.006 0.013
1 0.898 0.543 0.01 0.021
1 0.907 0.57 0.011 0.016
1 0.874 0.564 0.01 0.016
1 0.84 0.567 0.01 0.019
1 0.694 0.588 0.008 0.019
1 0.701 0.6 0.006 0.021
1 0.68 0.582 0.006 0.019
1 0.726 0.593 0.01 0.024
1 0.769 0.692 0.012 0.028
1 0.789 0.687 0.009 0.021
1 0.789 0.72 0.014 0.028
1 0.779 0.768 0.016 0.031
1 0.806 0.702 0.012 0.022
1 0.972 0.578 0.011 0.021
1 0.924 0.491 0.008 0.018
1 0.968 0.477 0.007 0.013
1 0.951 0.498 0.008 0.016
1 0.917 0.554 0.007 0.012
1 0.93 0.58 0.009 0.019
1 0.988 0.554 0.007 0.018
1 0.992 0.63 0.012 0.028
1 0.927 0.646 0.011 0.025
1 0.904 0.609 0.012 0.018
1 0.889 0.66 0.012 0.024
1 0.893 0.636 0.012 0.022
1 0.909 0.689 0.01 0.019
1 0.836 0.603 0.01 0.021
1 0.875 0.603 0.008 0.021
1 0.812 0.635 0.009 0.021
1 0.834 0.639 0.012 0.025
1 0.875 0.667 0.011 0.022
1 0.855 0.681 0.012 0.021
1 0.846 0.699 0.013 0.022
1 0.89 0.73 0.013 0.022
1 0.909 0.773 0.013 0.031
1 0.925 0.81 0.017 0.034
1 0.935 0.834 0.017 0.032
1 0.89 0.83 0.014 0.034
1 0.854 0.8 0.018 0.026
1 0.833 0.844 0.019 0.032
1 0.817 0.696 0.009 0.021
1 0.828 0.696 0.011 0.019
1 0.949 0.735 0.012 0.024
1 0.895 0.789 0.015 0.037
1 0.812 0.553 0.008 0.021
1 0.878 0.504 0.009 0.015
1 0.787 0.538 0.007 0.012
1 0.227 0.425 0.005 0.015
1 0.261 0.429 0.005 0.01
1 0.112 0.612 0.011 0.018
1 0.219 0.735 0.01 0.021
1 0.302 0.443 0.006 0.013
1 0.31 0.443 0.005 0.01
1 0.682 0.484 0.006 0.018
1 0.672 0.504 0.005 0.016
1 0.718 0.54 0.007 0.013
1 0.631 0.563 0.007 0.015
1 0.629 0.58 0.006 0.013
1 0.573 0.535 0.008 0.018
1 0.618 0.49 0.007 0.015
1 0.662 0.603 0.007 0.015
1 0.556 0.508 0.005 0.013
1 0.701 0.499 0.006 0.013
1 0.844 0.468 0.007 0.013
1 0.826 0.475 0.003 0.012
1 0.943 0.649 0.009 0.019
1 0.954 0.538 0.015 0.024
1 0.948 0.571 0.013 0.031
1 0.996 0.676 0.008 0.021
1 0.997 0.547 0.006 0.024
1 0.773 0.537 0.01 0.018
1 0.877 0.455 0.004 0.007
1 0.935 0.479 0.008 0.015
1 0.814 0.537 0.006 0.015
1 0.799 0.518 0.004 0.013
1 0.431 0.42 0.005 0.01
1 0.408 0.437 0.004 0.009
1 0.408 0.412 0.004 0.007
1 0.168 0.566 0.008 0.015
