1 0.18 0.664 0.018 0.034
1 0.148 0.651 0.017 0.031
1 0.057 0.722 0.022 0.037
1 0.143 0.737 0.023 0.043
1 0.325 0.689 0.023 0.045
1 0.362 0.696 0.022 0.042
1 0.397 0.713 0.021 0.039
1 0.396 0.82 0.028 0.048
1 0.289 0.655 0.017 0.03
1 0.308 0.63 0.014 0.031
1 0.275 0.628 0.018 0.03
1 0.353 0.597 0.016 0.031
1 0.384 0.599 0.015 0.031
1 0.34 0.646 0.013 0.03
1 0.397 0.653 0.015 0.034
1 0.417 0.665 0.017 0.039
1 0.423 0.603 0.014 0.031
1 0.26 0.67 0.017 0.033
1 0.235 0.661 0.015 0.031
1 0.204 0.655 0.016 0.03
1 0.205 0.696 0.015 0.031
1 0.02 0.67 0.017 0.031
1 0.044 0.581 0.013 0.025
1 0.013 0.551 0.01 0.019
1 0.079 0.552 0.011 0.018
1 0.189 0.622 0.016 0.027
1 0.235 0.594 0.014 0.021
1 0.216 0.588 0.011 0.021
1 0.253 0.606 0.014 0.028
1 0.268 0.578 0.013 0.025
1 0.281 0.575 0.012 0.022
1 0.308 0.573 0.011 0.021
1 0.326 0.6 0.015 0.025
1 0.347 0.561 0.01 0.021
1 0.248 0.568 0.013 0.025
1 0.264 0.556 0.01 0.016
1 0.293 0.571 0.009 0.021
1 0.134 0.603 0.013 0.03
1 0.191 0.552 0.01 0.021
1 0.177 0.532 0.008 0.016
1 0.163 0.524 0.009 0.015
1 0.196 0.538 0.009 0.013
1 0.173 0.592 0.011 0.022
1 0.234 0.536 0.008 0.016
1 0.262 0.546 0.008 0.015
1 0.278 0.559 0.008 0.016
1 0.284 0.549 0.008 0.015
1 0.144 0.538 0.007 0.013
1 0.208 0.539 0.007 0.012
1 0.633 0.833 0.024 0.046
1 0.597 0.753 0.025 0.048
1 0.636 0.743 0.023 0.045
1 0.678 0.738 0.024 0.045
1 0.51 0.767 0.024 0.043
1 0.542 0.723 0.019 0.036
1 0.565 0.754 0.021 0.04
1 0.516 0.716 0.023 0.042
1 0.476 0.713 0.024 0.039
1 0.446 0.724 0.023 0.04
1 0.483 0.647 0.017 0.031
1 0.514 0.638 0.018 0.034
1 0.533 0.652 0.02 0.033
1 0.552 0.675 0.021 0.031
1 0.578 0.635 0.019 0.033
1 0.603 0.618 0.014 0.025
1 0.631 0.612 0.016 0.031
1 0.666 0.617 0.022 0.034
1 0.655 0.723 0.018 0.03
1 0.734 0.678 0.016 0.034
1 0.751 0.786 0.028 0.051
1 0.497 0.618 0.014 0.027
1 0.558 0.63 0.016 0.028
1 0.542 0.632 0.013 0.025
1 0.409 0.575 0.01 0.019
1 0.464 0.589 0.01 0.019
1 0.478 0.594 0.012 0.024
1 0.513 0.583 0.01 0.021
1 0.482 0.565 0.01 0.018
1 0.489 0.555 0.009 0.018
1 0.479 0.544 0.008 0.013
1 0.439 0.545 0.008 0.016
1 0.442 0.522 0.007 0.013
1 0.467 0.526 0.007 0.013
1 0.391 0.582 0.012 0.024
1 0.379 0.54 0.009 0.018
1 0.407 0.548 0.009 0.018
1 0.397 0.53 0.007 0.015
1 0.349 0.541 0.009 0.016
1 0.336 0.529 0.007 0.013
1 0.287 0.525 0.008 0.015
1 0.348 0.513 0.005 0.009
1 0.318 0.51 0.006 0.01
1 0.583 0.592 0.015 0.025
1 0.558 0.592 0.012 0.021
1 0.571 0.557 0.012 0.021
1 0.593 0.554 0.008 0.016
1 0.625 0.566 0.009 0.016
1 0.639 0.568 0.012 0.021
1 0.604 0.565 0.008 0.018
1 0.674 0.582 0.009 0.018
1 0.678 0.604 0.008 0.018
1 0.691 0.603 0.009 0.019
1 0.667 0.544 0.009 0.016
1 0.689 0.542 0.008 0.015
1 0.667 0.523 0.007 0.013
1 0.683 0.528 0.006 0.012
1 0.734 0.561 0.01 0.021
1 0.719 0.558 0.008 0.018
1 0.58 0.536 0.009 0.018
1 0.585 0.525 0.007 0.015
1 0.57 0.517 0.007 0.013
1 0.56 0.51 0.006 0.01
1 0.556 0.557 0.01 0.016
1 0.508 0.537 0.008 0.015
1 0.494 0.524 0.005 0.012
1 0.454 0.66 0.013 0.025
1 0.593 0.713 0.022 0.042
1 0.608 0.669 0.019 0.04
1 0.62 0.652 0.016 0.033
1 0.849 0.822 0.027 0.046
1 0.945 0.801 0.027 0.04
1 0.795 0.751 0.021 0.042
1 0.88 0.746 0.019 0.039
1 0.958 0.691 0.02 0.037
1 0.826 0.617 0.016 0.025
1 0.846 0.613 0.014 0.027
1 0.881 0.618 0.013 0.027
1 0.901 0.612 0.013 0.024
1 0.933 0.609 0.012 0.022
1 0.932 0.594 0.011 0.021
1 0.832 0.707 0.024 0.042
1 0.846 0.69 0.022 0.033
1 0.975 0.564 0.01 0.018
1 0.995 0.573 0.01 0.018
1 0.989 0.641 0.017 0.027
1 0.975 0.676 0.015 0.036
1 0.993 0.677 0.014 0.033
1 0.96 0.562 0.009 0.016
1 0.952 0.575 0.008 0.019
1 0.915 0.577 0.008 0.015
1 0.807 0.573 0.009 0.018
1 0.786 0.605 0.012 0.022
1 0.802 0.635 0.012 0.025
1 0.774 0.559 0.012 0.019
1 0.834 0.563 0.009 0.019
1 0.927 0.536 0.006 0.012
1 0.94 0.543 0.006 0.009
1 0.956 0.547 0.007 0.013
1 0.966 0.525 0.007 0.016
1 0.84 0.549 0.007 0.012
1 0.83 0.531 0.008 0.012
1 0.798 0.533 0.006 0.012
1 0.79 0.527 0.007 0.012
1 0.85 0.554 0.008 0.016
1 0.864 0.555 0.007 0.012
1 0.848 0.594 0.013 0.03
1 0.907 0.658 0.013 0.03
1 0.987 0.524 0.008 0.015
1 0.626 0.543 0.007 0.012
1 0.645 0.531 0.006 0.012
1 0.613 0.535 0.008 0.016
1 0.764 0.556 0.008 0.013
1 0.707 0.518 0.006 0.009
1 0.714 0.539 0.008 0.012
1 0.709 0.568 0.009 0.013
1 0.418 0.52 0.005 0.01
1 0.327 0.559 0.008 0.013
1 0.437 0.508 0.006 0.01
1 0.479 0.516 0.006 0.01
1 0.451 0.524 0.005 0.012
1 0.034 0.526 0.006 0.01
1 0.051 0.525 0.005 0.009
1 0.186 0.539 0.009 0.018
1 0.021 0.591 0.012 0.018
1 0.203 0.618 0.012 0.024
1 0.264 0.609 0.012 0.021
1 0.863 0.68 0.016 0.03
1 0.927 0.659 0.016 0.03
1 0.203 0.557 0.008 0.016
1 0.215 0.531 0.007 0.013
1 0.227 0.516 0.008 0.012
1 0.154 0.574 0.01 0.013
1 0.439 0.568 0.009 0.012
1 0.371 0.51 0.008 0.013
1 0.542 0.606 0.011 0.018
1 0.693 0.518 0.01 0.018
1 0.64 0.515 0.007 0.015
1 0.852 0.517 0.005 0.01
1 0.854 0.578 0.01 0.016
1 0.971 0.73 0.025 0.04
1 0.918 0.63 0.01 0.013
1 0.813 0.706 0.022 0.031
