1 0.703 0.461 0.054 0.06
1 0.423 0.445 0.087 0.116
1 0.992 0.178 0.016 0.06
1 0.963 0.193 0.034 0.058
1 0.901 0.326 0.036 0.051
1 0.893 0.166 0.039 0.068
1 0.832 0.161 0.036 0.061
1 0.787 0.142 0.037 0.054
1 0.973 0.099 0.021 0.071
1 0.926 0.131 0.014 0.026
1 0.94 0.133 0.012 0.025
1 0.96 0.118 0.012 0.025
1 0.824 0.098 0.019 0.048
1 0.904 0.06 0.025 0.083
1 0.811 0.036 0.03 0.072
1 0.791 0.069 0.017 0.033
1 0.762 0.071 0.019 0.05
1 0.73 0.066 0.021 0.055
1 0.69 0.144 0.063 0.094
1 0.611 0.071 0.014 0.024
1 0.568 0.019 0.02 0.035
1 0.554 0.066 0.016 0.026
1 0.614 0.196 0.029 0.046
1 0.584 0.175 0.026 0.04
1 0.559 0.217 0.031 0.042
1 0.51 0.238 0.029 0.051
1 0.52 0.199 0.019 0.036
1 0.481 0.173 0.033 0.058
1 0.402 0.148 0.032 0.051
1 0.408 0.27 0.032 0.064
1 0.421 0.224 0.031 0.055
1 0.37 0.154 0.033 0.062
1 0.356 0.071 0.021 0.033
1 0.247 0.073 0.034 0.05
1 0.335 0.186 0.052 0.096
1 0.249 0.156 0.035 0.054
1 0.262 0.213 0.026 0.046
1 0.188 0.177 0.041 0.068
1 0.147 0.195 0.039 0.062
1 0.17 0.034 0.024 0.046
1 0.144 0.027 0.034 0.048
