1 0.012 0.435 0.019 0.033
1 0.033 0.473 0.021 0.03
1 0.097 0.445 0.018 0.03
1 0.044 0.608 0.058 0.087
1 0.195 0.552 0.043 0.08
1 0.217 0.523 0.025 0.055
1 0.202 0.472 0.019 0.041
1 0.211 0.43 0.013 0.021
1 0.324 0.439 0.019 0.03
1 0.296 0.506 0.03 0.054
1 0.348 0.524 0.033 0.067
1 0.392 0.477 0.023 0.05
1 0.363 0.403 0.009 0.014
1 0.403 0.431 0.018 0.031
1 0.426 0.449 0.015 0.027
1 0.44 0.498 0.029 0.057
1 0.465 0.491 0.022 0.044
1 0.468 0.409 0.012 0.016
1 0.542 0.548 0.021 0.036
1 0.576 0.57 0.037 0.074
1 0.455 0.619 0.036 0.077
1 0.472 0.701 0.058 0.131
1 0.598 0.448 0.016 0.034
1 0.688 0.448 0.021 0.037
1 0.678 0.492 0.021 0.04
1 0.709 0.489 0.028 0.053
1 0.698 0.417 0.011 0.02
1 0.714 0.421 0.013 0.026
1 0.742 0.437 0.015 0.034
1 0.568 0.447 0.022 0.036
1 0.638 0.496 0.031 0.067
1 0.791 0.509 0.046 0.075
1 0.817 0.42 0.016 0.027
1 0.856 0.509 0.033 0.061
1 0.836 0.393 0.011 0.018
1 0.899 0.4 0.012 0.02
1 0.917 0.444 0.029 0.043
1 0.954 0.43 0.022 0.038
1 0.946 0.549 0.043 0.071
1 0.985 0.505 0.026 0.06
1 0.709 0.396 0.009 0.018
