1 0.223 0.424 0.1 0.197
1 0.346 0.363 0.061 0.125
1 0.418 0.301 0.048 0.09
1 0.495 0.23 0.019 0.039
1 0.523 0.218 0.027 0.07
1 0.443 0.282 0.02 0.054
1 0.555 0.206 0.018 0.042
1 0.294 0.253 0.021 0.042
1 0.59 0.27 0.021 0.04
1 0.646 0.055 0.029 0.054
1 0.738 0.207 0.033 0.107
1 0.693 0.231 0.029 0.079
1 0.813 0.153 0.039 0.084
1 0.675 0.283 0.021 0.049
1 0.888 0.242 0.021 0.058
1 0.592 0.341 0.02 0.07
1 0.618 0.338 0.036 0.09
1 0.669 0.533 0.058 0.181
1 0.742 0.559 0.116 0.281
1 0.052 0.291 0.012 0.03
1 0.114 0.302 0.011 0.021
