1 0.297 0.329 0.009 0.02
1 0.104 0.309 0.008 0.018
1 0.12 0.327 0.013 0.022
1 0.077 0.294 0.009 0.021
1 0.086 0.309 0.011 0.017
1 0.129 0.307 0.008 0.017
1 0.539 0.344 0.02 0.03
1 0.966 0.308 0.01 0.017
1 0.905 0.348 0.025 0.043
1 0.925 0.322 0.025 0.031
1 0.184 0.361 0.041 0.038
1 0.15 0.314 0.025 0.036
1 0.305 0.312 0.015 0.036
1 0.315 0.305 0.001 0.003
1 0.316 0.365 0.023 0.043
1 0.34 0.313 0.019 0.038
1 0.322 0.318 0.013 0.027
1 0.412 0.296 0.024 0.044
1 0.501 0.312 0.018 0.033
1 0.578 0.355 0.027 0.065
1 0.613 0.314 0.021 0.031
1 0.588 0.284 0.015 0.026
1 0.675 0.326 0.02 0.031
1 0.669 0.409 0.043 0.083
1 0.76 0.383 0.032 0.057
1 0.809 0.419 0.029 0.053
1 0.818 0.325 0.021 0.035
1 0.858 0.318 0.019 0.034
1 0.847 0.32 0.013 0.025
1 0.747 0.298 0.015 0.022
1 0.788 0.305 0.012 0.021
1 0.055 0.316 0.01 0.042
1 0.704 0.309 0.013 0.022
1 0.743 0.347 0.013 0.025
