1 0.413 0.419 0.014 0.032
1 0.425 0.425 0.007 0.019
1 0.434 0.419 0.01 0.019
1 0.445 0.426 0.021 0.032
1 0.474 0.42 0.01 0.018
1 0.484 0.415 0.013 0.028
1 0.508 0.441 0.012 0.016
1 0.521 0.436 0.01 0.015
1 0.536 0.42 0.011 0.023
1 0.545 0.42 0.012 0.026
1 0.565 0.423 0.015 0.02
1 0.582 0.41 0.009 0.012
1 0.611 0.433 0.011 0.025
1 0.627 0.413 0.01 0.018
1 0.652 0.427 0.017 0.025
1 0.661 0.419 0.01 0.02
1 0.678 0.421 0.01 0.016
1 0.729 0.45 0.016 0.028
1 0.731 0.419 0.012 0.02
1 0.751 0.427 0.011 0.013
1 0.77 0.449 0.015 0.02
1 0.791 0.431 0.009 0.016
1 0.804 0.413 0.011 0.02
1 0.833 0.432 0.015 0.02
1 0.768 0.427 0.009 0.01
1 0.78 0.424 0.011 0.019
1 0.842 0.432 0.009 0.018
1 0.859 0.436 0.011 0.013
1 0.871 0.433 0.012 0.016
1 0.889 0.438 0.011 0.015
1 0.902 0.424 0.009 0.016
1 0.586 0.437 0.01 0.016
1 0.637 0.416 0.007 0.012
1 0.095 0.447 0.016 0.022
1 0.138 0.437 0.013 0.022
1 0.154 0.447 0.017 0.023
1 0.167 0.422 0.013 0.022
1 0.229 0.441 0.015 0.022
1 0.248 0.439 0.01 0.022
1 0.241 0.419 0.01 0.018
1 0.212 0.442 0.007 0.015
1 0.268 0.433 0.009 0.018
1 0.281 0.433 0.013 0.022
1 0.305 0.437 0.012 0.013
1 0.326 0.431 0.014 0.025
1 0.346 0.412 0.013 0.016
1 0.368 0.425 0.009 0.016
1 0.38 0.403 0.01 0.022
1 0.392 0.418 0.01 0.025
1 0.402 0.417 0.01 0.02
