1 0.856 0.49 0.031 0.062
1 0.754 0.471 0.033 0.068
1 0.643 0.46 0.031 0.07
1 0.554 0.432 0.027 0.068
1 0.442 0.449 0.033 0.06
1 0.345 0.435 0.026 0.065
1 0.228 0.438 0.026 0.074
1 0.125 0.433 0.03 0.072
1 0.075 0.1 0.026 0.07
1 0.143 0.156 0.025 0.068
1 0.209 0.146 0.024 0.065
1 0.301 0.14 0.028 0.068
1 0.36 0.167 0.026 0.06
1 0.441 0.151 0.026 0.068
1 0.507 0.152 0.025 0.067
1 0.554 0.158 0.03 0.065
1 0.614 0.17 0.025 0.055
1 0.685 0.17 0.029 0.063
1 0.786 0.184 0.03 0.07
1 0.877 0.183 0.029 0.075
