1 0.23 0.368 0.01 0.017
1 0.282 0.344 0.009 0.014
1 0.315 0.353 0.009 0.016
1 0.347 0.351 0.01 0.014
1 0.299 0.314 0.007 0.012
1 0.26 0.305 0.007 0.01
1 0.238 0.312 0.006 0.013
1 0.229 0.297 0.008 0.013
1 0.199 0.316 0.009 0.014
1 0.167 0.321 0.008 0.012
1 0.179 0.344 0.008 0.013
1 0.159 0.373 0.009 0.014
1 0.126 0.374 0.008 0.016
1 0.101 0.452 0.012 0.017
1 0.107 0.428 0.011 0.02
1 0.136 0.449 0.011 0.018
1 0.053 0.449 0.014 0.021
1 0.199 0.421 0.022 0.039
1 0.252 0.412 0.024 0.04
1 0.31 0.465 0.021 0.038
1 0.322 0.442 0.021 0.038
1 0.352 0.44 0.022 0.036
1 0.287 0.423 0.011 0.017
1 0.157 0.424 0.009 0.018
1 0.44 0.263 0.006 0.01
1 0.474 0.26 0.006 0.01
1 0.5 0.284 0.007 0.01
1 0.527 0.281 0.008 0.013
1 0.509 0.248 0.007 0.012
1 0.579 0.293 0.008 0.013
1 0.562 0.283 0.008 0.014
1 0.602 0.259 0.007 0.01
1 0.61 0.295 0.008 0.012
1 0.628 0.322 0.008 0.012
1 0.659 0.316 0.008 0.013
1 0.667 0.275 0.008 0.01
1 0.526 0.353 0.008 0.013
1 0.503 0.34 0.008 0.014
1 0.495 0.396 0.019 0.036
1 0.527 0.423 0.019 0.033
1 0.543 0.411 0.012 0.016
1 0.566 0.446 0.019 0.03
1 0.606 0.44 0.021 0.036
1 0.628 0.451 0.021 0.029
1 0.664 0.4 0.01 0.017
1 0.684 0.453 0.021 0.034
1 0.696 0.411 0.009 0.016
1 0.521 0.462 0.02 0.031
1 0.454 0.424 0.021 0.034
1 0.409 0.431 0.022 0.034
1 0.322 0.546 0.027 0.042
1 0.176 0.531 0.032 0.047
1 0.457 0.563 0.025 0.04
1 0.513 0.577 0.022 0.035
1 0.372 0.413 0.01 0.017
1 0.641 0.546 0.021 0.03
1 0.755 0.536 0.021 0.034
1 0.825 0.515 0.021 0.035
1 0.727 0.449 0.021 0.034
1 0.975 0.475 0.01 0.02
1 0.962 0.45 0.013 0.02
1 0.94 0.446 0.014 0.02
1 0.925 0.445 0.009 0.017
1 0.872 0.455 0.012 0.017
1 0.94 0.401 0.01 0.018
1 0.823 0.403 0.01 0.017
1 0.792 0.403 0.009 0.014
1 0.75 0.374 0.009 0.016
1 0.776 0.363 0.01 0.013
1 0.769 0.35 0.009 0.014
1 0.816 0.35 0.008 0.014
1 0.842 0.368 0.008 0.01
1 0.864 0.403 0.009 0.014
1 0.922 0.344 0.008 0.014
1 0.935 0.34 0.008 0.014
1 0.91 0.341 0.008 0.013
1 0.929 0.366 0.008 0.016
1 0.965 0.365 0.007 0.013
1 0.953 0.276 0.006 0.01
1 0.971 0.279 0.007 0.01
1 0.976 0.352 0.01 0.014
1 0.855 0.367 0.007 0.013
1 0.216 0.327 0.01 0.014
1 0.29 0.302 0.005 0.01
1 0.414 0.312 0.013 0.013
