1 0.456 0.114 0.113 0.112
1 0.615 0.151 0.112 0.096
1 0.025 0.045 0.024 0.026
1 0.056 0.048 0.025 0.024
1 0.094 0.087 0.037 0.034
1 0.151 0.099 0.04 0.036
1 0.217 0.084 0.04 0.034
1 0.267 0.057 0.04 0.032
1 0.303 0.065 0.028 0.024
1 0.161 0.023 0.025 0.022
1 0.527 0.033 0.044 0.034
1 0.664 0.033 0.048 0.026
1 0.661 0.056 0.039 0.035
1 0.795 0.039 0.034 0.025
1 0.862 0.047 0.045 0.035
1 0.8 0.111 0.047 0.035
1 0.526 0.112 0.072 0.075
1 0.958 0.368 0.084 0.067
1 0.98 0.025 0.039 0.037
1 0.894 0.009 0.035 0.016
1 0.189 0.073 0.03 0.025
1 0.6 0.072 0.038 0.031
1 0.772 0.131 0.034 0.049
1 0.47 0.036 0.032 0.024
1 0.598 0.049 0.023 0.019
1 0.014 0.091 0.024 0.033
