1 0.517 0.21 0.098 0.057
1 0.377 0.274 0.071 0.045
1 0.019 0.588 0.037 0.031
1 0.079 0.69 0.017 0.014
1 0.144 0.705 0.021 0.016
1 0.136 0.698 0.016 0.014
1 0.125 0.689 0.013 0.014
1 0.166 0.666 0.014 0.011
1 0.776 0.694 0.017 0.014
1 0.726 0.69 0.014 0.013
1 0.834 0.686 0.014 0.012
1 0.861 0.682 0.016 0.013
1 0.879 0.684 0.015 0.011
1 0.896 0.685 0.011 0.01
1 0.954 0.686 0.015 0.011
1 0.921 0.687 0.011 0.011
1 0.912 0.682 0.01 0.009
1 0.775 0.678 0.011 0.01
1 0.791 0.686 0.01 0.011
1 0.805 0.693 0.012 0.01
1 0.942 0.673 0.011 0.008
1 0.16 0.693 0.015 0.011
1 0.131 0.656 0.011 0.008
1 0.184 0.704 0.017 0.013
1 0.206 0.723 0.021 0.017
1 0.225 0.687 0.015 0.013
1 0.219 0.712 0.021 0.016
1 0.187 0.697 0.018 0.013
1 0.256 0.703 0.025 0.019
1 0.239 0.652 0.013 0.01
1 0.562 0.696 0.016 0.013
1 0.503 0.694 0.014 0.01
1 0.521 0.686 0.01 0.01
1 0.531 0.665 0.011 0.009
1 0.533 0.719 0.019 0.019
1 0.034 0.566 0.011 0.007
1 0.033 0.504 0.009 0.005
1 0.09 0.516 0.011 0.008
1 0.122 0.521 0.007 0.006
1 0.148 0.52 0.009 0.007
1 0.172 0.522 0.01 0.005
1 0.193 0.523 0.009 0.007
1 0.224 0.517 0.01 0.007
1 0.238 0.524 0.008 0.006
1 0.256 0.523 0.008 0.007
1 0.06 0.573 0.011 0.008
1 0.077 0.573 0.011 0.007
1 0.083 0.585 0.013 0.011
1 0.056 0.587 0.012 0.009
1 0.106 0.588 0.011 0.01
1 0.108 0.598 0.009 0.007
1 0.099 0.613 0.012 0.009
1 0.083 0.6 0.011 0.009
1 0.12 0.599 0.01 0.007
1 0.129 0.607 0.01 0.007
1 0.148 0.584 0.009 0.008
1 0.152 0.571 0.01 0.007
1 0.162 0.582 0.009 0.007
1 0.151 0.597 0.009 0.008
1 0.192 0.595 0.009 0.008
1 0.189 0.573 0.011 0.008
1 0.151 0.538 0.012 0.008
1 0.245 0.576 0.011 0.008
1 0.229 0.601 0.01 0.008
1 0.248 0.603 0.009 0.008
1 0.209 0.617 0.011 0.007
1 0.25 0.613 0.01 0.007
1 0.104 0.711 0.028 0.019
1 0.094 0.625 0.013 0.01
1 0.109 0.619 0.01 0.007
1 0.122 0.623 0.011 0.007
1 0.117 0.633 0.011 0.008
1 0.099 0.646 0.015 0.01
1 0.124 0.642 0.015 0.009
1 0.139 0.638 0.011 0.008
1 0.152 0.634 0.011 0.008
1 0.172 0.639 0.01 0.008
1 0.197 0.624 0.012 0.011
1 0.177 0.618 0.012 0.007
1 0.204 0.635 0.013 0.011
1 0.229 0.625 0.013 0.009
1 0.231 0.661 0.012 0.011
1 0.209 0.649 0.011 0.008
1 0.206 0.658 0.013 0.01
1 0.188 0.674 0.014 0.012
1 0.203 0.687 0.016 0.013
1 0.208 0.678 0.014 0.01
1 0.199 0.67 0.011 0.009
1 0.227 0.676 0.013 0.011
1 0.242 0.637 0.013 0.008
1 0.154 0.657 0.012 0.007
1 0.496 0.666 0.017 0.013
1 0.56 0.684 0.018 0.008
1 0.529 0.684 0.011 0.009
1 0.758 0.683 0.014 0.01
1 0.767 0.663 0.012 0.008
1 0.802 0.664 0.014 0.008
1 0.743 0.694 0.016 0.011
1 0.783 0.66 0.009 0.007
1 0.779 0.654 0.008 0.005
1 0.79 0.649 0.01 0.007
1 0.847 0.653 0.012 0.01
1 0.874 0.66 0.011 0.008
1 0.887 0.662 0.01 0.007
1 0.894 0.669 0.009 0.01
1 0.905 0.675 0.01 0.007
1 0.93 0.672 0.012 0.009
1 0.648 0.588 0.008 0.007
1 0.674 0.588 0.009 0.008
1 0.693 0.588 0.008 0.007
1 0.849 0.609 0.01 0.009
1 0.861 0.599 0.009 0.008
1 0.87 0.599 0.008 0.007
1 0.924 0.617 0.013 0.01
1 0.819 0.614 0.011 0.007
1 0.012 0.505 0.01 0.008
1 0.028 0.47 0.008 0.005
1 0.054 0.471 0.009 0.005
1 0.078 0.475 0.008 0.007
1 0.118 0.419 0.008 0.006
1 0.148 0.42 0.007 0.005
1 0.116 0.67 0.013 0.011
1 0.149 0.672 0.011 0.008
1 0.121 0.584 0.012 0.008
