1 0.027 0.043 0.013 0.02
1 0.057 0.047 0.013 0.023
1 0.038 0.076 0.014 0.021
1 0.019 0.093 0.016 0.018
1 0.019 0.139 0.017 0.023
1 0.064 0.128 0.018 0.023
1 0.102 0.146 0.014 0.023
1 0.075 0.111 0.017 0.022
1 0.076 0.085 0.015 0.021
1 0.096 0.048 0.014 0.024
1 0.1 0.024 0.013 0.019
1 0.148 0.015 0.012 0.021
1 0.184 0.017 0.014 0.021
1 0.167 0.09 0.013 0.02
1 0.149 0.156 0.014 0.022
1 0.201 0.151 0.015 0.024
1 0.202 0.083 0.012 0.021
1 0.238 0.069 0.014 0.022
1 0.22 0.028 0.013 0.02
1 0.254 0.011 0.014 0.017
1 0.551 0.074 0.015 0.022
1 0.569 0.133 0.016 0.021
1 0.7 0.131 0.017 0.02
1 0.786 0.129 0.017 0.022
1 0.898 0.127 0.018 0.02
1 0.886 0.172 0.014 0.02
1 0.894 0.21 0.018 0.027
1 0.72 0.187 0.015 0.017
1 0.749 0.178 0.014 0.024
1 0.836 0.036 0.014 0.023
1 0.926 0.054 0.015 0.023
1 0.713 0.079 0.013 0.02
1 0.668 0.073 0.014 0.022
1 0.541 0.235 0.043 0.074
1 0.514 0.13 0.018 0.027
1 0.391 0.209 0.022 0.037
1 0.349 0.172 0.001 0.0
1 0.379 0.188 0.023 0.041
1 0.473 0.291 0.05 0.087
1 0.98 0.057 0.015 0.023
1 0.991 0.218 0.017 0.072
1 0.643 0.2 0.017 0.024
1 0.521 0.195 0.016 0.026
1 0.791 0.05 0.013 0.019
1 0.675 0.017 0.013 0.011
1 0.034 0.026 0.012 0.017
1 0.429 0.007 0.014 0.013
