1 0.026 0.627 0.007 0.017
1 0.096 0.661 0.007 0.018
1 0.138 0.674 0.007 0.018
1 0.026 0.688 0.009 0.016
1 0.06 0.697 0.009 0.02
1 0.088 0.708 0.009 0.017
1 0.109 0.727 0.008 0.02
1 0.141 0.734 0.007 0.018
1 0.062 0.645 0.008 0.017
1 0.012 0.673 0.007 0.016
1 0.01 0.748 0.007 0.017
1 0.17 0.75 0.008 0.021
1 0.234 0.775 0.009 0.018
1 0.167 0.696 0.007 0.02
1 0.503 0.871 0.01 0.023
1 0.217 0.72 0.007 0.016
1 0.282 0.738 0.007 0.017
1 0.189 0.556 0.01 0.018
1 0.407 0.475 0.007 0.016
1 0.503 0.434 0.007 0.013
1 0.834 0.462 0.006 0.013
1 0.954 0.399 0.007 0.012
1 0.922 0.406 0.005 0.008
1 0.911 0.439 0.007 0.012
1 0.906 0.391 0.005 0.009
1 0.865 0.387 0.006 0.01
1 0.916 0.401 0.006 0.01
1 0.896 0.362 0.006 0.01
1 0.919 0.372 0.007 0.012
1 0.955 0.374 0.006 0.01
1 0.967 0.377 0.004 0.009
1 0.979 0.352 0.006 0.008
1 0.955 0.348 0.005 0.009
1 0.934 0.347 0.006 0.009
1 0.908 0.342 0.008 0.01
1 0.996 0.327 0.006 0.01
1 0.951 0.314 0.006 0.009
1 0.927 0.317 0.005 0.009
1 0.871 0.367 0.007 0.009
1 0.867 0.33 0.006 0.012
1 0.83 0.348 0.006 0.01
1 0.841 0.305 0.006 0.012
1 0.886 0.308 0.006 0.014
1 0.903 0.286 0.004 0.01
1 0.903 0.314 0.006 0.009
1 0.986 0.305 0.006 0.014
1 0.976 0.294 0.004 0.009
1 0.948 0.292 0.007 0.012
1 0.929 0.291 0.005 0.009
1 0.919 0.266 0.005 0.012
1 0.949 0.268 0.006 0.009
1 0.965 0.272 0.005 0.008
1 0.989 0.252 0.005 0.007
1 0.959 0.253 0.005 0.008
1 0.946 0.245 0.005 0.007
1 0.917 0.243 0.005 0.008
1 0.896 0.241 0.005 0.008
1 0.896 0.267 0.006 0.008
1 0.881 0.327 0.006 0.013
1 0.876 0.311 0.006 0.01
1 0.906 0.211 0.004 0.01
1 0.917 0.214 0.003 0.008
1 0.942 0.225 0.004 0.013
1 0.958 0.217 0.004 0.009
1 0.985 0.225 0.004 0.008
1 0.955 0.196 0.006 0.012
1 0.935 0.197 0.005 0.008
1 0.996 0.226 0.007 0.009
1 0.824 0.402 0.008 0.012
1 0.848 0.331 0.004 0.01
1 0.767 0.412 0.006 0.012
1 0.747 0.405 0.007 0.013
1 0.774 0.395 0.006 0.01
1 0.779 0.363 0.006 0.01
1 0.788 0.339 0.007 0.01
1 0.76 0.368 0.006 0.012
1 0.742 0.381 0.007 0.012
1 0.743 0.361 0.006 0.012
1 0.725 0.381 0.004 0.009
1 0.807 0.364 0.011 0.014
1 0.809 0.437 0.006 0.009
1 0.806 0.317 0.006 0.012
1 0.826 0.298 0.005 0.012
1 0.839 0.278 0.004 0.009
1 0.777 0.273 0.005 0.009
1 0.785 0.247 0.006 0.009
1 0.809 0.232 0.005 0.009
1 0.794 0.225 0.006 0.009
1 0.771 0.243 0.006 0.01
1 0.775 0.223 0.005 0.009
1 0.977 0.199 0.004 0.009
1 0.972 0.177 0.005 0.008
1 0.949 0.174 0.003 0.008
1 0.926 0.177 0.004 0.008
1 0.917 0.193 0.005 0.008
1 0.942 0.167 0.004 0.008
1 0.966 0.154 0.005 0.007
1 0.984 0.16 0.004 0.007
1 0.977 0.134 0.004 0.008
1 0.958 0.137 0.004 0.007
1 0.88 0.145 0.006 0.009
1 0.899 0.128 0.005 0.008
1 0.882 0.126 0.005 0.008
1 0.861 0.126 0.004 0.008
1 0.911 0.113 0.004 0.009
1 0.897 0.11 0.004 0.009
1 0.876 0.105 0.005 0.009
1 0.947 0.15 0.005 0.008
1 0.975 0.113 0.006 0.01
1 0.991 0.1 0.005 0.009
1 0.908 0.094 0.005 0.008
1 0.888 0.089 0.005 0.008
1 0.94 0.074 0.004 0.007
1 0.938 0.057 0.004 0.007
1 0.952 0.059 0.003 0.005
1 0.676 0.449 0.008 0.013
1 0.721 0.402 0.007 0.012
1 0.71 0.429 0.008 0.014
1 0.705 0.397 0.007 0.013
1 0.686 0.392 0.005 0.01
1 0.681 0.378 0.005 0.012
1 0.7 0.376 0.006 0.012
1 0.693 0.357 0.005 0.01
1 0.712 0.333 0.006 0.01
1 0.695 0.333 0.006 0.009
1 0.682 0.327 0.005 0.012
1 0.68 0.348 0.005 0.01
1 0.66 0.346 0.006 0.009
1 0.662 0.371 0.006 0.01
1 0.669 0.383 0.007 0.01
1 0.64 0.395 0.006 0.01
1 0.64 0.375 0.006 0.01
1 0.622 0.386 0.006 0.009
1 0.623 0.363 0.006 0.01
1 0.606 0.384 0.006 0.01
1 0.607 0.36 0.005 0.009
1 0.599 0.337 0.005 0.009
1 0.617 0.337 0.005 0.009
1 0.637 0.338 0.006 0.012
1 0.666 0.327 0.006 0.008
1 0.741 0.307 0.006 0.01
1 0.724 0.309 0.006 0.01
1 0.69 0.307 0.006 0.008
1 0.678 0.3 0.005 0.009
1 0.665 0.299 0.006 0.01
1 0.643 0.317 0.006 0.012
1 0.642 0.296 0.005 0.009
1 0.644 0.271 0.005 0.008
1 0.664 0.278 0.006 0.009
1 0.68 0.281 0.007 0.012
1 0.702 0.277 0.007 0.013
1 0.72 0.282 0.008 0.012
1 0.742 0.284 0.006 0.01
1 0.759 0.291 0.005 0.009
1 0.756 0.264 0.005 0.01
1 0.74 0.261 0.005 0.009
1 0.678 0.26 0.006 0.009
1 0.666 0.253 0.005 0.009
1 0.651 0.253 0.005 0.007
1 0.635 0.245 0.006 0.012
1 0.702 0.24 0.005 0.009
1 0.715 0.237 0.006 0.008
1 0.738 0.243 0.005 0.008
1 0.751 0.245 0.003 0.008
1 0.686 0.236 0.004 0.01
1 0.668 0.233 0.004 0.008
1 0.668 0.213 0.005 0.009
1 0.685 0.214 0.005 0.008
1 0.704 0.215 0.005 0.01
1 0.724 0.217 0.005 0.01
1 0.74 0.222 0.005 0.009
1 0.752 0.222 0.005 0.009
1 0.796 0.203 0.006 0.01
1 0.78 0.199 0.004 0.01
1 0.759 0.195 0.005 0.01
1 0.744 0.2 0.006 0.007
1 0.728 0.193 0.005 0.009
1 0.693 0.191 0.005 0.009
1 0.662 0.185 0.006 0.01
1 0.672 0.19 0.005 0.008
1 0.729 0.172 0.004 0.01
1 0.739 0.177 0.005 0.008
1 0.754 0.177 0.005 0.008
1 0.775 0.177 0.005 0.008
1 0.796 0.176 0.005 0.009
1 0.792 0.158 0.005 0.009
1 0.745 0.163 0.007 0.012
1 0.649 0.231 0.007 0.012
1 0.65 0.211 0.006 0.008
1 0.64 0.208 0.006 0.01
1 0.642 0.187 0.006 0.009
1 0.68 0.169 0.003 0.005
1 0.667 0.165 0.004 0.007
1 0.635 0.165 0.004 0.005
1 0.663 0.145 0.004 0.008
1 0.685 0.154 0.004 0.007
1 0.705 0.156 0.004 0.01
1 0.693 0.158 0.005 0.009
1 0.698 0.183 0.006 0.009
1 0.648 0.145 0.005 0.008
1 0.708 0.132 0.003 0.007
1 0.745 0.133 0.005 0.009
1 0.729 0.132 0.004 0.008
1 0.689 0.135 0.004 0.007
1 0.815 0.206 0.005 0.008
1 0.84 0.206 0.006 0.009
1 0.837 0.184 0.005 0.009
1 0.849 0.166 0.005 0.009
1 0.812 0.178 0.006 0.01
1 0.832 0.158 0.006 0.012
1 0.843 0.143 0.005 0.01
1 0.825 0.127 0.006 0.009
1 0.838 0.106 0.005 0.009
1 0.84 0.128 0.005 0.01
1 0.823 0.102 0.006 0.007
1 0.808 0.102 0.006 0.007
1 0.792 0.137 0.005 0.007
1 0.79 0.1 0.004 0.009
1 0.772 0.097 0.004 0.007
1 0.759 0.097 0.005 0.009
1 0.739 0.098 0.005 0.008
1 0.728 0.112 0.005 0.008
1 0.714 0.094 0.004 0.008
1 0.76 0.117 0.005 0.008
1 0.782 0.117 0.005 0.009
1 0.793 0.117 0.006 0.009
1 0.76 0.155 0.005 0.01
1 0.774 0.135 0.005 0.009
1 0.758 0.141 0.005 0.008
1 0.714 0.128 0.006 0.012
1 0.712 0.11 0.004 0.009
1 0.859 0.144 0.006 0.009
1 0.855 0.105 0.007 0.01
1 0.925 0.093 0.005 0.009
1 0.839 0.088 0.006 0.009
1 0.82 0.085 0.005 0.008
1 0.807 0.082 0.004 0.008
1 0.812 0.12 0.004 0.008
1 0.786 0.084 0.004 0.009
1 0.778 0.079 0.004 0.007
1 0.755 0.076 0.005 0.008
1 0.745 0.079 0.005 0.008
1 0.773 0.064 0.004 0.008
1 0.807 0.064 0.004 0.009
1 0.822 0.064 0.004 0.008
1 0.836 0.067 0.004 0.007
1 0.858 0.068 0.004 0.008
1 0.852 0.092 0.004 0.007
1 0.682 0.109 0.004 0.009
1 0.696 0.115 0.004 0.009
1 0.649 0.168 0.004 0.008
1 0.617 0.206 0.005 0.009
1 0.727 0.079 0.005 0.008
1 0.648 0.09 0.004 0.007
1 0.633 0.089 0.005 0.009
1 0.678 0.057 0.004 0.008
1 0.869 0.069 0.003 0.005
1 0.904 0.071 0.004 0.009
1 0.883 0.068 0.004 0.01
1 0.887 0.054 0.003 0.009
1 0.904 0.054 0.003 0.009
1 0.919 0.056 0.004 0.01
1 0.91 0.036 0.005 0.01
1 0.896 0.036 0.004 0.008
1 0.873 0.053 0.005 0.007
1 0.928 0.022 0.005 0.01
1 0.894 0.02 0.005 0.01
1 0.835 0.048 0.004 0.008
1 0.85 0.052 0.004 0.01
1 0.862 0.029 0.004 0.009
1 0.846 0.014 0.005 0.008
1 0.831 0.028 0.006 0.007
1 0.804 0.045 0.006 0.009
1 0.802 0.03 0.004 0.008
1 0.815 0.026 0.006 0.008
1 0.831 0.011 0.006 0.012
1 0.769 0.045 0.003 0.007
1 0.784 0.048 0.005 0.008
1 0.771 0.025 0.004 0.009
1 0.767 0.015 0.003 0.007
1 0.708 0.025 0.005 0.01
1 0.923 0.072 0.005 0.008
1 0.964 0.038 0.005 0.008
1 0.754 0.065 0.004 0.008
1 0.667 0.13 0.005 0.008
1 0.744 0.061 0.004 0.009
1 0.743 0.037 0.005 0.007
1 0.697 0.089 0.005 0.008
1 0.646 0.073 0.005 0.008
1 0.632 0.055 0.005 0.009
1 0.658 0.047 0.004 0.008
1 0.646 0.038 0.003 0.007
1 0.619 0.053 0.003 0.007
1 0.615 0.073 0.004 0.008
1 0.689 0.04 0.006 0.012
1 0.611 0.178 0.005 0.009
1 0.598 0.14 0.004 0.007
1 0.615 0.127 0.004 0.007
1 0.6 0.128 0.004 0.008
1 0.617 0.088 0.005 0.007
1 0.601 0.088 0.004 0.007
1 0.591 0.082 0.004 0.008
1 0.58 0.143 0.004 0.007
1 0.569 0.135 0.004 0.008
1 0.59 0.206 0.005 0.008
1 0.626 0.182 0.005 0.009
1 0.604 0.204 0.005 0.009
1 0.631 0.229 0.004 0.009
1 0.608 0.225 0.004 0.008
1 0.596 0.224 0.003 0.008
1 0.58 0.221 0.004 0.005
1 0.611 0.248 0.004 0.009
1 0.594 0.244 0.005 0.009
1 0.576 0.244 0.005 0.009
1 0.631 0.269 0.005 0.009
1 0.621 0.253 0.006 0.008
1 0.62 0.292 0.005 0.009
1 0.625 0.315 0.005 0.01
1 0.604 0.314 0.006 0.008
1 0.611 0.296 0.006 0.009
1 0.58 0.335 0.005 0.009
1 0.588 0.289 0.004 0.008
1 0.576 0.291 0.005 0.009
1 0.568 0.306 0.006 0.01
1 0.588 0.269 0.006 0.009
1 0.572 0.269 0.004 0.007
1 0.559 0.283 0.006 0.008
1 0.537 0.283 0.005 0.009
1 0.521 0.277 0.004 0.008
1 0.508 0.275 0.005 0.008
1 0.49 0.292 0.005 0.008
1 0.506 0.298 0.006 0.009
1 0.522 0.303 0.005 0.009
1 0.539 0.303 0.005 0.009
1 0.552 0.305 0.004 0.008
1 0.562 0.329 0.006 0.008
1 0.584 0.378 0.006 0.01
1 0.523 0.354 0.005 0.009
1 0.527 0.327 0.006 0.01
1 0.515 0.32 0.006 0.01
1 0.504 0.349 0.006 0.01
1 0.486 0.34 0.005 0.009
1 0.491 0.321 0.004 0.009
1 0.562 0.352 0.008 0.009
1 0.613 0.105 0.004 0.008
1 0.586 0.105 0.004 0.008
1 0.572 0.088 0.004 0.007
1 0.56 0.085 0.004 0.007
1 0.57 0.105 0.005 0.007
1 0.555 0.1 0.004 0.008
1 0.585 0.126 0.004 0.007
1 0.556 0.174 0.005 0.01
1 0.544 0.152 0.004 0.005
1 0.549 0.136 0.006 0.009
1 0.533 0.134 0.005 0.008
1 0.532 0.169 0.005 0.009
1 0.535 0.193 0.004 0.009
1 0.561 0.162 0.004 0.009
1 0.482 0.078 0.004 0.008
1 0.522 0.087 0.005 0.008
1 0.476 0.095 0.004 0.008
1 0.485 0.098 0.005 0.009
1 0.515 0.12 0.004 0.008
1 0.503 0.116 0.004 0.01
1 0.554 0.068 0.004 0.008
1 0.469 0.076 0.003 0.008
1 0.491 0.08 0.003 0.007
1 0.51 0.077 0.004 0.007
1 0.483 0.063 0.004 0.007
1 0.47 0.061 0.003 0.005
1 0.506 0.064 0.004 0.008
1 0.532 0.089 0.004 0.008
1 0.46 0.11 0.005 0.009
1 0.492 0.114 0.005 0.007
1 0.445 0.098 0.004 0.009
1 0.473 0.115 0.003 0.005
1 0.47 0.132 0.004 0.007
1 0.501 0.133 0.004 0.008
1 0.517 0.133 0.004 0.007
1 0.513 0.155 0.004 0.005
1 0.503 0.154 0.003 0.007
1 0.503 0.169 0.004 0.008
1 0.49 0.168 0.004 0.005
1 0.476 0.146 0.004 0.007
1 0.491 0.148 0.004 0.007
1 0.455 0.128 0.003 0.009
1 0.457 0.171 0.004 0.007
1 0.476 0.167 0.004 0.007
1 0.445 0.115 0.004 0.008
1 0.432 0.126 0.004 0.007
1 0.46 0.15 0.003 0.005
1 0.485 0.134 0.004 0.005
1 0.509 0.192 0.004 0.009
1 0.522 0.196 0.003 0.007
1 0.489 0.191 0.004 0.005
1 0.514 0.214 0.003 0.008
1 0.5 0.214 0.004 0.008
1 0.499 0.23 0.005 0.007
1 0.485 0.23 0.004 0.008
1 0.48 0.212 0.004 0.007
1 0.468 0.228 0.004 0.008
1 0.439 0.168 0.004 0.005
1 0.425 0.171 0.004 0.005
1 0.414 0.165 0.004 0.007
1 0.408 0.141 0.004 0.007
1 0.401 0.163 0.003 0.007
1 0.389 0.155 0.003 0.008
1 0.385 0.179 0.004 0.007
1 0.418 0.186 0.003 0.007
1 0.382 0.197 0.005 0.009
1 0.396 0.202 0.004 0.01
1 0.409 0.204 0.005 0.008
1 0.445 0.204 0.004 0.008
1 0.475 0.251 0.005 0.008
1 0.462 0.25 0.004 0.008
1 0.451 0.243 0.005 0.008
1 0.448 0.23 0.003 0.008
1 0.445 0.265 0.006 0.009
1 0.433 0.257 0.006 0.008
1 0.418 0.239 0.005 0.009
1 0.409 0.235 0.005 0.009
1 0.389 0.237 0.004 0.008
1 0.376 0.238 0.004 0.007
1 0.374 0.223 0.004 0.008
1 0.379 0.256 0.003 0.007
1 0.463 0.267 0.003 0.008
1 0.414 0.222 0.004 0.007
1 0.424 0.224 0.004 0.008
1 0.419 0.204 0.003 0.005
1 0.399 0.217 0.003 0.005
1 0.367 0.196 0.004 0.007
1 0.37 0.18 0.005 0.008
1 0.352 0.195 0.005 0.007
1 0.364 0.221 0.004 0.007
1 0.351 0.214 0.004 0.007
1 0.342 0.213 0.004 0.007
1 0.326 0.227 0.005 0.008
1 0.334 0.233 0.006 0.008
1 0.347 0.236 0.005 0.008
1 0.365 0.25 0.006 0.008
1 0.354 0.254 0.004 0.008
1 0.344 0.249 0.004 0.008
1 0.36 0.233 0.004 0.008
1 0.397 0.258 0.005 0.009
1 0.408 0.279 0.005 0.009
1 0.439 0.285 0.004 0.009
1 0.417 0.296 0.005 0.008
1 0.388 0.276 0.004 0.01
1 0.408 0.304 0.005 0.007
1 0.393 0.301 0.005 0.009
1 0.377 0.298 0.005 0.009
1 0.37 0.281 0.004 0.008
1 0.356 0.272 0.006 0.008
1 0.343 0.27 0.005 0.009
1 0.328 0.267 0.005 0.008
1 0.315 0.267 0.006 0.008
1 0.301 0.262 0.006 0.01
1 0.3 0.245 0.006 0.009
1 0.292 0.284 0.005 0.008
1 0.304 0.286 0.006 0.008
1 0.312 0.285 0.006 0.007
1 0.334 0.289 0.005 0.008
1 0.35 0.292 0.006 0.007
1 0.365 0.298 0.005 0.008
1 0.425 0.342 0.007 0.01
1 0.423 0.329 0.006 0.009
1 0.419 0.322 0.004 0.009
1 0.41 0.34 0.006 0.008
1 0.438 0.378 0.006 0.009
1 0.4 0.324 0.004 0.008
1 0.391 0.339 0.006 0.009
1 0.385 0.321 0.005 0.009
1 0.367 0.32 0.005 0.009
1 0.365 0.33 0.006 0.009
1 0.354 0.315 0.006 0.008
1 0.347 0.312 0.006 0.008
1 0.353 0.331 0.006 0.008
1 0.341 0.326 0.004 0.008
1 0.322 0.327 0.005 0.007
1 0.324 0.308 0.006 0.009
1 0.31 0.322 0.005 0.008
1 0.294 0.314 0.006 0.009
1 0.287 0.3 0.005 0.009
1 0.317 0.248 0.004 0.007
1 0.448 0.331 0.006 0.009
1 0.476 0.323 0.006 0.008
1 0.468 0.312 0.005 0.009
1 0.462 0.283 0.005 0.007
1 0.547 0.26 0.006 0.01
1 0.521 0.262 0.004 0.008
1 0.542 0.236 0.006 0.009
1 0.561 0.244 0.006 0.009
1 0.563 0.222 0.005 0.009
1 0.586 0.313 0.005 0.009
1 0.438 0.243 0.004 0.007
1 0.419 0.128 0.005 0.008
1 0.426 0.064 0.004 0.008
1 0.396 0.093 0.004 0.009
1 0.383 0.09 0.003 0.007
1 0.365 0.107 0.004 0.007
1 0.369 0.09 0.004 0.008
1 0.37 0.119 0.005 0.009
1 0.361 0.119 0.003 0.007
1 0.358 0.091 0.005 0.008
1 0.344 0.089 0.004 0.007
1 0.354 0.106 0.004 0.007
1 0.344 0.121 0.005 0.008
1 0.327 0.104 0.005 0.008
1 0.315 0.102 0.005 0.008
1 0.315 0.12 0.004 0.008
1 0.346 0.137 0.004 0.007
1 0.328 0.136 0.004 0.007
1 0.327 0.153 0.004 0.007
1 0.285 0.26 0.005 0.009
1 0.281 0.276 0.006 0.01
1 0.266 0.277 0.005 0.009
1 0.283 0.104 0.004 0.008
1 0.27 0.103 0.003 0.008
1 0.234 0.114 0.004 0.007
1 0.28 0.148 0.004 0.008
1 0.297 0.137 0.004 0.008
1 0.277 0.117 0.003 0.008
1 0.25 0.117 0.003 0.008
1 0.211 0.127 0.004 0.009
1 0.226 0.098 0.003 0.005
1 0.241 0.128 0.004 0.007
1 0.219 0.146 0.004 0.005
1 0.25 0.147 0.003 0.008
1 0.318 0.18 0.004 0.008
1 0.306 0.191 0.004 0.008
1 0.289 0.171 0.004 0.007
1 0.286 0.203 0.006 0.008
1 0.276 0.189 0.006 0.008
1 0.263 0.188 0.005 0.008
1 0.244 0.186 0.006 0.009
1 0.268 0.206 0.004 0.009
1 0.221 0.171 0.004 0.008
1 0.211 0.186 0.005 0.008
1 0.228 0.185 0.005 0.008
1 0.271 0.219 0.006 0.009
1 0.23 0.261 0.005 0.009
1 0.253 0.204 0.004 0.008
1 0.219 0.223 0.005 0.007
1 0.358 0.134 0.004 0.008
1 0.329 0.118 0.005 0.008
1 0.194 0.167 0.004 0.007
1 0.178 0.169 0.004 0.007
1 0.169 0.183 0.003 0.007
1 0.179 0.199 0.005 0.007
1 0.191 0.182 0.004 0.007
1 0.235 0.218 0.005 0.007
1 0.163 0.197 0.005 0.007
1 0.162 0.266 0.005 0.009
1 0.181 0.253 0.005 0.008
1 0.17 0.23 0.004 0.008
1 0.188 0.218 0.004 0.007
1 0.156 0.214 0.004 0.007
1 0.206 0.272 0.005 0.008
1 0.236 0.239 0.005 0.009
1 0.201 0.223 0.004 0.005
1 0.167 0.247 0.003 0.007
1 0.215 0.258 0.004 0.007
1 0.2 0.252 0.005 0.007
1 0.273 0.297 0.005 0.008
1 0.261 0.294 0.004 0.007
1 0.245 0.292 0.004 0.008
1 0.232 0.291 0.006 0.009
1 0.222 0.298 0.005 0.008
1 0.229 0.309 0.006 0.009
1 0.245 0.311 0.005 0.008
1 0.283 0.318 0.005 0.008
1 0.267 0.315 0.006 0.008
1 0.209 0.307 0.006 0.01
1 0.195 0.303 0.006 0.009
1 0.193 0.275 0.006 0.009
1 0.178 0.295 0.005 0.007
1 0.166 0.294 0.005 0.009
1 0.152 0.292 0.004 0.008
1 0.141 0.25 0.005 0.008
1 0.148 0.262 0.006 0.008
1 0.248 0.242 0.004 0.009
1 0.251 0.22 0.004 0.008
1 0.132 0.265 0.006 0.009
1 0.119 0.287 0.005 0.009
1 0.089 0.263 0.006 0.01
1 0.069 0.266 0.006 0.009
1 0.055 0.262 0.005 0.007
1 0.069 0.231 0.004 0.009
1 0.091 0.225 0.006 0.008
1 0.101 0.209 0.005 0.007
1 0.133 0.283 0.005 0.005
1 0.064 0.245 0.005 0.008
1 0.082 0.182 0.004 0.008
1 0.102 0.184 0.004 0.009
1 0.089 0.193 0.005 0.009
1 0.083 0.214 0.005 0.01
1 0.11 0.182 0.004 0.009
1 0.107 0.164 0.004 0.008
1 0.003 0.239 0.004 0.009
1 0.016 0.253 0.004 0.009
1 0.005 0.204 0.004 0.008
1 0.124 0.163 0.003 0.005
1 0.086 0.162 0.003 0.007
1 0.019 0.238 0.004 0.008
1 0.032 0.207 0.004 0.01
1 0.017 0.208 0.005 0.008
1 0.005 0.174 0.004 0.008
1 0.041 0.176 0.004 0.007
1 0.04 0.192 0.005 0.009
1 0.02 0.191 0.005 0.008
1 0.054 0.172 0.004 0.008
1 0.061 0.16 0.004 0.007
1 0.042 0.161 0.004 0.007
1 0.058 0.188 0.004 0.007
1 0.024 0.159 0.003 0.008
1 0.005 0.161 0.004 0.009
1 0.068 0.141 0.004 0.007
1 0.087 0.144 0.002 0.007
1 0.1 0.145 0.003 0.008
1 0.12 0.143 0.003 0.008
1 0.113 0.127 0.003 0.007
1 0.08 0.127 0.005 0.009
1 0.066 0.125 0.004 0.008
1 0.042 0.222 0.003 0.007
1 0.134 0.145 0.004 0.009
1 0.144 0.132 0.003 0.008
1 0.124 0.099 0.004 0.008
1 0.018 0.112 0.005 0.01
1 0.037 0.111 0.004 0.009
1 0.185 0.149 0.005 0.009
1 0.195 0.132 0.004 0.008
1 0.165 0.081 0.004 0.008
1 0.142 0.096 0.004 0.007
1 0.116 0.11 0.004 0.009
1 0.146 0.12 0.006 0.01
1 0.111 0.094 0.005 0.01
1 0.458 0.079 0.005 0.007
1 0.408 0.077 0.004 0.008
1 0.602 0.072 0.004 0.007
1 0.213 0.115 0.003 0.007
1 0.215 0.085 0.004 0.007
1 0.244 0.17 0.004 0.007
1 0.256 0.176 0.004 0.008
1 0.235 0.15 0.005 0.008
1 0.227 0.152 0.005 0.008
1 0.304 0.153 0.004 0.009
1 0.292 0.153 0.007 0.012
1 0.246 0.085 0.005 0.009
1 0.269 0.069 0.004 0.005
1 0.253 0.068 0.003 0.004
1 0.237 0.07 0.003 0.005
1 0.216 0.208 0.006 0.013
1 0.046 0.124 0.004 0.007
1 0.054 0.14 0.005 0.007
1 0.039 0.14 0.004 0.007
1 0.021 0.143 0.004 0.005
