1 0.046 0.052 0.03 0.054
1 0.111 0.04 0.021 0.035
1 0.193 0.056 0.019 0.033
1 0.252 0.05 0.02 0.042
1 0.269 0.187 0.023 0.052
1 0.17 0.183 0.022 0.052
1 0.183 0.155 0.019 0.031
1 0.102 0.12 0.021 0.036
1 0.057 0.203 0.023 0.049
1 0.102 0.251 0.022 0.045
1 0.189 0.256 0.03 0.053
1 0.256 0.285 0.024 0.049
1 0.227 0.361 0.029 0.06
1 0.095 0.407 0.031 0.064
1 0.186 0.391 0.034 0.068
1 0.303 0.448 0.022 0.052
1 0.274 0.409 0.024 0.056
1 0.318 0.359 0.027 0.049
1 0.1 0.371 0.031 0.043
1 0.346 0.042 0.021 0.031
1 0.356 0.073 0.02 0.04
1 0.4 0.056 0.017 0.025
1 0.422 0.08 0.018 0.038
1 0.426 0.122 0.02 0.046
1 0.377 0.153 0.023 0.045
1 0.356 0.191 0.024 0.05
1 0.312 0.139 0.021 0.046
1 0.277 0.149 0.022 0.045
1 0.344 0.279 0.027 0.046
1 0.405 0.279 0.022 0.06
1 0.399 0.398 0.03 0.056
1 0.444 0.04 0.025 0.029
1 0.527 0.053 0.021 0.042
1 0.504 0.141 0.049 0.103
1 0.553 0.144 0.023 0.054
1 0.608 0.072 0.025 0.047
1 0.614 0.035 0.021 0.025
1 0.621 0.146 0.024 0.058
1 0.644 0.197 0.03 0.054
1 0.548 0.225 0.039 0.079
1 0.622 0.304 0.027 0.049
1 0.692 0.044 0.02 0.038
1 0.71 0.072 0.022 0.049
1 0.731 0.092 0.022 0.047
1 0.758 0.026 0.017 0.028
1 0.777 0.049 0.017 0.039
1 0.787 0.102 0.022 0.045
1 0.846 0.099 0.026 0.053
1 0.704 0.253 0.025 0.05
1 0.754 0.221 0.02 0.05
1 0.836 0.212 0.021 0.049
1 0.83 0.273 0.021 0.05
1 0.879 0.048 0.02 0.038
1 0.912 0.033 0.021 0.024
1 0.929 0.111 0.027 0.058
1 0.971 0.192 0.029 0.057
1 0.869 0.263 0.023 0.053
1 0.889 0.327 0.028 0.05
1 0.919 0.37 0.03 0.064
1 0.929 0.411 0.036 0.07
1 0.831 0.334 0.024 0.042
1 0.813 0.377 0.028 0.054
1 0.753 0.318 0.028 0.061
1 0.76 0.425 0.033 0.061
1 0.852 0.446 0.031 0.061
1 0.685 0.364 0.025 0.052
1 0.671 0.397 0.031 0.053
1 0.011 0.354 0.018 0.057
1 0.014 0.292 0.018 0.033
1 0.029 0.031 0.024 0.032
