1 0.347 0.178 0.032 0.045
1 0.422 0.243 0.031 0.052
1 0.619 0.267 0.035 0.081
1 0.593 0.404 0.03 0.043
1 0.77 0.405 0.024 0.041
1 0.013 0.475 0.023 0.047
1 0.044 0.752 0.009 0.014
1 0.011 0.844 0.007 0.015
1 0.002 0.842 0.004 0.015
1 0.048 0.841 0.005 0.011
1 0.053 0.85 0.005 0.01
1 0.062 0.829 0.004 0.005
1 0.057 0.82 0.004 0.007
1 0.064 0.807 0.003 0.008
1 0.067 0.852 0.005 0.008
1 0.072 0.864 0.004 0.007
1 0.087 0.846 0.006 0.011
1 0.1 0.87 0.005 0.012
1 0.128 0.869 0.005 0.01
1 0.13 0.848 0.005 0.011
1 0.115 0.845 0.006 0.011
1 0.106 0.844 0.005 0.008
1 0.148 0.849 0.005 0.008
1 0.165 0.866 0.004 0.008
1 0.174 0.855 0.004 0.008
1 0.217 0.847 0.004 0.007
1 0.234 0.848 0.004 0.008
1 0.242 0.842 0.004 0.011
1 0.262 0.851 0.005 0.01
1 0.257 0.848 0.004 0.011
1 0.271 0.852 0.006 0.011
1 0.283 0.858 0.005 0.01
1 0.289 0.85 0.006 0.011
1 0.312 0.85 0.006 0.01
1 0.303 0.85 0.005 0.008
1 0.296 0.853 0.004 0.01
1 0.393 0.847 0.005 0.012
1 0.402 0.843 0.005 0.012
1 0.423 0.846 0.005 0.011
1 0.438 0.831 0.005 0.008
1 0.448 0.844 0.007 0.012
1 0.453 0.84 0.005 0.012
1 0.464 0.844 0.007 0.014
1 0.47 0.835 0.004 0.01
1 0.428 0.822 0.006 0.011
1 0.477 0.835 0.007 0.011
1 0.486 0.836 0.005 0.01
1 0.499 0.846 0.005 0.015
1 0.556 0.834 0.007 0.011
1 0.574 0.831 0.006 0.012
1 0.585 0.832 0.008 0.015
1 0.609 0.828 0.008 0.015
1 0.64 0.826 0.007 0.014
1 0.637 0.809 0.004 0.01
1 0.585 0.815 0.004 0.011
1 0.75 0.774 0.006 0.011
1 0.752 0.767 0.006 0.011
1 0.736 0.767 0.004 0.011
1 0.739 0.778 0.006 0.01
1 0.724 0.815 0.008 0.014
1 0.749 0.811 0.008 0.014
1 0.744 0.831 0.008 0.012
1 0.762 0.816 0.009 0.014
1 0.754 0.8 0.007 0.012
1 0.776 0.805 0.008 0.018
1 0.787 0.814 0.008 0.018
1 0.805 0.816 0.008 0.015
1 0.798 0.813 0.006 0.014
1 0.771 0.824 0.006 0.014
1 0.759 0.846 0.008 0.014
1 0.76 0.753 0.006 0.011
1 0.759 0.765 0.003 0.005
1 0.742 0.744 0.005 0.01
1 0.75 0.746 0.003 0.007
1 0.72 0.801 0.005 0.008
1 0.724 0.781 0.005 0.007
1 0.863 0.726 0.008 0.015
1 0.891 0.728 0.014 0.023
1 0.871 0.807 0.009 0.018
1 0.923 0.719 0.006 0.011
1 0.946 0.751 0.004 0.01
1 0.948 0.737 0.004 0.014
1 0.926 0.752 0.007 0.012
1 0.903 0.739 0.006 0.012
1 0.909 0.734 0.006 0.011
1 0.936 0.791 0.01 0.022
1 0.922 0.82 0.009 0.016
1 0.95 0.799 0.014 0.021
1 0.962 0.735 0.006 0.014
1 0.969 0.752 0.006 0.011
1 0.982 0.719 0.004 0.01
1 0.987 0.73 0.008 0.014
1 0.985 0.742 0.007 0.014
1 0.986 0.794 0.012 0.021
1 0.976 0.794 0.007 0.014
1 0.941 0.693 0.005 0.008
1 0.939 0.705 0.004 0.008
1 0.962 0.721 0.007 0.01
1 0.941 0.678 0.005 0.008
1 0.97 0.662 0.005 0.01
1 0.099 0.855 0.005 0.01
1 0.071 0.845 0.006 0.008
