1 0.106 0.24 0.028 0.067
1 0.177 0.304 0.027 0.068
1 0.265 0.307 0.032 0.07
1 0.232 0.424 0.03 0.068
1 0.346 0.3 0.021 0.07
1 0.303 0.438 0.03 0.065
1 0.379 0.409 0.032 0.075
1 0.403 0.271 0.029 0.07
1 0.462 0.294 0.028 0.065
1 0.501 0.259 0.029 0.06
1 0.739 0.498 0.031 0.077
1 0.779 0.273 0.031 0.067
1 0.844 0.218 0.032 0.084
1 0.903 0.188 0.033 0.075
1 0.54 0.673 0.033 0.077
1 0.46 0.443 0.032 0.079
1 0.579 0.252 0.029 0.074
1 0.528 0.438 0.032 0.072
1 0.595 0.403 0.032 0.068
1 0.643 0.253 0.028 0.072
1 0.692 0.29 0.032 0.07
1 0.674 0.486 0.031 0.067
1 0.233 0.283 0.013 0.029
