1 0.075 0.357 0.024 0.043
1 0.153 0.376 0.019 0.035
1 0.134 0.456 0.021 0.039
1 0.215 0.452 0.019 0.038
1 0.283 0.448 0.02 0.036
1 0.292 0.361 0.017 0.033
1 0.28 0.282 0.019 0.035
1 0.339 0.29 0.018 0.029
1 0.359 0.351 0.016 0.033
1 0.354 0.452 0.02 0.036
1 0.422 0.45 0.018 0.03
1 0.43 0.36 0.02 0.035
1 0.397 0.294 0.015 0.026
1 0.457 0.289 0.016 0.031
1 0.521 0.287 0.016 0.03
1 0.499 0.334 0.018 0.038
1 0.576 0.285 0.017 0.035
1 0.568 0.337 0.018 0.034
1 0.63 0.282 0.016 0.033
1 0.64 0.327 0.02 0.033
1 0.678 0.292 0.017 0.029
1 0.733 0.285 0.017 0.033
1 0.711 0.336 0.02 0.031
1 0.769 0.327 0.018 0.03
1 0.821 0.345 0.019 0.026
1 0.86 0.335 0.02 0.033
1 0.896 0.334 0.02 0.03
1 0.493 0.449 0.021 0.036
1 0.574 0.444 0.019 0.034
1 0.644 0.429 0.021 0.035
1 0.718 0.43 0.018 0.033
1 0.777 0.424 0.016 0.03
1 0.217 0.363 0.018 0.03
