1 0.135 0.236 0.039 0.076
1 0.234 0.248 0.033 0.062
1 0.274 0.429 0.032 0.065
1 0.161 0.582 0.032 0.066
1 0.191 0.501 0.035 0.069
1 0.32 0.592 0.038 0.073
1 0.34 0.491 0.033 0.069
1 0.354 0.256 0.033 0.062
1 0.47 0.264 0.034 0.063
1 0.392 0.421 0.03 0.062
1 0.44 0.515 0.032 0.07
1 0.499 0.427 0.033 0.063
1 0.54 0.501 0.033 0.062
1 0.461 0.594 0.033 0.066
1 0.513 0.702 0.041 0.07
1 0.615 0.601 0.033 0.066
1 0.788 0.273 0.037 0.065
1 0.687 0.269 0.036 0.062
1 0.717 0.449 0.029 0.065
1 0.748 0.543 0.037 0.053
1 0.734 0.61 0.036 0.066
1 0.662 0.523 0.031 0.063
1 0.606 0.42 0.033 0.065
1 0.579 0.245 0.033 0.062
