1 0.133 0.404 0.028 0.048
1 0.22 0.302 0.018 0.052
1 0.351 0.279 0.019 0.038
1 0.374 0.354 0.03 0.053
1 0.492 0.3 0.02 0.04
1 0.439 0.298 0.014 0.035
1 0.118 0.327 0.017 0.026
1 0.591 0.34 0.028 0.066
1 0.569 0.297 0.03 0.047
1 0.701 0.329 0.028 0.052
1 0.673 0.296 0.017 0.027
1 0.742 0.391 0.026 0.055
1 0.866 0.363 0.032 0.049
1 0.854 0.294 0.02 0.036
1 0.759 0.303 0.021 0.042
1 0.732 0.292 0.021 0.038
1 0.71 0.253 0.015 0.038
1 0.887 0.273 0.015 0.022
1 0.956 0.295 0.017 0.03
1 0.469 0.258 0.016 0.029
1 0.024 0.29 0.016 0.035
1 0.374 0.274 0.014 0.027
1 0.6 0.29 0.014 0.016
1 0.806 0.286 0.013 0.021
1 0.949 0.409 0.015 0.026
1 0.883 0.334 0.014 0.025
