1 0.836 0.704 0.016 0.025
1 0.81 0.704 0.014 0.023
1 0.801 0.685 0.014 0.023
1 0.774 0.767 0.013 0.02
1 0.782 0.711 0.013 0.02
1 0.729 0.751 0.014 0.022
1 0.737 0.707 0.013 0.023
1 0.725 0.714 0.012 0.019
1 0.711 0.699 0.013 0.022
1 0.736 0.659 0.012 0.02
1 0.667 0.709 0.014 0.019
1 0.68 0.67 0.013 0.02
1 0.712 0.651 0.013 0.02
1 0.656 0.669 0.011 0.019
1 0.63 0.722 0.012 0.02
1 0.644 0.693 0.013 0.02
1 0.621 0.769 0.014 0.022
1 0.829 0.655 0.013 0.02
1 0.781 0.631 0.014 0.022
1 0.871 0.591 0.014 0.023
1 0.844 0.598 0.013 0.022
1 0.825 0.589 0.012 0.02
1 0.955 0.592 0.015 0.025
1 0.931 0.564 0.016 0.025
1 0.893 0.544 0.014 0.022
1 0.828 0.56 0.013 0.019
1 0.852 0.53 0.011 0.022
1 0.819 0.543 0.012 0.02
1 0.838 0.546 0.011 0.022
1 0.824 0.516 0.012 0.018
1 0.8 0.579 0.013 0.019
1 0.795 0.558 0.011 0.02
1 0.782 0.565 0.013 0.02
1 0.765 0.577 0.013 0.022
1 0.754 0.557 0.011 0.019
1 0.758 0.532 0.012 0.02
1 0.775 0.525 0.012 0.019
1 0.793 0.514 0.011 0.02
1 0.802 0.533 0.011 0.019
1 0.737 0.566 0.012 0.019
1 0.723 0.555 0.011 0.018
1 0.732 0.537 0.011 0.019
1 0.744 0.509 0.011 0.02
1 0.721 0.5 0.01 0.016
1 0.702 0.515 0.012 0.016
1 0.708 0.544 0.011 0.016
1 0.78 0.454 0.009 0.015
1 0.767 0.434 0.01 0.018
1 0.743 0.414 0.008 0.014
1 0.744 0.432 0.009 0.015
1 0.715 0.458 0.01 0.016
1 0.711 0.438 0.008 0.015
1 0.709 0.421 0.009 0.014
1 0.672 0.413 0.008 0.015
1 0.681 0.441 0.009 0.015
1 0.695 0.488 0.01 0.016
1 0.686 0.479 0.011 0.018
1 0.674 0.49 0.011 0.018
1 0.675 0.521 0.011 0.018
1 0.681 0.553 0.012 0.02
1 0.658 0.553 0.014 0.019
1 0.66 0.515 0.01 0.016
1 0.641 0.529 0.012 0.02
1 0.647 0.501 0.012 0.016
1 0.657 0.475 0.009 0.016
1 0.665 0.46 0.009 0.018
1 0.643 0.473 0.01 0.015
1 0.636 0.457 0.01 0.015
1 0.642 0.445 0.007 0.015
1 0.612 0.437 0.009 0.014
1 0.62 0.471 0.01 0.016
1 0.615 0.481 0.011 0.016
1 0.634 0.487 0.01 0.015
1 0.619 0.509 0.011 0.018
1 0.606 0.526 0.012 0.016
1 0.599 0.495 0.011 0.018
1 0.595 0.473 0.01 0.015
1 0.623 0.579 0.012 0.019
1 0.689 0.581 0.013 0.022
1 0.598 0.584 0.013 0.018
1 0.557 0.695 0.011 0.018
1 0.567 0.634 0.01 0.019
1 0.55 0.621 0.01 0.02
1 0.577 0.586 0.011 0.019
1 0.639 0.628 0.012 0.02
1 0.5 0.714 0.014 0.022
1 0.516 0.783 0.011 0.022
1 0.469 0.714 0.012 0.018
1 0.488 0.687 0.012 0.022
1 0.528 0.673 0.012 0.019
1 0.511 0.633 0.012 0.018
1 0.47 0.638 0.012 0.016
1 0.457 0.669 0.012 0.019
1 0.425 0.731 0.014 0.025
1 0.411 0.714 0.013 0.02
1 0.397 0.69 0.012 0.019
1 0.413 0.658 0.012 0.019
1 0.432 0.643 0.012 0.018
1 0.415 0.615 0.012 0.019
1 0.396 0.621 0.012 0.018
1 0.397 0.594 0.01 0.016
1 0.673 0.631 0.013 0.019
1 0.585 0.527 0.012 0.019
1 0.575 0.509 0.01 0.018
1 0.565 0.487 0.01 0.018
1 0.577 0.476 0.01 0.018
1 0.56 0.474 0.01 0.016
1 0.569 0.454 0.01 0.015
1 0.537 0.512 0.01 0.016
1 0.552 0.499 0.009 0.016
1 0.562 0.526 0.01 0.019
1 0.549 0.528 0.011 0.018
1 0.54 0.563 0.01 0.016
1 0.528 0.534 0.012 0.016
1 0.519 0.551 0.01 0.018
1 0.497 0.566 0.011 0.015
1 0.494 0.536 0.01 0.018
1 0.51 0.511 0.01 0.019
1 0.496 0.51 0.01 0.016
1 0.486 0.497 0.01 0.016
1 0.479 0.518 0.009 0.015
1 0.471 0.55 0.01 0.015
1 0.466 0.541 0.01 0.019
1 0.45 0.538 0.009 0.014
1 0.445 0.568 0.009 0.016
1 0.434 0.546 0.011 0.015
1 0.449 0.508 0.009 0.016
1 0.479 0.494 0.008 0.015
1 0.485 0.473 0.008 0.015
1 0.503 0.467 0.009 0.014
1 0.53 0.469 0.009 0.018
1 0.54 0.463 0.009 0.014
1 0.524 0.497 0.01 0.015
1 0.517 0.453 0.008 0.015
1 0.507 0.449 0.008 0.014
1 0.487 0.461 0.009 0.015
1 0.47 0.467 0.009 0.014
1 0.469 0.455 0.008 0.014
1 0.452 0.485 0.007 0.014
1 0.455 0.473 0.008 0.012
1 0.44 0.49 0.008 0.016
1 0.43 0.522 0.008 0.014
1 0.376 0.71 0.013 0.023
1 0.353 0.757 0.014 0.022
1 0.353 0.705 0.011 0.016
1 0.372 0.628 0.01 0.019
1 0.354 0.63 0.01 0.019
1 0.353 0.581 0.011 0.018
1 0.375 0.562 0.01 0.018
1 0.42 0.564 0.01 0.016
1 0.404 0.55 0.009 0.018
1 0.417 0.543 0.01 0.015
1 0.335 0.623 0.009 0.019
1 0.251 0.771 0.014 0.023
1 0.311 0.74 0.013 0.022
1 0.328 0.711 0.012 0.02
1 0.298 0.697 0.012 0.019
1 0.266 0.719 0.013 0.02
1 0.219 0.76 0.014 0.023
1 0.219 0.792 0.014 0.023
1 0.154 0.831 0.016 0.026
1 0.144 0.762 0.016 0.022
1 0.195 0.746 0.013 0.019
1 0.213 0.732 0.013 0.02
1 0.193 0.683 0.012 0.019
1 0.167 0.687 0.013 0.019
1 0.143 0.686 0.012 0.02
1 0.292 0.66 0.011 0.019
1 0.248 0.669 0.012 0.02
1 0.291 0.63 0.011 0.019
1 0.271 0.621 0.011 0.018
1 0.246 0.611 0.012 0.019
1 0.321 0.6 0.011 0.019
1 0.095 0.712 0.014 0.025
1 0.081 0.743 0.016 0.022
1 0.04 0.637 0.014 0.025
1 0.312 0.798 0.013 0.02
1 0.138 0.635 0.013 0.02
1 0.179 0.628 0.012 0.02
1 0.198 0.579 0.011 0.016
1 0.178 0.574 0.01 0.019
1 0.14 0.586 0.013 0.019
1 0.157 0.594 0.01 0.018
1 0.158 0.576 0.01 0.015
1 0.113 0.6 0.013 0.018
1 0.072 0.628 0.014 0.019
1 0.086 0.609 0.013 0.022
1 0.085 0.58 0.013 0.02
1 0.046 0.611 0.013 0.018
1 0.075 0.557 0.009 0.015
1 0.096 0.545 0.012 0.014
1 0.11 0.545 0.011 0.019
1 0.127 0.547 0.011 0.018
1 0.138 0.533 0.009 0.012
1 0.16 0.549 0.01 0.016
1 0.121 0.574 0.012 0.018
1 0.152 0.548 0.01 0.015
1 0.187 0.54 0.011 0.019
1 0.174 0.533 0.009 0.018
1 0.159 0.52 0.01 0.015
1 0.184 0.516 0.009 0.016
1 0.2 0.521 0.009 0.018
1 0.213 0.527 0.01 0.019
1 0.223 0.518 0.009 0.016
1 0.205 0.501 0.009 0.015
1 0.249 0.53 0.008 0.016
1 0.274 0.523 0.009 0.016
1 0.288 0.53 0.009 0.016
1 0.303 0.525 0.01 0.015
1 0.313 0.518 0.009 0.016
1 0.295 0.51 0.009 0.016
1 0.271 0.51 0.01 0.018
1 0.253 0.496 0.01 0.016
1 0.252 0.517 0.007 0.015
1 0.232 0.497 0.01 0.014
1 0.285 0.492 0.009 0.016
1 0.307 0.488 0.009 0.015
1 0.322 0.505 0.01 0.019
1 0.296 0.587 0.011 0.019
1 0.301 0.47 0.011 0.016
1 0.3 0.452 0.007 0.012
1 0.319 0.456 0.007 0.014
1 0.332 0.472 0.007 0.015
1 0.347 0.473 0.009 0.015
1 0.358 0.492 0.008 0.015
1 0.339 0.52 0.009 0.018
1 0.339 0.501 0.008 0.015
1 0.331 0.499 0.007 0.016
1 0.37 0.503 0.008 0.016
1 0.392 0.492 0.009 0.015
1 0.409 0.501 0.008 0.015
1 0.424 0.5 0.008 0.014
1 0.396 0.474 0.009 0.016
1 0.378 0.481 0.008 0.014
1 0.381 0.469 0.01 0.016
1 0.419 0.475 0.008 0.018
1 0.435 0.458 0.01 0.018
1 0.451 0.447 0.009 0.014
1 0.414 0.452 0.007 0.015
1 0.393 0.449 0.008 0.015
1 0.362 0.456 0.006 0.012
1 0.352 0.44 0.01 0.014
1 0.335 0.449 0.008 0.012
1 0.341 0.431 0.007 0.012
1 0.341 0.422 0.006 0.011
1 0.364 0.43 0.009 0.012
1 0.362 0.416 0.007 0.01
1 0.375 0.452 0.007 0.012
1 0.229 0.449 0.007 0.011
1 0.239 0.441 0.008 0.012
1 0.278 0.439 0.008 0.015
1 0.216 0.556 0.011 0.019
1 0.538 0.403 0.006 0.014
1 0.574 0.432 0.007 0.015
1 0.587 0.402 0.007 0.012
1 0.595 0.386 0.006 0.012
1 0.581 0.393 0.006 0.014
1 0.573 0.393 0.006 0.012
1 0.577 0.372 0.007 0.014
1 0.558 0.379 0.007 0.012
1 0.549 0.376 0.005 0.01
1 0.551 0.392 0.006 0.011
1 0.54 0.38 0.007 0.012
1 0.514 0.378 0.007 0.014
1 0.525 0.372 0.008 0.014
1 0.499 0.378 0.007 0.015
1 0.485 0.378 0.007 0.012
1 0.467 0.4 0.007 0.014
1 0.477 0.391 0.007 0.012
1 0.451 0.409 0.006 0.012
1 0.444 0.418 0.006 0.011
1 0.425 0.414 0.007 0.014
1 0.418 0.413 0.007 0.012
1 0.407 0.416 0.008 0.012
1 0.398 0.415 0.005 0.01
1 0.413 0.44 0.007 0.014
1 0.4 0.393 0.006 0.008
1 0.432 0.379 0.008 0.015
1 0.449 0.386 0.006 0.012
1 0.463 0.389 0.007 0.012
1 0.461 0.365 0.007 0.011
1 0.507 0.37 0.007 0.012
1 0.385 0.529 0.006 0.011
