1 0.198 0.398 0.013 0.026
1 0.206 0.355 0.009 0.019
1 0.235 0.34 0.008 0.017
1 0.26 0.32 0.008 0.019
1 0.272 0.409 0.011 0.023
1 0.31 0.468 0.013 0.03
1 0.355 0.457 0.012 0.024
1 0.39 0.478 0.011 0.019
1 0.449 0.505 0.012 0.021
1 0.301 0.318 0.01 0.017
1 0.325 0.411 0.009 0.017
1 0.347 0.414 0.01 0.026
1 0.335 0.345 0.009 0.017
1 0.357 0.352 0.01 0.021
1 0.395 0.429 0.008 0.021
1 0.44 0.406 0.009 0.024
1 0.483 0.427 0.01 0.021
1 0.386 0.354 0.01 0.021
1 0.401 0.361 0.011 0.021
1 0.393 0.326 0.008 0.016
1 0.403 0.327 0.007 0.016
1 0.415 0.352 0.008 0.019
1 0.424 0.319 0.007 0.012
1 0.45 0.353 0.009 0.016
1 0.432 0.345 0.007 0.017
1 0.463 0.288 0.008 0.021
1 0.485 0.305 0.008 0.016
1 0.483 0.351 0.008 0.017
1 0.457 0.345 0.008 0.014
1 0.818 0.459 0.009 0.023
1 0.786 0.451 0.01 0.023
1 0.743 0.478 0.011 0.019
1 0.704 0.457 0.011 0.021
1 0.707 0.375 0.008 0.014
1 0.686 0.369 0.009 0.023
1 0.667 0.366 0.007 0.017
1 0.649 0.359 0.007 0.021
1 0.63 0.316 0.009 0.017
1 0.591 0.285 0.007 0.017
1 0.58 0.336 0.008 0.012
1 0.624 0.366 0.007 0.014
1 0.637 0.576 0.011 0.017
1 0.607 0.489 0.011 0.019
1 0.571 0.57 0.01 0.019
1 0.523 0.559 0.011 0.024
1 0.536 0.411 0.009 0.016
1 0.56 0.42 0.006 0.014
1 0.512 0.401 0.007 0.021
1 0.526 0.397 0.009 0.016
1 0.538 0.355 0.006 0.012
1 0.549 0.336 0.006 0.012
1 0.532 0.276 0.008 0.014
1 0.509 0.356 0.007 0.017
1 0.507 0.335 0.007 0.014
1 0.882 0.511 0.01 0.019
1 0.584 0.466 0.007 0.012
1 0.619 0.394 0.009 0.021
