1 0.622 0.841 0.039 0.07
1 0.541 0.672 0.015 0.029
1 0.158 0.779 0.029 0.038
1 0.24 0.587 0.012 0.022
1 0.206 0.612 0.008 0.013
1 0.397 0.633 0.012 0.018
1 0.845 0.614 0.016 0.025
1 0.96 0.659 0.022 0.039
1 0.763 0.594 0.01 0.016
1 0.728 0.592 0.01 0.02
1 0.696 0.582 0.017 0.026
1 0.743 0.577 0.009 0.013
1 0.901 0.592 0.007 0.01
1 0.931 0.585 0.007 0.01
1 0.876 0.583 0.007 0.01
1 0.839 0.574 0.008 0.013
1 0.872 0.555 0.006 0.009
1 0.984 0.571 0.007 0.012
1 0.675 0.594 0.005 0.008
1 0.789 0.596 0.011 0.012
1 0.491 0.59 0.01 0.017
1 0.792 0.656 0.032 0.047
1 0.268 0.59 0.01 0.017
1 0.355 0.764 0.015 0.029
1 0.064 0.766 0.028 0.056
