1 0.416 0.41 0.015 0.034
1 0.551 0.361 0.014 0.036
1 0.613 0.38 0.016 0.031
1 0.663 0.365 0.014 0.033
1 0.716 0.373 0.014 0.033
1 0.77 0.382 0.014 0.028
1 0.833 0.424 0.017 0.031
1 0.868 0.383 0.013 0.027
1 0.05 0.818 0.016 0.031
1 0.354 0.883 0.018 0.03
1 0.385 0.899 0.011 0.03
1 0.947 0.919 0.025 0.059
1 0.925 0.844 0.021 0.039
1 0.942 0.833 0.016 0.036
1 0.67 0.965 0.026 0.061
1 0.724 0.874 0.018 0.036
1 0.593 0.844 0.014 0.036
1 0.636 0.853 0.015 0.028
1 0.757 0.806 0.01 0.022
1 0.543 0.843 0.013 0.033
1 0.723 0.828 0.011 0.028
1 0.761 0.909 0.014 0.038
1 0.138 0.803 0.013 0.031
1 0.135 0.977 0.03 0.047
1 0.289 0.845 0.017 0.034
