1 0.421 0.694 0.036 0.062
1 0.578 0.762 0.033 0.066
1 0.72 0.705 0.012 0.035
1 0.918 0.733 0.02 0.034
1 0.76 0.542 0.009 0.018
1 0.512 0.551 0.014 0.026
1 0.478 0.491 0.012 0.018
1 0.528 0.486 0.007 0.013
1 0.476 0.419 0.005 0.009
1 0.52 0.399 0.004 0.007
1 0.539 0.398 0.003 0.004
1 0.689 0.469 0.007 0.013
1 0.223 0.45 0.006 0.012
1 0.245 0.485 0.007 0.012
1 0.264 0.464 0.006 0.012
1 0.639 0.226 0.004 0.007
1 0.912 0.393 0.006 0.009
1 0.358 0.388 0.003 0.003
1 0.379 0.388 0.006 0.005
1 0.585 0.226 0.005 0.007
1 0.185 0.417 0.005 0.009
1 0.515 0.669 0.018 0.031
1 0.862 0.605 0.016 0.034
1 0.952 0.624 0.014 0.031
1 0.616 0.446 0.008 0.014
1 0.444 0.398 0.004 0.007
