1 0.076 0.215 0.033 0.059
1 0.128 0.258 0.041 0.079
1 0.204 0.215 0.037 0.07
1 0.228 0.171 0.029 0.057
1 0.271 0.212 0.035 0.061
1 0.322 0.204 0.028 0.067
1 0.244 0.307 0.037 0.078
1 0.331 0.323 0.038 0.081
1 0.363 0.211 0.032 0.064
1 0.425 0.204 0.031 0.056
1 0.53 0.18 0.027 0.061
1 0.505 0.32 0.034 0.063
1 0.434 0.346 0.034 0.07
1 0.087 0.423 0.04 0.067
1 0.175 0.474 0.044 0.079
1 0.289 0.473 0.036 0.073
1 0.397 0.458 0.039 0.083
1 0.61 0.212 0.031 0.066
1 0.603 0.297 0.035 0.07
1 0.655 0.327 0.035 0.073
1 0.501 0.503 0.039 0.078
1 0.604 0.478 0.038 0.075
1 0.704 0.158 0.031 0.061
1 0.817 0.222 0.032 0.063
1 0.731 0.321 0.03 0.069
1 0.821 0.323 0.038 0.072
1 0.892 0.321 0.042 0.082
1 0.689 0.49 0.036 0.075
1 0.77 0.483 0.039 0.07
1 0.859 0.47 0.039 0.073
