1 0.382 0.319 0.018 0.032
1 0.454 0.355 0.019 0.037
1 0.468 0.348 0.017 0.035
1 0.476 0.364 0.013 0.031
1 0.508 0.367 0.015 0.035
1 0.541 0.365 0.032 0.069
1 0.589 0.358 0.016 0.034
1 0.6 0.362 0.014 0.034
1 0.643 0.373 0.017 0.032
1 0.658 0.367 0.014 0.029
1 0.691 0.384 0.016 0.028
1 0.7 0.36 0.016 0.032
1 0.079 0.313 0.021 0.035
1 0.136 0.326 0.021 0.04
1 0.148 0.324 0.016 0.034
1 0.196 0.332 0.02 0.034
1 0.205 0.321 0.017 0.032
1 0.231 0.339 0.021 0.04
1 0.26 0.344 0.022 0.044
1 0.263 0.324 0.015 0.029
1 0.317 0.348 0.02 0.037
1 0.317 0.332 0.019 0.032
1 0.35 0.337 0.018 0.031
1 0.378 0.367 0.018 0.035
1 0.396 0.356 0.017 0.032
