1 0.376 0.134 0.008 0.011
1 0.345 0.261 0.008 0.014
1 0.563 0.23 0.01 0.013
1 0.614 0.228 0.01 0.013
1 0.685 0.268 0.01 0.014
1 0.693 0.176 0.01 0.015
1 0.64 0.157 0.012 0.014
1 0.607 0.188 0.01 0.014
1 0.579 0.194 0.01 0.013
1 0.597 0.215 0.007 0.011
1 0.649 0.208 0.009 0.011
1 0.636 0.187 0.007 0.007
1 0.621 0.172 0.008 0.008
1 0.665 0.222 0.01 0.009
1 0.631 0.258 0.01 0.008
1 0.642 0.292 0.011 0.016
1 0.723 0.35 0.01 0.015
1 0.581 0.303 0.011 0.013
1 0.583 0.269 0.007 0.01
1 0.663 0.33 0.013 0.011
1 0.703 0.25 0.009 0.009
1 0.764 0.186 0.007 0.011
1 0.441 0.125 0.013 0.012
1 0.488 0.155 0.014 0.015
1 0.459 0.181 0.01 0.01
1 0.427 0.221 0.01 0.013
1 0.401 0.255 0.009 0.013
1 0.339 0.556 0.01 0.014
1 0.324 0.629 0.01 0.013
1 0.297 0.618 0.013 0.012
1 0.292 0.652 0.012 0.016
1 0.269 0.648 0.01 0.011
1 0.419 0.679 0.014 0.016
1 0.397 0.663 0.01 0.016
1 0.421 0.66 0.01 0.014
1 0.312 0.52 0.014 0.015
1 0.343 0.684 0.01 0.018
1 0.372 0.67 0.009 0.017
1 0.779 0.431 0.013 0.015
1 0.567 0.433 0.012 0.015
1 0.554 0.448 0.01 0.015
1 0.549 0.474 0.012 0.018
1 0.579 0.453 0.011 0.016
1 0.579 0.47 0.015 0.017
1 0.62 0.477 0.013 0.017
1 0.374 0.246 0.01 0.013
1 0.374 0.222 0.011 0.012
1 0.335 0.214 0.012 0.013
1 0.4 0.142 0.009 0.012
1 0.38 0.117 0.013 0.013
1 0.552 0.653 0.014 0.018
1 0.534 0.612 0.015 0.017
1 0.484 0.642 0.011 0.017
1 0.499 0.587 0.01 0.021
1 0.493 0.677 0.016 0.02
1 0.475 0.701 0.013 0.012
1 0.505 0.757 0.011 0.014
1 0.53 0.736 0.015 0.015
1 0.523 0.715 0.015 0.019
1 0.566 0.723 0.012 0.017
1 0.622 0.753 0.011 0.015
1 0.661 0.732 0.014 0.013
1 0.657 0.7 0.012 0.016
1 0.638 0.653 0.012 0.017
1 0.725 0.642 0.015 0.012
1 0.691 0.69 0.012 0.015
1 0.697 0.73 0.008 0.013
1 0.697 0.706 0.012 0.015
1 0.616 0.636 0.012 0.022
1 0.762 0.551 0.01 0.019
1 0.461 0.715 0.008 0.018
1 0.456 0.624 0.01 0.019
1 0.315 0.285 0.012 0.012
1 0.647 0.481 0.011 0.016
1 0.667 0.465 0.012 0.014
1 0.704 0.521 0.012 0.012
1 0.668 0.514 0.011 0.017
1 0.64 0.525 0.016 0.02
1 0.603 0.501 0.015 0.017
1 0.604 0.704 0.015 0.019
1 0.682 0.644 0.015 0.021
1 0.597 0.631 0.014 0.021
1 0.675 0.787 0.013 0.015
1 0.567 0.725 0.014 0.021
1 0.399 0.491 0.011 0.016
1 0.49 0.612 0.011 0.015
1 0.417 0.283 0.011 0.014
1 0.721 0.202 0.006 0.008
1 0.692 0.193 0.007 0.008
1 0.737 0.264 0.006 0.007
1 0.723 0.311 0.01 0.013
1 0.51 0.206 0.009 0.012
1 0.492 0.226 0.009 0.01
1 0.441 0.241 0.011 0.012
1 0.428 0.266 0.01 0.013
1 0.477 0.246 0.011 0.012
1 0.466 0.268 0.009 0.012
1 0.492 0.265 0.009 0.013
1 0.401 0.301 0.01 0.013
1 0.386 0.28 0.011 0.011
1 0.364 0.301 0.011 0.01
1 0.38 0.261 0.01 0.011
1 0.316 0.502 0.014 0.014
1 0.271 0.551 0.01 0.019
1 0.28 0.568 0.012 0.012
1 0.259 0.59 0.013 0.017
1 0.232 0.676 0.013 0.015
1 0.313 0.603 0.011 0.012
1 0.571 0.492 0.012 0.015
1 0.527 0.492 0.01 0.017
1 0.531 0.515 0.01 0.018
1 0.572 0.54 0.011 0.019
1 0.589 0.523 0.012 0.015
1 0.543 0.536 0.01 0.017
1 0.57 0.566 0.013 0.018
1 0.608 0.545 0.015 0.021
1 0.636 0.576 0.012 0.012
1 0.665 0.595 0.014 0.015
1 0.71 0.588 0.014 0.015
1 0.739 0.569 0.012 0.011
1 0.709 0.544 0.014 0.015
1 0.543 0.628 0.01 0.02
1 0.583 0.609 0.013 0.016
1 0.597 0.585 0.012 0.016
1 0.677 0.664 0.014 0.017
1 0.299 0.28 0.009 0.019
1 0.711 0.339 0.013 0.015
1 0.648 0.265 0.012 0.012
1 0.753 0.236 0.013 0.015
1 0.619 0.204 0.011 0.012
1 0.624 0.775 0.015 0.017
1 0.594 0.768 0.015 0.015
1 0.43 0.428 0.013 0.014
1 0.443 0.412 0.009 0.013
1 0.476 0.419 0.01 0.012
1 0.504 0.424 0.014 0.01
1 0.481 0.446 0.011 0.015
1 0.504 0.467 0.008 0.01
1 0.513 0.451 0.009 0.011
1 0.436 0.521 0.01 0.016
1 0.461 0.513 0.01 0.012
1 0.433 0.481 0.012 0.015
1 0.494 0.514 0.006 0.016
1 0.417 0.554 0.015 0.017
1 0.397 0.55 0.013 0.017
1 0.449 0.58 0.011 0.015
1 0.402 0.594 0.01 0.012
1 0.355 0.598 0.018 0.013
1 0.389 0.618 0.014 0.013
1 0.438 0.645 0.016 0.017
1 0.359 0.65 0.014 0.015
1 0.315 0.672 0.012 0.015
1 0.303 0.699 0.012 0.015
1 0.343 0.713 0.014 0.016
1 0.388 0.709 0.012 0.015
1 0.415 0.579 0.013 0.013
1 0.716 0.459 0.015 0.015
1 0.757 0.501 0.009 0.012
1 0.769 0.482 0.015 0.013
1 0.727 0.497 0.014 0.015
1 0.438 0.293 0.008 0.01
1 0.403 0.173 0.01 0.008
1 0.417 0.158 0.007 0.009
1 0.465 0.144 0.006 0.011
1 0.588 0.239 0.01 0.013
1 0.551 0.26 0.01 0.011
1 0.773 0.219 0.009 0.012
1 0.312 0.436 0.01 0.012
1 0.355 0.42 0.013 0.012
1 0.332 0.416 0.013 0.01
1 0.376 0.403 0.011 0.015
1 0.396 0.408 0.012 0.015
1 0.397 0.432 0.011 0.012
1 0.357 0.445 0.012 0.015
1 0.363 0.467 0.013 0.018
1 0.316 0.458 0.01 0.015
1 0.307 0.483 0.011 0.013
1 0.559 0.675 0.013 0.018
1 0.579 0.65 0.01 0.017
1 0.61 0.675 0.011 0.017
1 0.528 0.692 0.017 0.019
1 0.511 0.643 0.012 0.016
1 0.739 0.173 0.009 0.008
1 0.621 0.326 0.009 0.011
1 0.361 0.277 0.01 0.01
1 0.363 0.194 0.01 0.01
1 0.339 0.189 0.009 0.011
1 0.361 0.155 0.007 0.013
1 0.438 0.144 0.008 0.012
1 0.489 0.188 0.01 0.012
1 0.677 0.763 0.014 0.015
1 0.686 0.561 0.012 0.015
1 0.389 0.451 0.011 0.014
1 0.347 0.512 0.012 0.014
1 0.397 0.514 0.011 0.012
1 0.31 0.555 0.01 0.012
1 0.29 0.537 0.012 0.014
1 0.278 0.52 0.009 0.015
1 0.724 0.238 0.01 0.012
1 0.605 0.146 0.01 0.011
