1 0.893 0.623 0.018 0.031
1 0.815 0.604 0.018 0.031
1 0.779 0.559 0.017 0.029
1 0.759 0.519 0.015 0.025
1 0.714 0.48 0.012 0.018
1 0.682 0.531 0.012 0.022
1 0.74 0.64 0.018 0.04
1 0.669 0.604 0.017 0.029
1 0.608 0.653 0.02 0.034
1 0.643 0.555 0.018 0.026
1 0.606 0.494 0.012 0.019
1 0.556 0.542 0.014 0.021
1 0.523 0.573 0.016 0.025
1 0.491 0.62 0.019 0.032
1 0.502 0.485 0.013 0.021
1 0.455 0.541 0.014 0.022
1 0.408 0.562 0.014 0.023
1 0.409 0.668 0.021 0.032
1 0.355 0.609 0.016 0.032
1 0.379 0.505 0.014 0.023
1 0.323 0.553 0.016 0.022
1 0.283 0.63 0.02 0.026
1 0.274 0.509 0.014 0.019
1 0.222 0.561 0.018 0.023
1 0.178 0.492 0.015 0.021
1 0.102 0.521 0.016 0.026
1 0.147 0.651 0.02 0.035
