1 0.79 0.324 0.012 0.048
1 0.849 0.227 0.012 0.038
1 0.937 0.251 0.008 0.02
1 0.692 0.265 0.006 0.028
1 0.664 0.261 0.007 0.02
1 0.658 0.305 0.007 0.025
1 0.617 0.343 0.007 0.03
1 0.704 0.302 0.006 0.03
1 0.496 0.301 0.009 0.028
1 0.534 0.284 0.005 0.036
1 0.553 0.231 0.006 0.02
1 0.581 0.269 0.006 0.025
1 0.469 0.312 0.011 0.03
1 0.457 0.246 0.009 0.025
1 0.421 0.279 0.009 0.041
1 0.355 0.258 0.009 0.028
1 0.385 0.246 0.009 0.03
1 0.256 0.25 0.012 0.038
1 0.306 0.269 0.008 0.02
1 0.296 0.305 0.008 0.03
1 0.199 0.286 0.006 0.028
1 0.169 0.246 0.013 0.041
1 0.177 0.268 0.009 0.033
1 0.024 0.321 0.02 0.053
1 0.564 0.275 0.008 0.018
1 0.363 0.27 0.007 0.013
