1 0.126 0.69 0.018 0.04
1 0.103 0.613 0.014 0.032
1 0.206 0.491 0.009 0.023
1 0.214 0.476 0.013 0.029
1 0.25 0.421 0.012 0.019
1 0.416 0.553 0.01 0.025
1 0.397 0.734 0.017 0.04
1 0.584 0.872 0.026 0.035
1 0.56 0.784 0.02 0.039
1 0.604 0.31 0.01 0.019
1 0.68 0.382 0.015 0.023
1 0.628 0.28 0.007 0.014
1 0.621 0.277 0.006 0.02
1 0.072 0.745 0.016 0.039
1 0.435 0.423 0.01 0.02
1 0.242 0.447 0.006 0.013
1 0.23 0.444 0.013 0.02
1 0.385 0.687 0.019 0.035
1 0.454 0.58 0.016 0.035
1 0.461 0.497 0.01 0.03
1 0.199 0.716 0.021 0.033
