0 0.080968 0.621870 0.075125 0.065109
0 0.126043 0.219533 0.048414 0.071786
0 0.167780 0.197830 0.051753 0.051753
0 0.323873 0.194491 0.043406 0.068447
0 0.420701 0.192821 0.090150 0.078464
0 0.576795 0.106845 0.088481 0.093489
0 0.741235 0.117696 0.090150 0.078464
0 0.884808 0.126878 0.073456 0.093489
0 0.531720 0.677796 0.075125 0.086811
0 0.377295 0.670284 0.123539 0.088481
0 0.592654 0.652755 0.070117 0.080134
0 0.799666 0.682805 0.043406 0.070117
0 0.848080 0.623539 0.060100 0.071786
0 0.885643 0.656093 0.075125 0.106845
