1 0.661 0.478 0.015 0.032
1 0.606 0.447 0.014 0.027
1 0.719 0.386 0.013 0.026
1 0.634 0.355 0.014 0.028
1 0.735 0.289 0.012 0.02
1 0.699 0.288 0.01 0.017
1 0.691 0.278 0.009 0.016
1 0.721 0.309 0.012 0.019
1 0.67 0.258 0.009 0.013
1 0.656 0.249 0.008 0.015
1 0.574 0.353 0.012 0.024
1 0.556 0.289 0.011 0.019
1 0.615 0.213 0.007 0.012
1 0.589 0.188 0.006 0.011
1 0.505 0.303 0.011 0.02
1 0.547 0.205 0.007 0.013
1 0.318 0.187 0.007 0.011
1 0.299 0.205 0.007 0.013
1 0.206 0.226 0.007 0.012
1 0.144 0.299 0.01 0.019
1 0.101 0.315 0.011 0.016
1 0.096 0.367 0.014 0.026
1 0.117 0.41 0.014 0.023
1 0.021 0.442 0.014 0.027
1 0.065 0.447 0.012 0.024
1 0.13 0.454 0.014 0.031
1 0.076 0.548 0.018 0.031
1 0.054 0.569 0.02 0.04
1 0.621 0.695 0.015 0.042
1 0.955 0.011 0.014 0.021
1 0.894 0.256 0.008 0.013
1 0.666 0.026 0.006 0.011
1 0.683 0.026 0.007 0.013
1 0.796 0.021 0.011 0.016
1 0.852 0.021 0.014 0.026
1 0.886 0.015 0.015 0.021
1 0.93 0.931 0.038 0.074
1 0.905 0.766 0.02 0.05
1 0.833 0.438 0.018 0.027
1 0.783 0.459 0.017 0.03
1 0.835 0.383 0.015 0.032
1 0.8 0.391 0.015 0.026
1 0.823 0.354 0.01 0.02
1 0.757 0.371 0.014 0.026
1 0.773 0.33 0.012 0.02
1 0.644 0.206 0.008 0.012
1 0.505 0.202 0.006 0.012
1 0.585 0.399 0.012 0.023
1 0.661 0.326 0.011 0.02
1 0.68 0.352 0.012 0.026
1 0.671 0.334 0.011 0.02
1 0.183 0.326 0.012 0.017
1 0.162 0.338 0.016 0.023
1 0.144 0.337 0.011 0.021
1 0.018 0.489 0.012 0.026
1 0.522 0.212 0.007 0.011
1 0.536 0.228 0.01 0.02
1 0.594 0.333 0.01 0.019
1 0.629 0.302 0.01 0.016
1 0.677 0.393 0.013 0.019
1 0.764 0.316 0.01 0.017
1 0.773 0.285 0.011 0.021
1 0.578 0.206 0.006 0.012
1 0.575 0.242 0.009 0.011
1 0.629 0.262 0.008 0.012
1 0.621 0.238 0.007 0.011
1 0.513 0.281 0.009 0.012
1 0.804 0.579 0.025 0.042
1 0.875 0.542 0.026 0.034
1 0.649 0.287 0.011 0.019
