1 0.842 0.651 0.078 0.133
1 0.812 0.588 0.047 0.127
1 0.724 0.541 0.041 0.086
1 0.094 0.57 0.092 0.186
1 0.275 0.518 0.066 0.111
1 0.34 0.452 0.049 0.085
1 0.189 0.594 0.041 0.083
1 0.298 0.964 0.105 0.051
1 0.086 0.381 0.053 0.079
1 0.069 0.326 0.042 0.078
1 0.23 0.359 0.046 0.081
1 0.287 0.345 0.039 0.069
1 0.396 0.307 0.033 0.057
1 0.112 0.265 0.038 0.07
1 0.057 0.232 0.027 0.045
1 0.242 0.234 0.017 0.05
1 0.545 0.131 0.023 0.051
1 0.371 0.285 0.032 0.051
1 0.31 0.675 0.066 0.102
1 0.248 0.186 0.023 0.047
1 0.34 0.198 0.017 0.035
1 0.321 0.205 0.019 0.044
