1 0.867 0.542 0.037 0.079
1 0.51 0.533 0.036 0.07
1 0.4 0.576 0.031 0.062
1 0.498 0.426 0.018 0.035
1 0.542 0.406 0.018 0.035
1 0.191 0.662 0.063 0.086
1 0.218 0.624 0.028 0.067
1 0.235 0.603 0.033 0.068
1 0.429 0.472 0.021 0.033
1 0.377 0.363 0.014 0.024
1 0.29 0.463 0.021 0.049
1 0.054 0.699 0.085 0.099
1 0.146 0.876 0.071 0.147
1 0.205 0.791 0.042 0.1
1 0.333 0.854 0.067 0.121
1 0.571 0.75 0.063 0.127
1 0.547 0.626 0.035 0.059
1 0.937 0.425 0.027 0.049
1 0.905 0.442 0.026 0.049
1 0.948 0.608 0.047 0.079
1 0.838 0.716 0.047 0.091
1 0.567 0.5 0.026 0.053
1 0.677 0.486 0.03 0.053
1 0.778 0.445 0.028 0.052
1 0.814 0.472 0.03 0.049
1 0.912 0.503 0.031 0.056
1 0.925 0.856 0.053 0.118
1 0.613 0.599 0.03 0.053
1 0.586 0.44 0.023 0.046
1 0.615 0.454 0.022 0.042
1 0.679 0.596 0.053 0.086
1 0.824 0.43 0.023 0.047
1 0.754 0.382 0.015 0.026
1 0.576 0.385 0.015 0.032
1 0.652 0.429 0.017 0.041
1 0.586 0.357 0.011 0.023
1 0.136 0.509 0.02 0.05
1 0.278 0.373 0.011 0.021
1 0.209 0.543 0.031 0.061
1 0.712 0.555 0.044 0.074
1 0.411 0.354 0.015 0.02
1 0.471 0.44 0.021 0.036
1 0.251 0.407 0.013 0.023
1 0.533 0.498 0.022 0.059
1 0.479 0.499 0.016 0.055
1 0.33 0.366 0.012 0.023
1 0.555 0.4 0.016 0.038
1 0.241 0.369 0.017 0.027
1 0.191 0.469 0.026 0.036
1 0.145 0.437 0.019 0.039
1 0.62 0.512 0.021 0.041
1 0.849 0.429 0.02 0.042
