1 0.143 0.704 0.04 0.051
1 0.01 0.595 0.02 0.04
1 0.276 0.595 0.029 0.042
1 0.307 0.558 0.022 0.041
1 0.331 0.646 0.028 0.05
1 0.346 0.599 0.023 0.047
1 0.376 0.63 0.023 0.044
1 0.506 0.826 0.042 0.091
1 0.362 0.474 0.015 0.031
1 0.439 0.484 0.016 0.031
1 0.376 0.527 0.02 0.035
1 0.505 0.734 0.051 0.078
1 0.391 0.406 0.012 0.022
1 0.416 0.431 0.011 0.022
1 0.295 0.443 0.016 0.022
1 0.37 0.43 0.012 0.023
1 0.453 0.44 0.014 0.022
1 0.252 0.48 0.021 0.032
1 0.351 0.53 0.016 0.029
1 0.47 0.418 0.012 0.019
1 0.574 0.392 0.013 0.019
1 0.667 0.69 0.042 0.064
1 0.654 0.467 0.017 0.032
1 0.755 0.503 0.025 0.037
1 0.7 0.611 0.032 0.061
1 0.573 0.565 0.022 0.05
1 0.617 0.572 0.018 0.044
1 0.694 0.414 0.013 0.026
1 0.835 0.474 0.024 0.042
1 0.833 0.44 0.018 0.025
1 0.64 0.448 0.017 0.029
1 0.708 0.519 0.022 0.037
1 0.532 0.454 0.01 0.018
1 0.527 0.414 0.015 0.022
1 0.976 0.478 0.03 0.037
1 0.891 0.542 0.021 0.041
1 0.906 0.605 0.031 0.051
1 0.403 0.974 0.047 0.051
1 0.207 0.501 0.016 0.031
1 0.311 0.411 0.011 0.019
1 0.107 0.745 0.024 0.047
1 0.206 0.69 0.023 0.063
1 0.08 0.562 0.02 0.032
1 0.09 0.599 0.021 0.05
1 0.635 0.383 0.01 0.019
1 0.497 0.388 0.008 0.012
1 0.594 0.504 0.018 0.04
1 0.975 0.357 0.01 0.018
1 0.401 0.507 0.015 0.026
1 0.458 0.592 0.013 0.029
1 0.452 0.474 0.013 0.026
1 0.294 0.479 0.011 0.023
1 0.277 0.52 0.014 0.029
1 0.235 0.551 0.015 0.031
