1 0.47 0.34 0.021 0.042
1 0.952 0.372 0.018 0.049
1 0.954 0.534 0.025 0.059
1 0.702 0.677 0.009 0.017
1 0.719 0.663 0.01 0.014
1 0.851 0.684 0.01 0.012
1 0.271 0.772 0.013 0.021
1 0.539 0.858 0.011 0.015
1 0.542 0.811 0.011 0.019
1 0.429 0.634 0.014 0.023
1 0.468 0.667 0.008 0.013
1 0.78 0.673 0.01 0.018
1 0.986 0.448 0.027 0.077
1 0.986 0.359 0.027 0.059
1 0.25 0.635 0.008 0.018
1 0.308 0.641 0.01 0.019
1 0.812 0.409 0.034 0.048
1 0.827 0.641 0.01 0.014
1 0.865 0.688 0.008 0.008
1 0.872 0.686 0.006 0.01
1 0.826 0.688 0.013 0.015
1 0.039 0.526 0.004 0.008
1 0.044 0.526 0.003 0.007
1 0.034 0.521 0.004 0.007
