1 0.239 0.586 0.024 0.059
1 0.34 0.58 0.021 0.043
1 0.316 0.549 0.021 0.04
1 0.447 0.565 0.018 0.028
1 0.535 0.567 0.009 0.012
1 0.562 0.576 0.008 0.015
1 0.55 0.567 0.007 0.009
1 0.596 0.584 0.01 0.019
1 0.525 0.588 0.006 0.015
1 0.636 0.568 0.015 0.032
1 0.7 0.578 0.01 0.013
1 0.732 0.585 0.009 0.013
1 0.794 0.598 0.013 0.027
1 0.799 0.571 0.016 0.028
1 0.775 0.589 0.009 0.015
1 0.844 0.553 0.017 0.046
1 0.946 0.579 0.011 0.018
1 0.92 0.568 0.006 0.01
1 0.982 0.56 0.009 0.015
1 0.79 0.569 0.01 0.016
1 0.512 0.56 0.011 0.016
1 0.729 0.557 0.006 0.01
1 0.779 0.536 0.004 0.006
1 0.772 0.546 0.005 0.012
1 0.669 0.571 0.012 0.024
