1 0.29 0.593 0.051 0.125
1 0.056 0.703 0.078 0.144
1 0.149 0.563 0.048 0.135
1 0.237 0.415 0.037 0.096
1 0.21 0.304 0.039 0.1
1 0.159 0.324 0.039 0.087
1 0.073 0.266 0.041 0.094
1 0.039 0.394 0.045 0.092
1 0.14 0.433 0.047 0.108
1 0.393 0.238 0.052 0.158
1 0.533 0.334 0.041 0.094
1 0.493 0.431 0.042 0.092
1 0.464 0.47 0.035 0.102
1 0.496 0.318 0.031 0.087
1 0.625 0.312 0.032 0.085
1 0.624 0.377 0.033 0.085
1 0.681 0.414 0.046 0.113
1 0.686 0.288 0.033 0.081
1 0.735 0.3 0.037 0.088
1 0.728 0.441 0.044 0.094
1 0.764 0.333 0.044 0.177
1 0.89 0.352 0.044 0.1
1 0.924 0.46 0.053 0.108
1 0.989 0.337 0.021 0.096
1 0.314 0.334 0.029 0.09
