1 0.88 0.538 0.029 0.045
1 0.157 0.328 0.017 0.03
1 0.212 0.324 0.017 0.026
1 0.2 0.284 0.015 0.028
1 0.137 0.287 0.016 0.022
1 0.078 0.324 0.019 0.031
1 0.02 0.328 0.015 0.023
1 0.076 0.295 0.016 0.03
1 0.018 0.289 0.02 0.026
1 0.069 0.267 0.017 0.025
1 0.172 0.285 0.017 0.022
1 0.248 0.242 0.018 0.027
1 0.138 0.135 0.017 0.032
1 0.095 0.134 0.015 0.026
1 0.053 0.209 0.015 0.028
1 0.12 0.093 0.014 0.026
1 0.103 0.091 0.015 0.019
1 0.008 0.091 0.014 0.027
1 0.004 0.169 0.009 0.03
1 0.02 0.204 0.011 0.026
1 0.038 0.13 0.014 0.023
1 0.069 0.093 0.014 0.026
1 0.158 0.066 0.014 0.026
1 0.201 0.074 0.015 0.025
1 0.177 0.173 0.013 0.021
1 0.184 0.204 0.016 0.026
1 0.196 0.143 0.014 0.025
1 0.233 0.167 0.013 0.025
1 0.089 0.021 0.016 0.023
1 0.054 0.014 0.014 0.019
1 0.25 0.032 0.013 0.023
1 0.259 0.061 0.013 0.026
1 0.286 0.032 0.015 0.023
1 0.299 0.067 0.013 0.028
1 0.288 0.103 0.016 0.025
1 0.24 0.138 0.014 0.023
1 0.296 0.144 0.018 0.027
1 0.294 0.171 0.015 0.03
1 0.64 0.074 0.015 0.026
1 0.671 0.132 0.013 0.023
1 0.696 0.157 0.014 0.027
1 0.671 0.239 0.018 0.031
1 0.716 0.122 0.017 0.027
1 0.696 0.084 0.015 0.026
1 0.681 0.032 0.017 0.03
1 0.661 0.011 0.015 0.022
1 0.709 0.01 0.016 0.019
1 0.726 0.046 0.017 0.027
1 0.741 0.085 0.013 0.027
1 0.737 0.147 0.018 0.028
1 0.72 0.232 0.018 0.03
1 0.697 0.269 0.018 0.028
1 0.744 0.189 0.015 0.028
1 0.706 0.319 0.018 0.028
1 0.74 0.323 0.018 0.026
1 0.779 0.272 0.018 0.03
1 0.796 0.23 0.018 0.028
1 0.828 0.214 0.016 0.027
1 0.855 0.189 0.016 0.025
1 0.836 0.152 0.015 0.028
1 0.786 0.146 0.017 0.028
1 0.909 0.149 0.017 0.034
1 0.917 0.185 0.018 0.034
1 0.949 0.149 0.014 0.026
1 0.871 0.04 0.015 0.026
1 0.819 0.037 0.015 0.026
1 0.771 0.04 0.014 0.026
1 0.248 0.21 0.016 0.03
1 0.3 0.211 0.015 0.025
1 0.266 0.29 0.018 0.027
1 0.305 0.277 0.018 0.032
1 0.298 0.251 0.015 0.028
1 0.263 0.326 0.017 0.028
1 0.376 0.328 0.016 0.03
1 0.432 0.312 0.019 0.032
1 0.417 0.275 0.016 0.031
1 0.367 0.277 0.021 0.03
1 0.36 0.204 0.017 0.028
1 0.401 0.206 0.017 0.03
1 0.454 0.239 0.017 0.031
1 0.451 0.213 0.016 0.028
1 0.431 0.174 0.015 0.023
1 0.393 0.171 0.017 0.028
1 0.34 0.169 0.018 0.03
1 0.175 0.026 0.011 0.025
1 0.194 0.025 0.014 0.023
1 0.331 0.127 0.014 0.03
1 0.352 0.094 0.015 0.025
1 0.349 0.064 0.013 0.022
1 0.38 0.021 0.015 0.022
1 0.402 0.091 0.014 0.022
1 0.419 0.135 0.013 0.025
1 0.448 0.09 0.015 0.025
1 0.448 0.05 0.016 0.025
1 0.44 0.017 0.013 0.025
1 0.468 0.12 0.015 0.028
1 0.486 0.159 0.016 0.028
1 0.477 0.017 0.014 0.025
1 0.49 0.043 0.014 0.031
1 0.497 0.198 0.014 0.023
1 0.508 0.242 0.018 0.023
1 0.562 0.279 0.016 0.031
1 0.595 0.319 0.019 0.026
1 0.572 0.241 0.018 0.027
1 0.557 0.199 0.015 0.026
1 0.529 0.128 0.017 0.026
1 0.586 0.156 0.013 0.027
1 0.595 0.193 0.017 0.032
1 0.602 0.241 0.015 0.025
1 0.624 0.269 0.02 0.025
1 0.636 0.158 0.014 0.023
1 0.619 0.124 0.015 0.021
1 0.579 0.123 0.013 0.027
1 0.508 0.091 0.016 0.03
1 0.53 0.05 0.014 0.028
1 0.526 0.012 0.015 0.025
1 0.583 0.043 0.016 0.027
1 0.567 0.012 0.015 0.025
1 0.623 0.04 0.015 0.023
1 0.6 0.1 0.015 0.019
1 0.546 0.09 0.014 0.023
