1 0.051 0.423 0.032 0.06
1 0.076 0.407 0.032 0.06
1 0.333 0.43 0.032 0.057
1 0.299 0.421 0.029 0.053
1 0.435 0.423 0.03 0.065
1 0.462 0.389 0.028 0.051
1 0.403 0.401 0.029 0.056
1 0.559 0.425 0.022 0.07
1 0.621 0.448 0.024 0.051
1 0.694 0.41 0.031 0.052
1 0.792 0.448 0.027 0.053
1 0.736 0.46 0.025 0.055
1 0.89 0.446 0.029 0.06
1 0.941 0.454 0.013 0.043
1 0.951 0.473 0.019 0.046
1 0.988 0.462 0.021 0.04
1 0.159 0.328 0.011 0.018
1 0.153 0.291 0.01 0.02
1 0.243 0.307 0.007 0.013
1 0.228 0.333 0.014 0.018
1 0.372 0.293 0.013 0.017
1 0.379 0.267 0.008 0.014
1 0.411 0.271 0.014 0.022
1 0.402 0.322 0.01 0.018
1 0.341 0.369 0.01 0.018
1 0.432 0.296 0.012 0.021
1 0.491 0.353 0.011 0.014
1 0.135 0.241 0.013 0.017
1 0.302 0.345 0.012 0.018
1 0.463 0.332 0.011 0.018
1 0.536 0.218 0.01 0.013
1 0.652 0.324 0.01 0.021
1 0.791 0.36 0.012 0.016
1 0.783 0.386 0.017 0.021
1 0.762 0.362 0.013 0.023
1 0.847 0.355 0.01 0.021
1 0.893 0.352 0.011 0.022
1 0.947 0.3 0.009 0.013
1 0.921 0.347 0.015 0.022
1 0.983 0.336 0.011 0.018
1 0.435 0.267 0.012 0.014
1 0.015 0.241 0.012 0.016
