1 0.066 0.411 0.011 0.02
1 0.274 0.418 0.009 0.013
1 0.221 0.379 0.007 0.01
1 0.829 0.4 0.006 0.012
1 0.163 0.156 0.023 0.034
1 0.495 0.13 0.025 0.043
1 0.569 0.415 0.01 0.017
1 0.591 0.395 0.009 0.014
1 0.569 0.377 0.007 0.012
1 0.625 0.391 0.009 0.016
1 0.772 0.425 0.009 0.014
1 0.817 0.415 0.012 0.018
1 0.753 0.402 0.01 0.014
1 0.777 0.402 0.009 0.014
1 0.727 0.398 0.009 0.013
1 0.843 0.408 0.01 0.014
1 0.046 0.421 0.015 0.027
1 0.092 0.405 0.011 0.021
1 0.188 0.365 0.006 0.012
1 0.169 0.36 0.007 0.012
1 0.151 0.365 0.007 0.013
1 0.211 0.388 0.009 0.016
1 0.239 0.392 0.006 0.01
1 0.229 0.366 0.007 0.013
1 0.319 0.403 0.009 0.014
1 0.377 0.409 0.011 0.016
1 0.405 0.402 0.01 0.017
1 0.421 0.421 0.009 0.013
1 0.446 0.408 0.01 0.018
1 0.475 0.409 0.012 0.018
1 0.487 0.4 0.01 0.016
1 0.534 0.403 0.011 0.017
1 0.464 0.398 0.009 0.018
1 0.466 0.387 0.007 0.01
1 0.677 0.384 0.005 0.008
1 0.679 0.399 0.01 0.012
1 0.722 0.382 0.006 0.01
1 0.718 0.392 0.005 0.008
1 0.88 0.408 0.008 0.01
1 0.902 0.372 0.008 0.013
1 0.85 0.389 0.007 0.012
