1 0.095 0.312 0.056 0.098
1 0.153 0.274 0.049 0.096
1 0.182 0.233 0.04 0.082
1 0.207 0.26 0.027 0.054
1 0.256 0.252 0.024 0.058
1 0.311 0.233 0.066 0.111
1 0.415 0.258 0.027 0.054
1 0.468 0.295 0.049 0.087
1 0.484 0.206 0.044 0.08
1 0.562 0.245 0.036 0.068
1 0.568 0.191 0.047 0.08
1 0.687 0.231 0.031 0.057
1 0.743 0.166 0.046 0.093
1 0.793 0.213 0.038 0.071
1 0.841 0.228 0.035 0.06
1 0.835 0.164 0.025 0.039
1 0.927 0.171 0.029 0.071
1 0.95 0.162 0.051 0.089
1 0.993 0.159 0.015 0.057
1 0.061 0.279 0.054 0.084
