1 0.988 0.215 0.024 0.046
1 0.967 0.058 0.045 0.066
1 0.902 0.072 0.041 0.061
1 0.914 0.194 0.059 0.104
1 0.963 0.182 0.027 0.049
1 0.819 0.068 0.03 0.058
1 0.843 0.168 0.054 0.104
1 0.769 0.093 0.036 0.065
1 0.798 0.205 0.045 0.063
1 0.667 0.09 0.062 0.11
1 0.574 0.018 0.034 0.036
1 0.591 0.081 0.039 0.059
1 0.459 0.104 0.053 0.086
1 0.521 0.116 0.046 0.088
1 0.489 0.019 0.035 0.037
1 0.436 0.017 0.031 0.035
1 0.459 0.236 0.058 0.075
1 0.376 0.016 0.035 0.032
1 0.28 0.031 0.044 0.063
1 0.314 0.058 0.044 0.054
1 0.314 0.141 0.044 0.083
1 0.268 0.161 0.053 0.092
1 0.187 0.173 0.042 0.064
1 0.205 0.02 0.039 0.04
1 0.141 0.035 0.031 0.056
1 0.115 0.066 0.039 0.055
1 0.135 0.145 0.044 0.09
1 0.045 0.137 0.055 0.084
1 0.653 0.448 0.04 0.068
1 0.369 0.445 0.008 0.015
