1 0.008 0.263 0.016 0.03
1 0.086 0.239 0.012 0.021
1 0.103 0.27 0.017 0.033
1 0.196 0.228 0.013 0.021
1 0.218 0.265 0.02 0.022
1 0.274 0.265 0.015 0.019
1 0.281 0.222 0.01 0.019
1 0.32 0.253 0.014 0.017
1 0.353 0.211 0.012 0.021
1 0.335 0.268 0.013 0.021
1 0.408 0.269 0.014 0.022
1 0.496 0.244 0.014 0.025
1 0.554 0.258 0.014 0.028
1 0.63 0.242 0.016 0.028
1 0.692 0.248 0.021 0.03
1 0.735 0.252 0.017 0.025
1 0.756 0.249 0.018 0.029
1 0.828 0.244 0.017 0.032
1 0.889 0.262 0.02 0.035
1 0.96 0.229 0.018 0.036
1 0.996 0.265 0.008 0.032
1 0.931 0.175 0.013 0.018
1 0.281 0.279 0.012 0.021
1 0.373 0.45 0.039 0.036
