1 0.065 0.324 0.087 0.124
1 0.146 0.355 0.061 0.104
1 0.094 0.1 0.03 0.063
1 0.135 0.159 0.039 0.051
1 0.176 0.176 0.029 0.05
1 0.241 0.26 0.045 0.113
1 0.326 0.296 0.079 0.179
1 0.277 0.151 0.031 0.061
1 0.335 0.14 0.028 0.057
1 0.323 0.079 0.034 0.061
1 0.434 0.145 0.025 0.056
1 0.458 0.137 0.022 0.048
1 0.442 0.207 0.022 0.048
1 0.399 0.277 0.056 0.114
1 0.455 0.321 0.062 0.124
1 0.54 0.138 0.025 0.059
1 0.568 0.253 0.03 0.07
1 0.611 0.089 0.032 0.07
1 0.651 0.222 0.038 0.066
1 0.721 0.158 0.023 0.047
1 0.854 0.184 0.027 0.061
1 0.637 0.365 0.065 0.129
1 0.804 0.375 0.061 0.132
1 0.917 0.37 0.061 0.126
1 0.955 0.425 0.075 0.151
1 0.49 0.677 0.091 0.16
1 0.69 0.766 0.08 0.167
1 0.853 0.69 0.078 0.148
