1 0.028 0.366 0.028 0.052
1 0.005 0.348 0.01 0.027
1 0.046 0.38 0.013 0.027
1 0.091 0.338 0.016 0.031
1 0.171 0.28 0.022 0.062
1 0.188 0.348 0.02 0.044
1 0.238 0.345 0.019 0.062
1 0.284 0.363 0.019 0.045
1 0.324 0.374 0.028 0.067
1 0.419 0.359 0.035 0.067
1 0.323 0.311 0.011 0.022
1 0.337 0.328 0.011 0.016
1 0.263 0.343 0.013 0.036
1 0.456 0.174 0.008 0.017
1 0.468 0.162 0.007 0.014
1 0.542 0.134 0.007 0.016
1 0.585 0.13 0.008 0.016
1 0.631 0.098 0.008 0.017
1 0.649 0.093 0.008 0.014
1 0.458 0.386 0.021 0.034
1 0.485 0.397 0.022 0.041
1 0.515 0.402 0.021 0.031
1 0.552 0.366 0.03 0.069
1 0.587 0.411 0.02 0.05
1 0.57 0.377 0.016 0.031
1 0.648 0.403 0.024 0.047
1 0.664 0.463 0.024 0.055
1 0.691 0.491 0.03 0.059
1 0.702 0.453 0.021 0.041
1 0.715 0.432 0.018 0.033
1 0.739 0.413 0.025 0.047
1 0.614 0.423 0.018 0.038
1 0.813 0.396 0.029 0.064
1 0.787 0.404 0.017 0.036
1 0.851 0.379 0.011 0.02
1 0.97 0.366 0.014 0.027
1 0.887 0.392 0.011 0.028
1 0.891 0.452 0.017 0.033
1 0.867 0.39 0.011 0.027
1 0.825 0.338 0.005 0.013
