1 0.011 0.024 0.016 0.048
1 0.106 0.052 0.044 0.104
1 0.087 0.128 0.053 0.1
1 0.114 0.278 0.057 0.133
1 0.158 0.197 0.046 0.113
1 0.182 0.167 0.042 0.098
1 0.262 0.305 0.051 0.136
1 0.286 0.164 0.052 0.109
1 0.336 0.124 0.036 0.116
1 0.287 0.044 0.051 0.089
1 0.407 0.198 0.048 0.101
1 0.446 0.051 0.04 0.103
1 0.348 0.361 0.053 0.125
1 0.613 0.118 0.041 0.098
1 0.76 0.079 0.031 0.089
1 0.454 0.196 0.039 0.075
1 0.519 0.256 0.036 0.074
1 0.589 0.192 0.038 0.081
1 0.457 0.368 0.05 0.115
1 0.55 0.351 0.048 0.113
1 0.597 0.28 0.043 0.092
1 0.628 0.282 0.036 0.115
1 0.635 0.393 0.04 0.104
1 0.829 0.025 0.026 0.05
1 0.794 0.41 0.045 0.078
1 0.892 0.03 0.021 0.054
1 0.971 0.045 0.031 0.072
1 0.938 0.222 0.041 0.086
1 0.898 0.373 0.045 0.106
1 0.837 0.357 0.046 0.11
1 0.076 0.594 0.061 0.134
1 0.251 0.633 0.055 0.133
1 0.262 0.587 0.05 0.118
1 0.392 0.623 0.057 0.151
1 0.421 0.659 0.037 0.112
1 0.681 0.437 0.046 0.101
1 0.541 0.646 0.047 0.116
1 0.683 0.621 0.061 0.127
1 0.801 0.52 0.051 0.122
1 0.879 0.615 0.053 0.124
1 0.906 0.524 0.053 0.089
