1 0.005 0.054 0.008 0.028
1 0.027 0.092 0.015 0.026
1 0.041 0.065 0.015 0.024
1 0.062 0.129 0.015 0.024
1 0.004 0.12 0.006 0.018
1 0.018 0.157 0.016 0.024
1 0.079 0.201 0.017 0.028
1 0.097 0.164 0.013 0.021
1 0.082 0.107 0.016 0.024
1 0.104 0.058 0.015 0.024
1 0.125 0.121 0.016 0.024
1 0.134 0.089 0.015 0.025
1 0.154 0.056 0.014 0.026
1 0.195 0.063 0.014 0.023
1 0.19 0.09 0.014 0.023
1 0.139 0.156 0.016 0.025
1 0.142 0.195 0.017 0.021
1 0.21 0.166 0.03 0.045
1 0.261 0.061 0.018 0.024
1 0.281 0.064 0.014 0.023
1 0.264 0.164 0.015 0.018
1 0.329 0.072 0.012 0.021
1 0.326 0.101 0.014 0.021
1 0.302 0.134 0.016 0.02
1 0.323 0.196 0.017 0.026
1 0.34 0.174 0.017 0.023
1 0.379 0.201 0.016 0.028
1 0.377 0.129 0.014 0.016
1 0.374 0.092 0.013 0.016
1 0.401 0.072 0.015 0.019
1 0.398 0.1 0.015 0.023
1 0.423 0.136 0.016 0.021
1 0.436 0.163 0.016 0.023
1 0.434 0.206 0.017 0.024
1 0.029 0.273 0.016 0.021
1 0.092 0.257 0.019 0.03
1 0.011 0.338 0.016 0.029
1 0.029 0.384 0.019 0.028
1 0.069 0.349 0.013 0.025
1 0.112 0.341 0.018 0.029
1 0.169 0.329 0.019 0.025
1 0.101 0.385 0.019 0.023
1 0.102 0.42 0.02 0.031
1 0.153 0.388 0.018 0.029
1 0.153 0.435 0.017 0.029
1 0.13 0.469 0.02 0.034
1 0.071 0.471 0.02 0.028
1 0.011 0.467 0.017 0.031
1 0.198 0.418 0.019 0.031
1 0.188 0.477 0.02 0.03
1 0.231 0.386 0.035 0.051
1 0.279 0.346 0.018 0.029
1 0.272 0.384 0.019 0.028
1 0.297 0.43 0.02 0.03
1 0.296 0.47 0.019 0.034
1 0.044 0.519 0.018 0.038
1 0.102 0.513 0.021 0.034
1 0.081 0.58 0.021 0.04
1 0.078 0.666 0.028 0.056
1 0.132 0.629 0.019 0.035
1 0.148 0.575 0.02 0.026
1 0.175 0.559 0.02 0.024
1 0.21 0.745 0.016 0.051
1 0.226 0.719 0.018 0.023
1 0.249 0.731 0.035 0.028
1 0.315 0.749 0.032 0.05
1 0.29 0.518 0.018 0.034
1 0.324 0.531 0.019 0.03
1 0.354 0.478 0.016 0.03
1 0.358 0.528 0.017 0.028
1 0.343 0.578 0.016 0.026
1 0.389 0.62 0.021 0.03
1 0.397 0.531 0.019 0.03
1 0.403 0.485 0.016 0.026
1 0.428 0.579 0.016 0.026
1 0.398 0.778 0.024 0.048
1 0.423 0.731 0.032 0.045
1 0.422 0.701 0.019 0.035
1 0.476 0.76 0.034 0.059
1 0.344 0.423 0.019 0.029
1 0.355 0.396 0.02 0.033
1 0.387 0.434 0.019 0.028
1 0.379 0.303 0.019 0.029
1 0.418 0.311 0.016 0.029
1 0.446 0.357 0.016 0.026
1 0.441 0.482 0.016 0.031
1 0.477 0.412 0.029 0.05
1 0.488 0.368 0.018 0.028
1 0.494 0.336 0.019 0.029
1 0.593 0.376 0.018 0.03
1 0.541 0.149 0.03 0.051
1 0.606 0.142 0.015 0.025
1 0.615 0.174 0.016 0.026
1 0.635 0.111 0.015 0.024
1 0.632 0.215 0.016 0.024
1 0.528 0.624 0.016 0.029
1 0.606 0.699 0.02 0.025
1 0.601 0.755 0.033 0.054
1 0.688 0.696 0.024 0.045
1 0.724 0.748 0.022 0.031
1 0.627 0.036 0.014 0.023
1 0.638 0.078 0.016 0.025
1 0.672 0.104 0.012 0.024
1 0.679 0.161 0.018 0.026
1 0.69 0.211 0.015 0.026
1 0.705 0.13 0.017 0.023
1 0.681 0.068 0.014 0.026
1 0.727 0.104 0.016 0.024
1 0.743 0.063 0.015 0.025
1 0.736 0.142 0.015 0.024
1 0.742 0.177 0.016 0.023
1 0.777 0.134 0.015 0.029
1 0.782 0.096 0.015 0.026
1 0.792 0.065 0.015 0.025
1 0.852 0.065 0.014 0.024
1 0.892 0.095 0.015 0.023
1 0.903 0.063 0.015 0.025
1 0.836 0.152 0.029 0.048
1 0.853 0.172 0.012 0.023
1 0.907 0.178 0.014 0.024
1 0.873 0.23 0.016 0.023
1 0.905 0.128 0.015 0.028
1 0.963 0.018 0.012 0.025
1 0.949 0.098 0.015 0.028
1 0.973 0.129 0.018 0.023
1 0.997 0.122 0.007 0.019
1 0.962 0.191 0.015 0.021
1 0.937 0.227 0.014 0.015
1 0.995 0.229 0.009 0.021
1 0.624 0.391 0.031 0.056
1 0.641 0.353 0.014 0.026
1 0.698 0.388 0.019 0.028
1 0.702 0.424 0.019 0.028
1 0.695 0.474 0.019 0.024
1 0.747 0.422 0.016 0.024
1 0.827 0.382 0.028 0.046
1 0.75 0.476 0.016 0.025
1 0.693 0.517 0.019 0.033
1 0.689 0.557 0.022 0.03
1 0.875 0.467 0.021 0.03
1 0.853 0.516 0.014 0.029
1 0.88 0.561 0.017 0.029
1 0.903 0.413 0.019 0.03
1 0.915 0.466 0.017 0.029
1 0.953 0.462 0.018 0.026
1 0.914 0.514 0.019 0.031
1 0.932 0.518 0.019 0.029
1 0.925 0.561 0.019 0.03
1 0.89 0.608 0.021 0.034
1 0.924 0.617 0.021 0.029
1 0.935 0.662 0.023 0.034
1 0.957 0.565 0.019 0.033
1 0.965 0.612 0.021 0.031
1 0.99 0.681 0.019 0.03
1 0.74 0.565 0.012 0.026
1 0.747 0.614 0.019 0.033
1 0.794 0.639 0.019 0.028
1 0.853 0.621 0.014 0.03
1 0.86 0.598 0.015 0.028
1 0.876 0.688 0.02 0.031
1 0.875 0.731 0.036 0.043
1 0.776 0.75 0.026 0.044
1 0.778 0.722 0.029 0.034
1 0.261 0.21 0.019 0.023
1 0.381 0.162 0.017 0.021
1 0.203 0.63 0.023 0.035
1 0.169 0.732 0.034 0.044
1 0.027 0.203 0.015 0.025
1 0.82 0.093 0.015 0.019
1 0.602 0.606 0.018 0.033
