1 0.374 0.269 0.032 0.068
1 0.826 0.037 0.029 0.051
1 0.591 0.336 0.036 0.068
1 0.596 0.088 0.025 0.047
1 0.625 0.16 0.034 0.049
1 0.672 0.164 0.034 0.051
1 0.706 0.399 0.034 0.051
1 0.736 0.319 0.027 0.046
1 0.735 0.518 0.036 0.069
1 0.793 0.492 0.039 0.078
1 0.792 0.409 0.033 0.066
1 0.824 0.204 0.033 0.056
1 0.95 0.351 0.032 0.065
1 0.912 0.134 0.029 0.057
1 0.958 0.089 0.024 0.048
1 0.895 0.059 0.024 0.042
1 0.478 0.386 0.035 0.064
1 0.466 0.318 0.032 0.038
1 0.569 0.422 0.036 0.061
1 0.011 0.866 0.021 0.094
1 0.139 0.814 0.049 0.101
1 0.335 0.866 0.049 0.094
1 0.412 0.861 0.063 0.12
1 0.521 0.694 0.052 0.101
1 0.526 0.947 0.044 0.105
1 0.688 0.942 0.052 0.103
1 0.662 0.681 0.053 0.111
1 0.937 0.809 0.049 0.088
1 0.625 0.521 0.033 0.059
1 0.946 0.695 0.043 0.09
1 0.298 0.447 0.037 0.087
1 0.516 0.581 0.045 0.079
1 0.7 0.453 0.035 0.061
1 0.499 0.163 0.035 0.06
1 0.86 0.464 0.032 0.066
1 0.901 0.557 0.039 0.06
1 0.989 0.28 0.022 0.059
1 0.989 0.119 0.021 0.038
1 0.178 0.317 0.039 0.073
1 0.086 0.023 0.03 0.046
1 0.176 0.027 0.024 0.042
1 0.172 0.161 0.03 0.052
1 0.228 0.054 0.03 0.059
1 0.281 0.25 0.035 0.064
1 0.327 0.081 0.025 0.046
1 0.019 0.189 0.032 0.059
1 0.08 0.384 0.038 0.057
1 0.132 0.281 0.034 0.052
1 0.153 0.226 0.029 0.04
1 0.018 0.646 0.032 0.091
1 0.101 0.503 0.041 0.087
1 0.146 0.611 0.047 0.078
1 0.352 0.648 0.061 0.105
1 0.399 0.524 0.043 0.068
1 0.428 0.64 0.042 0.074
1 0.411 0.707 0.031 0.048
1 0.257 0.035 0.032 0.049
1 0.41 0.067 0.024 0.059
1 0.315 0.238 0.022 0.044
1 0.402 0.187 0.027 0.044
1 0.527 0.053 0.026 0.043
1 0.667 0.023 0.034 0.047
1 0.512 0.017 0.029 0.034
1 0.092 0.865 0.037 0.056
