1 0.079 0.014 0.022 0.028
1 0.075 0.07 0.031 0.067
1 0.059 0.164 0.022 0.058
1 0.023 0.284 0.034 0.08
1 0.12 0.336 0.049 0.115
1 0.16 0.276 0.042 0.081
1 0.145 0.152 0.029 0.075
1 0.188 0.114 0.022 0.05
1 0.14 0.034 0.027 0.052
1 0.198 0.021 0.015 0.032
1 0.263 0.021 0.03 0.041
1 0.269 0.094 0.036 0.063
1 0.336 0.106 0.021 0.044
1 0.299 0.136 0.017 0.034
1 0.297 0.236 0.03 0.057
1 0.349 0.333 0.039 0.084
1 0.322 0.375 0.039 0.058
1 0.031 0.466 0.059 0.136
1 0.205 0.463 0.061 0.107
1 0.067 0.657 0.062 0.136
1 0.157 0.953 0.081 0.089
1 0.451 0.348 0.036 0.084
1 0.364 0.532 0.051 0.11
1 0.469 0.631 0.066 0.142
1 0.372 0.018 0.025 0.032
1 0.523 0.016 0.016 0.029
1 0.418 0.244 0.037 0.075
1 0.508 0.277 0.026 0.055
1 0.555 0.099 0.025 0.063
1 0.578 0.059 0.019 0.05
1 0.562 0.044 0.014 0.037
1 0.599 0.021 0.015 0.037
1 0.61 0.066 0.027 0.043
1 0.592 0.227 0.036 0.066
1 0.573 0.274 0.025 0.061
1 0.398 0.018 0.017 0.034
1 0.73 0.062 0.021 0.041
1 0.714 0.086 0.023 0.04
1 0.692 0.144 0.023 0.044
1 0.83 0.143 0.025 0.05
1 0.811 0.179 0.023 0.052
1 0.692 0.3 0.038 0.084
1 0.75 0.301 0.022 0.049
1 0.857 0.367 0.037 0.083
1 0.884 0.311 0.034 0.075
1 0.672 0.41 0.041 0.086
1 0.557 0.57 0.06 0.096
1 0.897 0.509 0.046 0.095
1 0.933 0.649 0.036 0.102
1 0.608 0.917 0.072 0.15
1 0.604 0.541 0.043 0.087
1 0.891 0.176 0.028 0.052
1 0.923 0.179 0.023 0.052
1 0.965 0.14 0.019 0.038
1 0.93 0.085 0.021 0.044
1 0.971 0.092 0.015 0.031
1 0.946 0.07 0.018 0.038
1 0.902 0.052 0.018 0.034
1 0.897 0.102 0.019 0.043
1 0.73 0.136 0.026 0.052
1 0.654 0.054 0.023 0.035
1 0.489 0.027 0.023 0.044
1 0.17 0.105 0.026 0.057
1 0.44 0.226 0.03 0.069
1 0.555 0.181 0.027 0.054
1 0.958 0.936 0.063 0.128
1 0.904 0.781 0.05 0.096
1 0.991 0.718 0.018 0.121
