1 0.569 0.581 0.03 0.058
1 0.348 0.297 0.015 0.033
1 0.375 0.352 0.019 0.035
1 0.41 0.436 0.021 0.041
1 0.38 0.531 0.025 0.049
1 0.438 0.519 0.023 0.049
1 0.487 0.604 0.023 0.057
1 0.504 0.507 0.021 0.051
1 0.332 0.294 0.017 0.032
1 0.632 0.392 0.021 0.038
1 0.675 0.387 0.021 0.036
1 0.627 0.294 0.013 0.028
1 0.573 0.222 0.012 0.025
1 0.669 0.349 0.015 0.026
1 0.503 0.377 0.014 0.022
1 0.01 0.707 0.02 0.074
1 0.081 0.686 0.041 0.067
1 0.247 0.821 0.033 0.081
1 0.338 0.789 0.042 0.074
1 0.461 0.762 0.032 0.074
1 0.572 0.753 0.027 0.055
1 0.173 0.238 0.016 0.032
1 0.227 0.253 0.017 0.029
1 0.613 0.21 0.011 0.031
1 0.659 0.243 0.014 0.028
1 0.701 0.301 0.012 0.026
1 0.714 0.36 0.014 0.031
1 0.745 0.395 0.019 0.039
1 0.745 0.302 0.013 0.033
1 0.768 0.344 0.016 0.032
1 0.784 0.392 0.021 0.033
1 0.809 0.333 0.014 0.029
1 0.79 0.299 0.015 0.029
1 0.689 0.217 0.014 0.022
1 0.728 0.222 0.012 0.022
1 0.749 0.245 0.012 0.022
1 0.771 0.22 0.012 0.025
1 0.231 0.517 0.026 0.054
1 0.241 0.431 0.024 0.042
1 0.242 0.31 0.02 0.035
1 0.479 0.356 0.018 0.029
1 0.495 0.255 0.014 0.031
1 0.536 0.289 0.017 0.026
1 0.536 0.221 0.014 0.029
1 0.579 0.388 0.019 0.038
1 0.563 0.505 0.024 0.042
1 0.274 0.245 0.016 0.025
1 0.32 0.246 0.017 0.032
1 0.34 0.216 0.015 0.031
1 0.379 0.246 0.017 0.031
1 0.396 0.294 0.018 0.036
1 0.436 0.302 0.015 0.032
1 0.438 0.25 0.016 0.032
1 0.083 0.341 0.024 0.039
1 0.08 0.544 0.034 0.065
1 0.484 0.213 0.015 0.028
1 0.265 0.352 0.019 0.041
1 0.33 0.505 0.028 0.054
1 0.307 0.426 0.021 0.041
1 0.353 0.44 0.021 0.041
1 0.136 0.288 0.021 0.035
1 0.072 0.253 0.021 0.035
1 0.06 0.282 0.022 0.041
1 0.12 0.154 0.017 0.035
1 0.146 0.209 0.014 0.035
1 0.199 0.209 0.015 0.029
1 0.011 0.346 0.021 0.041
1 0.05 0.414 0.028 0.051
1 0.18 0.443 0.022 0.044
1 0.327 0.362 0.016 0.035
1 0.233 0.384 0.017 0.025
1 0.466 0.408 0.021 0.038
1 0.617 0.602 0.026 0.048
1 0.62 0.774 0.028 0.042
1 0.706 0.588 0.025 0.045
1 0.709 0.706 0.032 0.068
1 0.762 0.874 0.041 0.067
1 0.762 0.7 0.028 0.048
1 0.734 0.753 0.027 0.038
1 0.809 0.541 0.026 0.045
1 0.819 0.679 0.028 0.049
1 0.952 0.799 0.033 0.064
1 0.854 0.565 0.025 0.039
1 0.916 0.539 0.028 0.048
1 0.975 0.536 0.026 0.047
1 0.861 0.235 0.015 0.026
1 0.871 0.281 0.018 0.031
1 0.83 0.299 0.013 0.025
1 0.852 0.332 0.017 0.033
1 0.891 0.329 0.017 0.031
1 0.96 0.369 0.017 0.035
1 0.389 0.217 0.016 0.025
1 0.718 0.489 0.021 0.036
1 0.76 0.477 0.022 0.042
1 0.815 0.479 0.021 0.039
1 0.875 0.463 0.021 0.042
1 0.982 0.456 0.026 0.044
1 0.115 0.246 0.018 0.032
