1 0.127 0.32 0.029 0.064
1 0.248 0.601 0.016 0.028
1 0.047 0.529 0.01 0.018
1 0.054 0.576 0.008 0.016
1 0.27 0.633 0.019 0.034
1 0.312 0.617 0.016 0.033
1 0.294 0.608 0.009 0.024
1 0.333 0.6 0.015 0.028
1 0.354 0.612 0.015 0.028
1 0.389 0.594 0.014 0.028
1 0.07 0.575 0.011 0.019
1 0.261 0.575 0.013 0.025
1 0.28 0.598 0.013 0.033
1 0.287 0.561 0.013 0.019
1 0.316 0.553 0.014 0.024
1 0.264 0.519 0.01 0.021
1 0.277 0.495 0.008 0.015
1 0.294 0.498 0.005 0.012
1 0.302 0.501 0.006 0.013
1 0.292 0.481 0.005 0.009
1 0.336 0.469 0.008 0.013
1 0.282 0.531 0.009 0.015
1 0.298 0.525 0.007 0.012
1 0.308 0.52 0.008 0.012
1 0.315 0.528 0.008 0.016
1 0.321 0.517 0.008 0.015
1 0.334 0.539 0.011 0.015
1 0.34 0.504 0.007 0.012
1 0.345 0.481 0.005 0.013
1 0.363 0.487 0.008 0.018
1 0.388 0.487 0.008 0.015
1 0.34 0.573 0.012 0.016
1 0.353 0.546 0.009 0.016
1 0.4 0.474 0.01 0.015
1 0.419 0.481 0.011 0.016
1 0.428 0.529 0.011 0.018
1 0.399 0.553 0.011 0.027
1 0.478 0.474 0.006 0.015
1 0.491 0.471 0.007 0.012
1 0.469 0.472 0.008 0.012
1 0.499 0.54 0.013 0.025
1 0.508 0.472 0.006 0.016
1 0.586 0.442 0.01 0.022
1 0.565 0.437 0.005 0.015
1 0.64 0.439 0.008 0.028
1 0.441 0.451 0.007 0.025
1 0.521 0.465 0.006 0.012
1 0.538 0.471 0.006 0.012
1 0.555 0.469 0.005 0.01
1 0.566 0.639 0.017 0.027
1 0.393 0.507 0.009 0.016
1 0.517 0.539 0.011 0.022
1 0.516 0.564 0.014 0.022
1 0.51 0.594 0.016 0.028
1 0.492 0.579 0.012 0.019
1 0.54 0.542 0.011 0.016
1 0.529 0.516 0.011 0.018
1 0.549 0.56 0.014 0.028
1 0.505 0.501 0.008 0.016
1 0.854 0.54 0.011 0.022
1 0.816 0.532 0.012 0.021
1 0.832 0.522 0.011 0.018
1 0.732 0.544 0.012 0.018
1 0.754 0.528 0.01 0.022
1 0.784 0.516 0.009 0.021
1 0.771 0.519 0.011 0.024
1 0.807 0.51 0.01 0.019
1 0.817 0.499 0.01 0.018
1 0.715 0.536 0.01 0.019
1 0.695 0.526 0.011 0.021
1 0.669 0.532 0.012 0.021
1 0.65 0.532 0.013 0.021
1 0.708 0.516 0.011 0.019
1 0.674 0.516 0.012 0.018
1 0.653 0.458 0.006 0.01
1 0.695 0.458 0.004 0.007
1 0.587 0.464 0.007 0.01
1 0.811 0.449 0.006 0.01
1 0.741 0.463 0.006 0.007
1 0.743 0.449 0.004 0.007
1 0.753 0.488 0.008 0.016
1 0.594 0.513 0.01 0.016
1 0.735 0.527 0.011 0.022
1 0.649 0.51 0.009 0.018
1 0.689 0.509 0.011 0.019
1 0.719 0.502 0.01 0.015
1 0.966 0.546 0.013 0.028
1 0.912 0.539 0.012 0.021
1 0.756 0.444 0.005 0.009
1 0.612 0.51 0.007 0.015
1 0.98 0.506 0.015 0.025
1 0.374 0.473 0.008 0.01
1 0.379 0.478 0.006 0.016
1 0.422 0.595 0.012 0.024
1 0.553 0.608 0.018 0.027
1 0.492 0.518 0.013 0.019
1 0.479 0.528 0.009 0.019
1 0.564 0.517 0.009 0.015
1 0.556 0.529 0.01 0.018
1 0.582 0.536 0.01 0.016
1 0.624 0.507 0.007 0.015
1 0.653 0.495 0.007 0.012
1 0.634 0.501 0.007 0.012
1 0.693 0.488 0.009 0.013
1 0.704 0.501 0.009 0.013
1 0.736 0.491 0.008 0.016
1 0.736 0.509 0.008 0.016
1 0.634 0.487 0.009 0.012
1 0.396 0.539 0.008 0.013
1 0.405 0.528 0.012 0.012
1 0.435 0.48 0.01 0.015
1 0.453 0.477 0.01 0.015
1 0.576 0.49 0.008 0.012
1 0.541 0.588 0.01 0.016
1 0.385 0.534 0.012 0.015
1 0.574 0.563 0.019 0.03
1 0.582 0.619 0.014 0.034
1 0.598 0.464 0.007 0.01
1 0.432 0.34 0.007 0.012
1 0.523 0.608 0.013 0.024
1 0.729 0.491 0.008 0.013
1 0.515 0.484 0.006 0.013
1 0.377 0.434 0.006 0.016
1 0.382 0.442 0.007 0.013
1 0.847 0.516 0.009 0.016
1 0.773 0.501 0.008 0.015
1 0.791 0.504 0.008 0.015
1 0.798 0.493 0.008 0.013
1 0.83 0.445 0.005 0.007
1 0.802 0.445 0.005 0.007
1 0.84 0.483 0.007 0.012
1 0.83 0.466 0.006 0.012
1 0.777 0.461 0.005 0.009
1 0.749 0.512 0.008 0.01
1 0.021 0.458 0.01 0.016
