1 0.924 0.272 0.055 0.089
1 0.984 0.316 0.024 0.035
1 0.863 0.367 0.018 0.025
1 0.843 0.411 0.025 0.035
1 0.812 0.411 0.018 0.031
1 0.844 0.329 0.019 0.032
1 0.775 0.358 0.025 0.037
1 0.818 0.321 0.01 0.019
1 0.707 0.344 0.039 0.067
1 0.536 0.259 0.09 0.155
1 0.678 0.368 0.032 0.054
1 0.605 0.283 0.044 0.073
1 0.653 0.348 0.019 0.029
1 0.629 0.591 0.108 0.177
1 0.446 0.366 0.039 0.073
1 0.387 0.303 0.043 0.097
1 0.34 0.324 0.097 0.177
1 0.17 0.43 0.025 0.054
1 0.036 0.447 0.038 0.042
1 0.214 0.426 0.016 0.026
1 0.08 0.207 0.03 0.054
1 0.131 0.324 0.01 0.018
1 0.148 0.433 0.013 0.025
1 0.193 0.417 0.015 0.02
1 0.809 0.391 0.019 0.026
1 0.009 0.291 0.012 0.02
1 0.105 0.316 0.011 0.013
1 0.108 0.348 0.026 0.04
