1 0.554 0.319 0.057 0.089
1 0.473 0.337 0.061 0.091
1 0.375 0.305 0.082 0.12
1 0.407 0.21 0.045 0.072
1 0.435 0.166 0.041 0.064
1 0.921 0.355 0.077 0.111
1 0.887 0.251 0.039 0.053
1 0.845 0.258 0.045 0.068
1 0.902 0.17 0.021 0.038
1 0.866 0.149 0.02 0.038
1 0.763 0.165 0.033 0.051
1 0.92 0.094 0.07 0.091
1 0.651 0.248 0.046 0.079
1 0.712 0.234 0.032 0.06
1 0.795 0.122 0.021 0.033
1 0.683 0.11 0.02 0.038
1 0.645 0.028 0.011 0.017
1 0.421 0.636 0.128 0.152
1 0.037 0.663 0.074 0.178
1 0.298 0.139 0.041 0.064
1 0.333 0.097 0.019 0.035
1 0.119 0.23 0.05 0.078
1 0.029 0.181 0.035 0.057
1 0.063 0.119 0.029 0.056
1 0.233 0.111 0.032 0.051
1 0.078 0.075 0.022 0.038
1 0.052 0.026 0.014 0.021
1 0.145 0.072 0.017 0.027
1 0.439 0.078 0.013 0.021
1 0.396 0.068 0.014 0.023
1 0.563 0.126 0.018 0.027
1 0.504 0.163 0.03 0.042
1 0.516 0.08 0.018 0.03
1 0.554 0.028 0.013 0.017
1 0.61 0.023 0.033 0.044
1 0.546 0.126 0.021 0.035
1 0.121 0.071 0.013 0.022
1 0.242 0.086 0.014 0.023
1 0.029 0.024 0.014 0.022
1 0.205 0.258 0.072 0.091
1 0.994 0.185 0.013 0.036
1 0.368 0.026 0.009 0.013
1 0.01 0.281 0.021 0.09
