1 0.279 0.324 0.017 0.026
1 0.343 0.303 0.018 0.029
1 0.407 0.291 0.019 0.037
1 0.695 0.288 0.014 0.029
1 0.629 0.281 0.012 0.026
1 0.584 0.288 0.014 0.029
1 0.546 0.288 0.019 0.032
1 0.471 0.257 0.018 0.028
1 0.927 0.241 0.014 0.031
1 0.9 0.245 0.017 0.034
1 0.845 0.25 0.017 0.031
1 0.969 0.363 0.018 0.035
1 0.902 0.37 0.019 0.037
1 0.991 0.436 0.018 0.067
1 0.836 0.365 0.021 0.045
1 0.794 0.33 0.019 0.04
1 0.841 0.408 0.025 0.047
1 0.887 0.496 0.031 0.076
1 0.634 0.469 0.017 0.059
1 0.559 0.51 0.035 0.079
1 0.729 0.582 0.037 0.104
