1 0.027 0.635 0.012 0.028
1 0.04 0.619 0.011 0.018
1 0.063 0.634 0.012 0.027
1 0.012 0.558 0.006 0.016
1 0.057 0.617 0.009 0.018
1 0.083 0.63 0.008 0.018
1 0.092 0.636 0.004 0.015
1 0.102 0.633 0.012 0.022
1 0.114 0.619 0.008 0.012
1 0.141 0.629 0.012 0.022
1 0.156 0.633 0.007 0.012
1 0.167 0.628 0.009 0.018
1 0.179 0.624 0.012 0.024
1 0.219 0.625 0.012 0.024
1 0.259 0.626 0.012 0.025
1 0.293 0.623 0.012 0.028
1 0.324 0.619 0.011 0.025
1 0.363 0.622 0.012 0.028
1 0.4 0.619 0.012 0.022
1 0.391 0.619 0.01 0.016
1 0.417 0.628 0.009 0.018
1 0.437 0.627 0.011 0.024
1 0.453 0.611 0.009 0.016
1 0.465 0.612 0.009 0.018
1 0.473 0.627 0.011 0.021
1 0.488 0.628 0.007 0.013
1 0.507 0.608 0.009 0.018
1 0.515 0.627 0.012 0.027
1 0.55 0.622 0.012 0.024
1 0.539 0.625 0.01 0.022
1 0.59 0.625 0.012 0.025
1 0.618 0.624 0.009 0.018
1 0.629 0.628 0.014 0.024
1 0.654 0.63 0.01 0.018
1 0.67 0.631 0.014 0.027
1 0.702 0.634 0.011 0.018
1 0.717 0.628 0.012 0.022
1 0.759 0.629 0.013 0.025
1 0.794 0.63 0.012 0.027
1 0.826 0.609 0.01 0.024
1 0.838 0.626 0.011 0.025
1 0.862 0.603 0.012 0.024
1 0.89 0.624 0.013 0.027
1 0.906 0.621 0.007 0.021
1 0.916 0.612 0.007 0.021
1 0.922 0.605 0.01 0.022
1 0.955 0.607 0.011 0.025
1 0.982 0.627 0.013 0.024
1 0.98 0.596 0.006 0.015
1 0.338 0.554 0.008 0.01
1 0.364 0.557 0.009 0.013
1 0.271 0.63 0.006 0.012
1 0.848 0.63 0.01 0.021
