1 0.03 0.618 0.008 0.013
1 0.074 0.62 0.007 0.011
1 0.096 0.694 0.006 0.008
1 0.119 0.612 0.006 0.013
1 0.124 0.623 0.007 0.012
1 0.136 0.629 0.006 0.012
1 0.152 0.624 0.01 0.014
1 0.163 0.597 0.009 0.016
1 0.181 0.609 0.008 0.013
1 0.226 0.635 0.007 0.012
1 0.224 0.593 0.009 0.016
1 0.214 0.627 0.006 0.012
1 0.173 0.611 0.007 0.016
1 0.127 0.603 0.009 0.016
1 0.792 0.656 0.01 0.017
1 0.835 0.646 0.008 0.018
1 0.829 0.68 0.006 0.014
1 0.875 0.65 0.009 0.016
1 0.932 0.645 0.01 0.018
1 0.962 0.789 0.011 0.018
1 0.996 0.773 0.008 0.022
