1 0.252 0.464 0.017 0.025
1 0.416 0.471 0.015 0.017
1 0.747 0.454 0.024 0.04
1 0.859 0.501 0.021 0.031
1 0.954 0.451 0.019 0.03
1 0.977 0.446 0.014 0.022
1 0.522 0.458 0.03 0.046
1 0.631 0.496 0.016 0.023
1 0.604 0.468 0.015 0.02
1 0.416 0.47 0.012 0.016
1 0.443 0.482 0.009 0.016
1 0.483 0.465 0.016 0.023
1 0.316 0.455 0.025 0.03
1 0.342 0.475 0.015 0.023
1 0.104 0.473 0.018 0.02
1 0.027 0.48 0.04 0.056
1 0.085 0.465 0.015 0.018
1 0.192 0.477 0.019 0.02
1 0.809 0.467 0.017 0.033
1 0.402 0.448 0.008 0.01
