1 0.092 0.762 0.006 0.011
1 0.12 0.729 0.009 0.014
1 0.193 0.744 0.007 0.012
1 0.224 0.771 0.01 0.015
1 0.234 0.741 0.008 0.012
1 0.221 0.693 0.008 0.012
1 0.187 0.706 0.006 0.011
1 0.197 0.646 0.01 0.015
1 0.239 0.649 0.008 0.012
1 0.13 0.643 0.008 0.015
1 0.078 0.729 0.009 0.014
1 0.094 0.645 0.011 0.014
1 0.06 0.66 0.006 0.009
1 0.071 0.577 0.008 0.009
1 0.152 0.581 0.01 0.012
1 0.186 0.578 0.007 0.009
1 0.221 0.581 0.009 0.012
1 0.253 0.579 0.007 0.008
1 0.094 0.513 0.007 0.011
1 0.112 0.577 0.006 0.012
1 0.129 0.511 0.008 0.012
1 0.167 0.506 0.007 0.009
1 0.197 0.515 0.008 0.009
1 0.233 0.515 0.007 0.012
1 0.268 0.492 0.009 0.011
1 0.113 0.416 0.008 0.009
1 0.147 0.423 0.006 0.009
1 0.182 0.443 0.008 0.012
1 0.211 0.442 0.008 0.011
1 0.238 0.431 0.008 0.009
1 0.274 0.436 0.008 0.012
1 0.129 0.368 0.005 0.012
1 0.161 0.373 0.008 0.009
1 0.19 0.373 0.006 0.009
1 0.22 0.373 0.007 0.012
1 0.252 0.372 0.008 0.011
1 0.285 0.383 0.008 0.012
1 0.146 0.32 0.006 0.011
1 0.174 0.316 0.006 0.009
1 0.208 0.321 0.005 0.006
1 0.237 0.324 0.004 0.009
1 0.266 0.321 0.004 0.008
1 0.298 0.316 0.006 0.009
1 0.165 0.278 0.006 0.011
1 0.191 0.271 0.006 0.009
1 0.221 0.268 0.006 0.009
1 0.249 0.268 0.006 0.009
1 0.276 0.265 0.006 0.009
1 0.304 0.273 0.007 0.009
1 0.174 0.225 0.007 0.009
1 0.397 0.283 0.007 0.014
1 0.474 0.244 0.007 0.012
1 0.53 0.259 0.008 0.015
1 0.621 0.258 0.006 0.014
1 0.564 0.294 0.006 0.008
1 0.532 0.317 0.006 0.014
1 0.481 0.307 0.008 0.012
1 0.423 0.315 0.006 0.011
1 0.362 0.318 0.007 0.014
1 0.341 0.334 0.008 0.017
1 0.383 0.37 0.007 0.012
1 0.327 0.412 0.008 0.011
1 0.324 0.433 0.006 0.012
1 0.339 0.499 0.008 0.011
1 0.394 0.475 0.01 0.023
1 0.415 0.416 0.008 0.015
1 0.483 0.357 0.008 0.012
1 0.483 0.431 0.008 0.018
1 0.554 0.422 0.008 0.012
1 0.57 0.382 0.007 0.015
1 0.587 0.312 0.007 0.014
1 0.622 0.336 0.007 0.012
1 0.631 0.413 0.006 0.014
1 0.596 0.439 0.007 0.018
1 0.562 0.473 0.008 0.02
1 0.615 0.51 0.008 0.02
1 0.481 0.511 0.01 0.018
1 0.572 0.586 0.008 0.015
1 0.482 0.561 0.009 0.017
1 0.474 0.634 0.009 0.02
1 0.39 0.579 0.009 0.017
1 0.718 0.236 0.005 0.006
1 0.75 0.231 0.007 0.011
1 0.777 0.225 0.004 0.011
1 0.807 0.225 0.006 0.005
1 0.729 0.271 0.009 0.012
1 0.76 0.271 0.006 0.008
1 0.787 0.281 0.006 0.008
1 0.818 0.276 0.005 0.009
1 0.734 0.327 0.006 0.014
1 0.763 0.327 0.006 0.006
1 0.792 0.307 0.007 0.006
1 0.826 0.326 0.004 0.014
1 0.743 0.377 0.007 0.006
1 0.775 0.381 0.006 0.011
1 0.806 0.381 0.01 0.011
1 0.838 0.384 0.007 0.008
1 0.72 0.455 0.007 0.008
1 0.755 0.45 0.007 0.011
1 0.783 0.453 0.007 0.011
1 0.813 0.45 0.008 0.011
1 0.847 0.45 0.007 0.011
1 0.696 0.521 0.007 0.006
1 0.729 0.515 0.008 0.009
1 0.766 0.516 0.007 0.011
1 0.799 0.516 0.007 0.008
1 0.833 0.521 0.01 0.009
1 0.868 0.521 0.007 0.008
1 0.701 0.584 0.008 0.012
1 0.74 0.597 0.008 0.011
1 0.771 0.594 0.009 0.011
1 0.808 0.591 0.006 0.011
1 0.847 0.584 0.007 0.011
1 0.884 0.588 0.006 0.011
1 0.713 0.674 0.008 0.011
1 0.753 0.673 0.01 0.009
1 0.792 0.668 0.01 0.011
1 0.822 0.665 0.008 0.014
1 0.899 0.676 0.007 0.011
1 0.734 0.789 0.007 0.017
1 0.844 0.768 0.01 0.015
1 0.71 0.76 0.005 0.011
1 0.778 0.762 0.006 0.011
1 0.681 0.384 0.004 0.008
1 0.714 0.377 0.004 0.008
1 0.687 0.448 0.006 0.006
1 0.35 0.258 0.006 0.011
1 0.421 0.257 0.006 0.014
1 0.13 0.172 0.008 0.009
1 0.255 0.175 0.008 0.012
1 0.371 0.171 0.009 0.011
1 0.604 0.173 0.008 0.011
1 0.84 0.176 0.009 0.014
1 0.491 0.18 0.007 0.011
1 0.857 0.725 0.006 0.012
1 0.936 0.745 0.008 0.015
1 0.953 0.794 0.009 0.014
1 0.159 0.775 0.01 0.017
1 0.162 0.648 0.009 0.014
1 0.026 0.784 0.009 0.012
1 0.041 0.723 0.011 0.014
1 0.204 0.213 0.007 0.009
1 0.233 0.222 0.005 0.009
1 0.257 0.225 0.006 0.006
1 0.286 0.226 0.006 0.011
1 0.313 0.226 0.008 0.011
1 0.178 0.192 0.005 0.008
1 0.213 0.203 0.004 0.008
1 0.238 0.188 0.004 0.008
1 0.266 0.206 0.005 0.012
1 0.325 0.196 0.004 0.008
1 0.292 0.207 0.005 0.012
1 0.361 0.197 0.005 0.011
1 0.4 0.189 0.006 0.009
1 0.442 0.188 0.006 0.011
1 0.528 0.187 0.006 0.006
1 0.56 0.192 0.005 0.008
1 0.585 0.199 0.004 0.006
1 0.62 0.205 0.004 0.008
1 0.662 0.226 0.006 0.011
1 0.692 0.219 0.004 0.009
1 0.665 0.276 0.006 0.006
1 0.696 0.277 0.004 0.008
1 0.673 0.317 0.006 0.011
1 0.707 0.324 0.004 0.009
1 0.656 0.204 0.007 0.012
1 0.729 0.185 0.01 0.014
