1 0.842 0.033 0.027 0.045
1 0.771 0.035 0.026 0.044
1 0.718 0.016 0.025 0.02
1 0.755 0.091 0.03 0.051
1 0.7 0.06 0.026 0.047
1 0.485 0.037 0.031 0.051
1 0.487 0.106 0.032 0.057
1 0.521 0.137 0.031 0.05
1 0.457 0.221 0.026 0.051
1 0.439 0.117 0.025 0.052
1 0.42 0.065 0.023 0.036
1 0.438 0.044 0.025 0.048
1 0.414 0.017 0.028 0.032
1 0.346 0.045 0.02 0.05
1 0.334 0.061 0.025 0.047
1 0.032 0.017 0.021 0.029
1 0.068 0.02 0.023 0.034
1 0.152 0.013 0.024 0.02
1 0.191 0.07 0.032 0.047
1 0.214 0.103 0.021 0.045
1 0.131 0.089 0.024 0.038
1 0.091 0.093 0.027 0.045
1 0.018 0.088 0.024 0.066
1 0.008 0.185 0.017 0.052
1 0.14 0.683 0.072 0.159
1 0.689 0.625 0.051 0.124
1 0.451 0.399 0.068 0.102
1 0.27 0.05 0.025 0.044
