1 0.554 0.46 0.014 0.02
1 0.618 0.438 0.011 0.021
1 0.647 0.46 0.012 0.021
1 0.731 0.465 0.011 0.014
1 0.778 0.573 0.007 0.013
1 0.771 0.693 0.021 0.031
1 0.728 0.657 0.009 0.027
1 0.774 0.608 0.01 0.018
1 0.709 0.713 0.015 0.03
1 0.684 0.646 0.014 0.023
1 0.996 0.687 0.008 0.027
1 0.996 0.562 0.007 0.016
1 0.753 0.874 0.032 0.085
1 0.552 0.678 0.016 0.034
1 0.643 0.68 0.017 0.033
1 0.582 0.451 0.006 0.017
1 0.963 0.629 0.011 0.018
1 0.913 0.645 0.009 0.018
1 0.957 0.611 0.006 0.014
1 0.991 0.736 0.016 0.039
1 0.794 0.682 0.019 0.03
1 0.105 0.6 0.011 0.016
1 0.122 0.587 0.009 0.013
1 0.164 0.587 0.012 0.014
1 0.141 0.53 0.008 0.01
1 0.165 0.478 0.012 0.021
1 0.091 0.485 0.011 0.014
1 0.222 0.56 0.012 0.013
1 0.142 0.579 0.012 0.017
1 0.373 0.827 0.024 0.038
