1 0.022 0.128 0.043 0.074
1 0.121 0.121 0.044 0.07
1 0.232 0.128 0.036 0.073
1 0.335 0.169 0.037 0.056
1 0.354 0.144 0.039 0.069
1 0.424 0.133 0.023 0.052
1 0.451 0.147 0.043 0.073
1 0.519 0.118 0.022 0.039
1 0.513 0.074 0.013 0.021
1 0.534 0.154 0.021 0.044
1 0.476 0.044 0.017 0.02
1 0.553 0.165 0.037 0.072
1 0.566 0.148 0.045 0.078
1 0.613 0.193 0.033 0.061
1 0.66 0.169 0.039 0.061
1 0.72 0.148 0.05 0.085
1 0.771 0.165 0.035 0.064
1 0.838 0.14 0.049 0.082
1 0.916 0.15 0.043 0.07
1 0.978 0.161 0.044 0.064
1 0.62 0.035 0.008 0.017
1 0.621 0.059 0.011 0.013
1 0.638 0.079 0.012 0.018
1 0.655 0.1 0.01 0.018
1 0.658 0.062 0.008 0.017
1 0.667 0.04 0.005 0.009
1 0.69 0.094 0.012 0.017
1 0.693 0.072 0.01 0.018
1 0.809 0.094 0.011 0.014
1 0.68 0.085 0.009 0.02
