1 0.08 0.43 0.018 0.037
1 0.188 0.421 0.018 0.026
1 0.216 0.401 0.013 0.023
1 0.23 0.425 0.02 0.034
1 0.326 0.4 0.017 0.028
1 0.355 0.381 0.021 0.034
1 0.347 0.427 0.017 0.037
1 0.496 0.39 0.021 0.034
1 0.502 0.355 0.02 0.028
1 0.543 0.402 0.02 0.035
1 0.574 0.358 0.022 0.047
1 0.638 0.372 0.015 0.026
1 0.663 0.384 0.018 0.034
1 0.677 0.389 0.021 0.047
1 0.707 0.381 0.018 0.046
1 0.75 0.377 0.011 0.021
1 0.841 0.405 0.016 0.032
1 0.857 0.385 0.029 0.065
1 0.897 0.335 0.022 0.044
1 0.913 0.388 0.023 0.053
