1 0.994 0.011 0.009 0.021
1 0.948 0.049 0.016 0.027
1 0.916 0.026 0.015 0.033
1 0.963 0.123 0.028 0.046
1 0.888 0.019 0.014 0.024
1 0.902 0.013 0.011 0.026
1 0.85 0.062 0.011 0.024
1 0.805 0.06 0.011 0.02
1 0.796 0.077 0.007 0.013
1 0.776 0.087 0.013 0.021
1 0.983 0.215 0.032 0.067
1 0.918 0.182 0.018 0.033
1 0.945 0.246 0.039 0.049
1 0.852 0.191 0.018 0.033
1 0.745 0.152 0.008 0.014
1 0.804 0.193 0.018 0.026
1 0.784 0.192 0.016 0.024
1 0.798 0.244 0.032 0.059
1 0.775 0.24 0.022 0.052
1 0.757 0.241 0.019 0.036
1 0.683 0.127 0.008 0.017
1 0.631 0.148 0.017 0.036
1 0.613 0.148 0.011 0.021
1 0.631 0.19 0.019 0.036
1 0.608 0.235 0.017 0.033
1 0.636 0.27 0.021 0.039
1 0.679 0.243 0.018 0.026
1 0.703 0.254 0.03 0.047
1 0.779 0.331 0.045 0.09
1 0.923 0.326 0.033 0.08
1 0.706 0.108 0.009 0.013
1 0.871 0.27 0.037 0.062
1 0.991 0.333 0.019 0.096
1 0.72 0.574 0.051 0.19
1 0.531 0.142 0.011 0.016
1 0.546 0.216 0.02 0.037
1 0.576 0.255 0.021 0.037
1 0.576 0.33 0.027 0.043
1 0.566 0.486 0.03 0.077
1 0.422 0.486 0.036 0.064
1 0.525 0.475 0.036 0.052
1 0.292 0.432 0.034 0.066
1 0.277 0.395 0.023 0.037
1 0.135 0.379 0.02 0.029
1 0.228 0.423 0.067 0.124
1 0.117 0.496 0.056 0.077
1 0.348 0.413 0.021 0.054
1 0.011 0.173 0.013 0.023
1 0.088 0.413 0.011 0.037
1 0.096 0.411 0.009 0.023
1 0.821 0.07 0.009 0.014
