1 0.01 0.244 0.02 0.036
1 0.037 0.233 0.022 0.034
1 0.108 0.228 0.028 0.044
1 0.153 0.179 0.033 0.053
1 0.232 0.226 0.035 0.06
1 0.256 0.226 0.021 0.037
1 0.344 0.187 0.039 0.064
1 0.312 0.237 0.027 0.05
1 0.371 0.201 0.029 0.04
1 0.476 0.145 0.044 0.071
1 0.49 0.198 0.021 0.044
1 0.517 0.201 0.024 0.038
1 0.575 0.201 0.031 0.05
1 0.634 0.173 0.037 0.058
1 0.764 0.201 0.028 0.04
1 0.798 0.147 0.045 0.067
1 0.881 0.206 0.04 0.065
1 0.922 0.208 0.033 0.05
1 0.952 0.193 0.028 0.038
1 0.973 0.213 0.023 0.034
