1 0.905 0.377 0.032 0.058
1 0.875 0.576 0.034 0.061
1 0.784 0.513 0.031 0.06
1 0.812 0.372 0.025 0.045
1 0.732 0.319 0.027 0.046
1 0.682 0.606 0.028 0.055
1 0.585 0.627 0.029 0.049
1 0.586 0.355 0.026 0.048
1 0.653 0.345 0.031 0.06
1 0.674 0.282 0.025 0.045
1 0.607 0.301 0.026 0.046
1 0.536 0.339 0.026 0.045
1 0.444 0.361 0.029 0.052
1 0.505 0.565 0.037 0.072
1 0.388 0.568 0.029 0.057
1 0.359 0.362 0.029 0.049
1 0.363 0.297 0.023 0.039
1 0.465 0.326 0.024 0.046
1 0.526 0.286 0.027 0.045
1 0.2 0.302 0.039 0.073
1 0.246 0.22 0.03 0.064
1 0.164 0.241 0.031 0.055
1 0.097 0.3 0.041 0.081
1 0.264 0.517 0.042 0.081
1 0.291 0.338 0.03 0.064
1 0.288 0.293 0.026 0.043
1 0.129 0.322 0.029 0.066
1 0.518 0.385 0.026 0.051
