1 0.221 0.527 0.02 0.033
1 0.307 0.517 0.012 0.016
1 0.159 0.514 0.011 0.023
1 0.182 0.521 0.006 0.012
1 0.051 0.536 0.007 0.012
1 0.337 0.507 0.012 0.021
1 0.38 0.51 0.02 0.038
1 0.448 0.52 0.013 0.02
1 0.475 0.518 0.012 0.02
1 0.427 0.497 0.006 0.01
1 0.511 0.505 0.005 0.008
1 0.5 0.505 0.004 0.007
1 0.549 0.5 0.006 0.008
1 0.683 0.493 0.009 0.016
1 0.693 0.485 0.006 0.009
1 0.837 0.477 0.009 0.012
1 0.909 0.473 0.007 0.008
1 0.958 0.468 0.006 0.009
1 0.982 0.46 0.007 0.01
1 0.881 0.484 0.005 0.008
1 0.127 0.522 0.006 0.018
1 0.687 0.128 0.007 0.014
