1 0.636 0.421 0.023 0.031
1 0.562 0.337 0.021 0.045
1 0.425 0.399 0.028 0.044
1 0.43 0.327 0.022 0.041
1 0.325 0.424 0.024 0.038
1 0.031 0.649 0.01 0.017
1 0.041 0.584 0.01 0.016
1 0.031 0.507 0.009 0.019
1 0.079 0.515 0.009 0.015
1 0.107 0.518 0.009 0.013
1 0.106 0.533 0.007 0.013
1 0.063 0.598 0.008 0.012
1 0.071 0.651 0.009 0.016
1 0.121 0.582 0.008 0.012
1 0.119 0.563 0.006 0.015
1 0.131 0.597 0.01 0.019
1 0.137 0.576 0.008 0.015
1 0.146 0.572 0.006 0.01
1 0.493 0.37 0.013 0.022
1 0.008 0.518 0.007 0.013
1 0.047 0.522 0.006 0.012
1 0.051 0.519 0.005 0.012
1 0.092 0.582 0.012 0.019
1 0.01 0.588 0.01 0.013
1 0.057 0.639 0.006 0.013
1 0.078 0.67 0.008 0.013
1 0.195 0.653 0.005 0.012
1 0.162 0.654 0.006 0.01
