1 0.412 0.294 0.024 0.054
1 0.269 0.233 0.03 0.061
1 0.327 0.222 0.021 0.035
1 0.229 0.238 0.023 0.048
1 0.193 0.272 0.026 0.046
1 0.213 0.185 0.018 0.039
1 0.042 0.208 0.028 0.054
1 0.092 0.181 0.021 0.037
1 0.018 0.219 0.022 0.054
1 0.794 0.25 0.038 0.087
1 0.608 0.28 0.029 0.057
1 0.864 0.291 0.021 0.039
1 0.947 0.274 0.019 0.035
1 0.682 0.259 0.019 0.039
1 0.886 0.236 0.014 0.03
1 0.584 0.201 0.023 0.059
1 0.716 0.211 0.013 0.024
1 0.767 0.284 0.023 0.048
1 0.744 0.281 0.015 0.024
1 0.679 0.21 0.016 0.03
1 0.64 0.22 0.014 0.022
1 0.83 0.242 0.013 0.026
1 0.93 0.246 0.016 0.028
1 0.567 0.23 0.011 0.028
1 0.479 0.257 0.026 0.065
