1 0.431 0.247 0.022 0.039
1 0.49 0.229 0.019 0.035
1 0.518 0.255 0.026 0.046
1 0.555 0.244 0.022 0.043
1 0.57 0.21 0.022 0.038
1 0.595 0.298 0.026 0.046
1 0.646 0.258 0.025 0.039
1 0.671 0.262 0.027 0.039
1 0.764 0.183 0.031 0.051
1 0.817 0.352 0.035 0.056
1 0.508 0.548 0.033 0.049
1 0.435 0.52 0.036 0.047
1 0.365 0.501 0.031 0.049
1 0.322 0.483 0.023 0.044
1 0.272 0.484 0.027 0.046
1 0.233 0.483 0.024 0.036
1 0.206 0.468 0.023 0.03
1 0.154 0.475 0.023 0.038
1 0.464 0.534 0.02 0.031
1 0.117 0.413 0.005 0.012
1 0.098 0.417 0.005 0.009
1 0.108 0.412 0.004 0.007
1 0.009 0.382 0.006 0.01
1 0.066 0.411 0.005 0.009
1 0.151 0.415 0.004 0.005
