1 0.081 0.831 0.025 0.058
1 0.077 0.796 0.021 0.038
1 0.059 0.764 0.021 0.041
1 0.034 0.719 0.021 0.043
1 0.016 0.727 0.018 0.033
1 0.008 0.697 0.011 0.028
1 0.237 0.531 0.023 0.048
1 0.22 0.538 0.019 0.041
1 0.205 0.547 0.018 0.036
1 0.191 0.55 0.014 0.033
1 0.172 0.549 0.015 0.033
1 0.331 0.544 0.019 0.036
1 0.306 0.56 0.019 0.036
1 0.289 0.552 0.017 0.033
1 0.357 0.543 0.02 0.038
1 0.382 0.517 0.021 0.041
1 0.43 0.518 0.024 0.048
1 0.404 0.533 0.015 0.031
1 0.508 0.525 0.019 0.041
1 0.481 0.555 0.019 0.036
1 0.555 0.728 0.015 0.031
1 0.614 0.743 0.02 0.038
1 0.723 0.769 0.023 0.045
1 0.857 0.792 0.023 0.053
1 0.797 0.731 0.016 0.03
1 0.859 0.693 0.014 0.026
1 0.79 0.687 0.013 0.028
1 0.737 0.702 0.017 0.031
1 0.674 0.678 0.014 0.03
1 0.629 0.693 0.014 0.023
1 0.575 0.685 0.014 0.025
1 0.601 0.664 0.009 0.02
1 0.565 0.66 0.009 0.017
1 0.842 0.669 0.011 0.025
1 0.864 0.655 0.008 0.013
1 0.646 0.67 0.011 0.021
1 0.629 0.655 0.008 0.017
1 0.609 0.646 0.007 0.017
1 0.696 0.655 0.01 0.017
1 0.668 0.654 0.009 0.015
1 0.722 0.647 0.007 0.015
1 0.702 0.645 0.009 0.017
1 0.663 0.645 0.007 0.013
1 0.62 0.63 0.006 0.01
1 0.606 0.631 0.005 0.012
1 0.731 0.674 0.01 0.02
1 0.893 0.734 0.018 0.036
1 0.942 0.696 0.014 0.033
1 0.96 0.685 0.014 0.031
1 0.904 0.675 0.012 0.028
1 0.88 0.664 0.01 0.018
1 0.788 0.66 0.01 0.018
1 0.825 0.648 0.008 0.017
1 0.778 0.654 0.008 0.018
1 0.756 0.65 0.007 0.013
1 0.805 0.646 0.006 0.01
1 0.77 0.641 0.007 0.013
1 0.779 0.627 0.005 0.008
1 0.815 0.631 0.005 0.01
1 0.826 0.628 0.005 0.007
1 0.834 0.642 0.007 0.012
1 0.84 0.634 0.005 0.012
1 0.859 0.632 0.006 0.012
1 0.877 0.648 0.008 0.013
1 0.895 0.629 0.006 0.008
1 0.737 0.655 0.007 0.013
1 0.741 0.64 0.005 0.01
1 0.757 0.632 0.005 0.008
1 0.736 0.63 0.005 0.01
1 0.79 0.624 0.005 0.008
1 0.896 0.617 0.005 0.01
1 0.876 0.629 0.005 0.012
1 0.917 0.655 0.009 0.018
1 0.945 0.671 0.01 0.017
1 0.957 0.66 0.008 0.015
1 0.947 0.642 0.007 0.015
1 0.92 0.638 0.006 0.013
1 0.936 0.633 0.007 0.013
1 0.964 0.65 0.007 0.017
1 0.993 0.64 0.007 0.013
1 0.969 0.631 0.006 0.013
1 0.974 0.63 0.005 0.01
1 0.927 0.624 0.005 0.008
1 0.95 0.621 0.005 0.01
1 0.994 0.622 0.004 0.008
1 0.988 0.616 0.004 0.008
1 0.58 0.642 0.006 0.012
1 0.588 0.639 0.006 0.012
1 0.571 0.649 0.007 0.015
1 0.562 0.632 0.006 0.012
1 0.573 0.629 0.005 0.008
1 0.589 0.626 0.003 0.008
1 0.601 0.632 0.004 0.008
1 0.627 0.626 0.005 0.008
1 0.638 0.632 0.005 0.008
1 0.645 0.626 0.005 0.007
1 0.61 0.631 0.004 0.008
1 0.689 0.634 0.005 0.012
1 0.682 0.631 0.004 0.01
1 0.663 0.624 0.005 0.008
1 0.698 0.631 0.004 0.008
1 0.682 0.671 0.008 0.02
1 0.706 0.626 0.004 0.008
1 0.716 0.629 0.005 0.008
1 0.726 0.63 0.004 0.01
1 0.544 0.658 0.009 0.017
1 0.556 0.635 0.006 0.01
1 0.54 0.626 0.006 0.008
1 0.745 0.636 0.006 0.012
1 0.729 0.628 0.004 0.007
1 0.833 0.664 0.007 0.015
1 0.907 0.642 0.007 0.018
1 0.763 0.624 0.005 0.012
1 0.114 0.874 0.029 0.066
