1 0.13 0.448 0.047 0.073
1 0.334 0.441 0.111 0.175
1 0.165 0.31 0.027 0.04
1 0.048 0.282 0.024 0.047
1 0.234 0.3 0.017 0.031
1 0.542 0.474 0.034 0.052
1 0.499 0.455 0.018 0.031
1 0.435 0.508 0.025 0.04
1 0.698 0.431 0.057 0.078
1 0.605 0.496 0.016 0.029
1 0.527 0.513 0.021 0.034
1 0.473 0.374 0.013 0.021
1 0.454 0.352 0.016 0.029
1 0.652 0.401 0.009 0.018
1 0.561 0.381 0.01 0.018
1 0.522 0.39 0.011 0.017
1 0.793 0.418 0.042 0.057
1 0.848 0.47 0.027 0.044
1 0.886 0.475 0.016 0.027
1 0.899 0.478 0.013 0.023
1 0.495 0.41 0.01 0.017
