1 0.011 0.22 0.019 0.048
1 0.036 0.22 0.024 0.05
1 0.121 0.257 0.034 0.072
1 0.174 0.264 0.029 0.048
1 0.211 0.249 0.02 0.032
1 0.269 0.28 0.031 0.059
1 0.332 0.256 0.03 0.05
1 0.301 0.288 0.021 0.032
1 0.49 0.305 0.021 0.035
1 0.402 0.286 0.009 0.019
1 0.388 0.293 0.007 0.015
1 0.433 0.297 0.009 0.018
1 0.544 0.302 0.045 0.086
1 0.643 0.313 0.034 0.069
1 0.692 0.305 0.021 0.035
1 0.671 0.314 0.014 0.025
1 0.728 0.308 0.017 0.034
1 0.774 0.364 0.013 0.028
1 0.789 0.366 0.014 0.023
1 0.821 0.337 0.024 0.047
1 0.857 0.332 0.03 0.059
1 0.876 0.257 0.027 0.048
1 0.812 0.294 0.02 0.031
1 0.792 0.302 0.014 0.026
1 0.739 0.29 0.014 0.023
1 0.717 0.261 0.01 0.022
1 0.96 0.308 0.018 0.034
1 0.945 0.377 0.01 0.025
1 0.97 0.374 0.015 0.025
1 0.937 0.283 0.013 0.025
1 0.942 0.247 0.013 0.023
1 0.742 0.385 0.01 0.02
1 0.753 0.369 0.014 0.029
1 0.466 0.286 0.008 0.018
1 0.995 0.297 0.011 0.029
1 0.991 0.392 0.015 0.026
1 0.989 0.482 0.014 0.029
1 0.962 0.478 0.014 0.031
1 0.99 0.243 0.009 0.023
1 0.642 0.264 0.01 0.025
1 0.658 0.275 0.009 0.019
1 0.752 0.275 0.012 0.023
1 0.915 0.287 0.016 0.026
1 0.414 0.272 0.007 0.013
