1 0.982 0.777 0.009 0.017
1 0.823 0.804 0.01 0.02
1 0.641 0.822 0.012 0.018
1 0.864 0.707 0.009 0.021
1 0.772 0.721 0.008 0.013
1 0.716 0.656 0.011 0.017
1 0.675 0.678 0.009 0.018
1 0.55 0.671 0.011 0.018
1 0.585 0.634 0.01 0.021
1 0.573 0.607 0.008 0.014
1 0.997 0.643 0.006 0.022
1 0.969 0.622 0.007 0.02
1 0.997 0.605 0.006 0.02
1 0.983 0.598 0.009 0.022
1 0.952 0.604 0.009 0.018
1 0.925 0.589 0.01 0.014
1 0.935 0.572 0.008 0.017
1 0.91 0.574 0.011 0.017
1 0.892 0.562 0.009 0.018
1 0.868 0.533 0.009 0.014
1 0.91 0.531 0.009 0.017
1 0.887 0.536 0.01 0.021
1 0.923 0.54 0.007 0.018
1 0.945 0.549 0.009 0.018
1 0.969 0.572 0.015 0.018
1 0.979 0.54 0.01 0.018
1 0.995 0.53 0.009 0.021
1 0.97 0.517 0.009 0.018
1 0.944 0.519 0.01 0.02
1 0.935 0.514 0.008 0.016
1 0.93 0.512 0.007 0.014
1 0.899 0.51 0.01 0.02
1 0.849 0.516 0.008 0.016
1 0.861 0.499 0.01 0.014
1 0.843 0.492 0.008 0.017
1 0.827 0.498 0.007 0.017
1 0.878 0.479 0.01 0.014
1 0.911 0.492 0.011 0.021
1 0.954 0.489 0.01 0.017
1 0.979 0.46 0.01 0.013
1 0.945 0.471 0.009 0.014
1 0.93 0.47 0.01 0.018
1 0.955 0.43 0.009 0.014
1 0.923 0.437 0.01 0.02
1 0.907 0.424 0.01 0.02
1 0.898 0.423 0.007 0.012
1 0.995 0.412 0.007 0.02
1 0.979 0.401 0.009 0.021
1 0.983 0.372 0.007 0.013
1 0.941 0.36 0.008 0.014
1 0.975 0.358 0.004 0.01
1 0.982 0.347 0.007 0.014
1 0.957 0.363 0.009 0.017
1 0.911 0.389 0.009 0.017
1 0.939 0.4 0.011 0.014
1 0.811 0.37 0.01 0.016
1 0.873 0.428 0.01 0.018
1 0.841 0.455 0.009 0.017
1 0.833 0.433 0.009 0.012
1 0.797 0.39 0.007 0.014
1 0.796 0.452 0.007 0.016
1 0.797 0.471 0.009 0.016
1 0.816 0.458 0.009 0.018
1 0.815 0.486 0.008 0.016
1 0.97 0.637 0.009 0.017
1 0.726 0.417 0.007 0.01
1 0.972 0.26 0.008 0.017
1 0.992 0.265 0.008 0.014
1 0.992 0.241 0.005 0.01
1 0.917 0.265 0.01 0.014
1 0.926 0.253 0.006 0.012
1 0.938 0.232 0.008 0.014
1 0.948 0.214 0.008 0.014
1 0.962 0.206 0.008 0.012
1 0.985 0.213 0.006 0.012
1 0.977 0.197 0.009 0.016
1 0.946 0.262 0.008 0.016
1 0.973 0.238 0.008 0.013
1 0.995 0.165 0.006 0.013
1 0.979 0.144 0.008 0.017
1 0.939 0.183 0.009 0.012
1 0.953 0.177 0.005 0.01
1 0.973 0.167 0.008 0.014
1 0.952 0.14 0.008 0.012
1 0.967 0.138 0.007 0.01
1 0.979 0.107 0.007 0.01
1 0.997 0.127 0.004 0.009
1 0.943 0.132 0.007 0.012
1 0.953 0.12 0.008 0.009
1 0.935 0.09 0.006 0.009
1 0.956 0.083 0.006 0.013
1 0.947 0.09 0.006 0.01
1 0.981 0.067 0.011 0.02
1 0.937 0.052 0.008 0.01
1 0.926 0.088 0.007 0.012
1 0.92 0.105 0.008 0.014
1 0.927 0.121 0.007 0.01
1 0.9 0.119 0.007 0.012
1 0.896 0.084 0.006 0.012
1 0.886 0.096 0.006 0.009
1 0.875 0.079 0.008 0.013
1 0.878 0.162 0.006 0.014
1 0.884 0.154 0.007 0.014
1 0.853 0.135 0.008 0.012
1 0.842 0.128 0.005 0.012
1 0.85 0.1 0.005 0.012
1 0.843 0.103 0.003 0.005
1 0.843 0.077 0.005 0.01
1 0.807 0.101 0.008 0.014
1 0.923 0.213 0.007 0.012
1 0.933 0.198 0.007 0.01
1 0.916 0.196 0.005 0.012
1 0.887 0.188 0.008 0.012
1 0.894 0.168 0.005 0.01
1 0.925 0.146 0.008 0.012
1 0.277 0.923 0.011 0.018
1 0.295 0.964 0.017 0.023
1 0.319 0.978 0.011 0.018
1 0.296 0.865 0.015 0.022
1 0.241 0.878 0.013 0.02
1 0.246 0.805 0.012 0.021
1 0.166 0.867 0.01 0.017
1 0.157 0.877 0.012 0.022
1 0.189 0.928 0.009 0.018
1 0.168 0.803 0.007 0.017
1 0.159 0.781 0.009 0.018
1 0.159 0.724 0.005 0.01
1 0.17 0.769 0.009 0.02
1 0.143 0.76 0.01 0.018
1 0.028 0.695 0.009 0.02
1 0.015 0.674 0.007 0.013
1 0.006 0.602 0.01 0.016
1 0.052 0.581 0.007 0.012
1 0.09 0.637 0.007 0.017
1 0.124 0.65 0.012 0.018
1 0.126 0.69 0.01 0.013
1 0.129 0.725 0.01 0.02
1 0.18 0.693 0.012 0.023
1 0.2 0.74 0.014 0.026
1 0.193 0.723 0.013 0.018
1 0.493 0.972 0.006 0.017
1 0.454 0.962 0.007 0.018
1 0.533 0.976 0.006 0.02
1 0.531 0.904 0.006 0.018
1 0.477 0.88 0.01 0.016
1 0.418 0.911 0.01 0.014
1 0.409 0.937 0.01 0.017
1 0.38 0.924 0.01 0.022
1 0.382 0.884 0.009 0.018
1 0.468 0.823 0.01 0.021
1 0.402 0.821 0.009 0.025
1 0.397 0.776 0.013 0.016
1 0.346 0.801 0.012 0.02
1 0.362 0.766 0.016 0.022
1 0.35 0.742 0.014 0.021
1 0.314 0.745 0.01 0.018
1 0.301 0.727 0.012 0.016
1 0.395 0.755 0.013 0.018
1 0.416 0.736 0.009 0.02
1 0.378 0.723 0.01 0.022
1 0.345 0.691 0.009 0.012
1 0.343 0.677 0.008 0.013
1 0.327 0.668 0.009 0.016
1 0.325 0.645 0.01 0.02
1 0.316 0.621 0.014 0.018
1 0.297 0.646 0.012 0.018
1 0.203 0.65 0.013 0.021
1 0.245 0.649 0.007 0.02
1 0.267 0.64 0.014 0.022
1 0.242 0.561 0.012 0.016
1 0.264 0.56 0.009 0.016
1 0.235 0.52 0.007 0.014
1 0.214 0.54 0.009 0.013
1 0.187 0.591 0.009 0.018
1 0.411 0.605 0.012 0.017
1 0.313 0.595 0.007 0.013
1 0.301 0.591 0.009 0.018
1 0.309 0.583 0.007 0.012
1 0.341 0.49 0.009 0.018
1 0.437 0.544 0.01 0.016
1 0.448 0.523 0.011 0.013
1 0.506 0.581 0.01 0.02
1 0.566 0.545 0.011 0.022
1 0.514 0.439 0.012 0.013
1 0.464 0.465 0.009 0.016
1 0.438 0.465 0.007 0.017
1 0.56 0.382 0.008 0.013
1 0.707 0.351 0.01 0.02
1 0.699 0.287 0.009 0.017
1 0.664 0.309 0.01 0.016
1 0.614 0.287 0.009 0.014
1 0.539 0.338 0.008 0.014
1 0.299 0.389 0.01 0.013
1 0.302 0.357 0.011 0.016
1 0.455 0.331 0.01 0.016
1 0.436 0.311 0.009 0.016
1 0.364 0.323 0.009 0.01
1 0.338 0.337 0.011 0.013
1 0.319 0.311 0.007 0.014
1 0.247 0.266 0.006 0.016
1 0.29 0.255 0.006 0.01
1 0.212 0.274 0.007 0.012
1 0.225 0.245 0.009 0.013
1 0.233 0.213 0.009 0.012
1 0.343 0.269 0.009 0.014
1 0.081 0.355 0.01 0.01
1 0.066 0.339 0.005 0.01
1 0.022 0.304 0.008 0.014
1 0.033 0.363 0.004 0.01
1 0.002 0.38 0.005 0.014
1 0.009 0.37 0.006 0.01
1 0.005 0.32 0.008 0.01
1 0.101 0.298 0.005 0.012
1 0.034 0.289 0.01 0.013
1 0.014 0.264 0.007 0.013
1 0.018 0.234 0.007 0.01
1 0.032 0.234 0.006 0.012
1 0.006 0.216 0.009 0.013
1 0.119 0.331 0.006 0.01
1 0.134 0.331 0.008 0.016
1 0.054 0.118 0.008 0.013
1 0.902 0.264 0.011 0.016
1 0.906 0.24 0.008 0.012
1 0.908 0.218 0.009 0.017
1 0.876 0.225 0.008 0.013
1 0.845 0.237 0.009 0.013
1 0.83 0.225 0.01 0.013
1 0.84 0.215 0.008 0.016
1 0.874 0.193 0.009 0.012
1 0.861 0.208 0.01 0.016
1 0.81 0.212 0.006 0.01
1 0.807 0.211 0.012 0.018
1 0.804 0.198 0.007 0.01
1 0.793 0.202 0.007 0.012
1 0.821 0.2 0.005 0.009
1 0.821 0.192 0.005 0.009
1 0.78 0.181 0.006 0.01
1 0.784 0.189 0.007 0.014
1 0.764 0.188 0.007 0.009
1 0.764 0.204 0.007 0.014
1 0.776 0.197 0.006 0.012
1 0.749 0.202 0.007 0.016
1 0.734 0.202 0.006 0.012
1 0.718 0.21 0.006 0.014
1 0.786 0.154 0.006 0.012
1 0.8 0.16 0.009 0.014
1 0.794 0.119 0.005 0.012
1 0.787 0.127 0.007 0.012
1 0.782 0.111 0.006 0.012
1 0.829 0.132 0.005 0.012
1 0.831 0.118 0.009 0.013
1 0.821 0.114 0.006 0.012
1 0.831 0.141 0.005 0.009
1 0.853 0.165 0.008 0.014
1 0.752 0.085 0.007 0.012
1 0.74 0.088 0.004 0.009
1 0.75 0.18 0.007 0.012
1 0.73 0.174 0.005 0.008
1 0.731 0.155 0.007 0.01
1 0.722 0.153 0.006 0.009
1 0.754 0.143 0.008 0.012
1 0.777 0.141 0.009 0.013
1 0.771 0.133 0.007 0.013
1 0.771 0.119 0.007 0.012
1 0.726 0.128 0.005 0.01
1 0.683 0.139 0.007 0.013
1 0.703 0.179 0.01 0.017
1 0.694 0.192 0.007 0.014
1 0.699 0.204 0.006 0.012
1 0.678 0.219 0.009 0.012
1 0.683 0.201 0.009 0.014
1 0.674 0.206 0.006 0.014
1 0.672 0.195 0.007 0.016
1 0.65 0.214 0.009 0.014
1 0.636 0.201 0.005 0.012
1 0.64 0.214 0.007 0.013
1 0.63 0.227 0.007 0.016
1 0.627 0.21 0.01 0.017
1 0.687 0.179 0.007 0.012
1 0.669 0.171 0.007 0.016
1 0.672 0.158 0.006 0.012
1 0.706 0.165 0.007 0.014
1 0.699 0.141 0.008 0.014
1 0.702 0.102 0.006 0.013
1 0.716 0.085 0.007 0.013
1 0.701 0.088 0.007 0.012
1 0.668 0.108 0.005 0.016
1 0.678 0.107 0.007 0.017
1 0.675 0.09 0.006 0.01
1 0.677 0.08 0.005 0.009
1 0.681 0.09 0.004 0.012
1 0.67 0.061 0.005 0.01
1 0.689 0.068 0.006 0.012
1 0.651 0.126 0.005 0.012
1 0.657 0.1 0.008 0.013
1 0.666 0.095 0.005 0.01
1 0.65 0.092 0.005 0.009
1 0.54 0.273 0.007 0.014
1 0.559 0.251 0.007 0.014
1 0.569 0.215 0.007 0.013
1 0.561 0.229 0.009 0.013
1 0.624 0.184 0.005 0.013
1 0.625 0.167 0.007 0.012
1 0.659 0.184 0.006 0.017
1 0.606 0.163 0.009 0.016
1 0.6 0.15 0.007 0.012
1 0.616 0.146 0.007 0.009
1 0.636 0.14 0.007 0.012
1 0.644 0.136 0.005 0.012
1 0.584 0.202 0.007 0.014
1 0.599 0.2 0.008 0.012
1 0.602 0.187 0.005 0.014
1 0.586 0.16 0.009 0.012
1 0.587 0.115 0.008 0.016
1 0.596 0.118 0.005 0.009
1 0.588 0.107 0.01 0.013
1 0.57 0.118 0.006 0.012
1 0.55 0.115 0.007 0.009
1 0.531 0.152 0.007 0.013
1 0.528 0.193 0.007 0.013
1 0.538 0.193 0.007 0.014
1 0.531 0.255 0.006 0.012
1 0.531 0.232 0.007 0.016
1 0.536 0.232 0.007 0.009
1 0.529 0.209 0.007 0.014
1 0.487 0.253 0.006 0.012
1 0.499 0.212 0.006 0.012
1 0.511 0.211 0.005 0.01
1 0.461 0.208 0.006 0.012
1 0.452 0.202 0.007 0.014
1 0.458 0.227 0.006 0.013
1 0.481 0.205 0.008 0.012
1 0.477 0.197 0.006 0.016
1 0.461 0.186 0.007 0.014
1 0.456 0.146 0.006 0.013
1 0.437 0.133 0.005 0.009
1 0.441 0.161 0.008 0.014
1 0.465 0.095 0.006 0.01
1 0.508 0.107 0.004 0.009
1 0.526 0.139 0.008 0.013
1 0.523 0.109 0.005 0.012
1 0.523 0.098 0.007 0.014
1 0.539 0.119 0.004 0.009
1 0.435 0.199 0.006 0.012
1 0.397 0.149 0.009 0.009
1 0.374 0.149 0.006 0.012
1 0.359 0.138 0.005 0.01
1 0.303 0.111 0.008 0.014
1 0.393 0.051 0.005 0.008
1 0.39 0.081 0.006 0.014
1 0.461 0.051 0.008 0.01
1 0.475 0.05 0.006 0.012
1 0.37 0.036 0.005 0.01
1 0.33 0.064 0.006 0.012
1 0.285 0.081 0.005 0.009
1 0.346 0.102 0.005 0.01
1 0.353 0.09 0.006 0.012
1 0.379 0.171 0.004 0.009
1 0.359 0.153 0.008 0.012
1 0.432 0.182 0.004 0.008
1 0.43 0.163 0.004 0.009
1 0.428 0.154 0.005 0.01
1 0.437 0.062 0.005 0.009
1 0.454 0.058 0.005 0.009
1 0.431 0.016 0.005 0.009
1 0.4 0.026 0.006 0.01
1 0.254 0.042 0.006 0.008
1 0.217 0.038 0.006 0.009
1 0.324 0.11 0.005 0.009
1 0.308 0.132 0.007 0.01
1 0.233 0.042 0.007 0.009
1 0.232 0.023 0.005 0.01
1 0.243 0.03 0.006 0.013
1 0.28 0.017 0.006 0.01
1 0.26 0.108 0.006 0.01
1 0.26 0.234 0.006 0.008
1 0.29 0.07 0.006 0.01
1 0.421 0.077 0.004 0.009
1 0.422 0.067 0.004 0.012
1 0.431 0.05 0.004 0.012
1 0.464 0.128 0.006 0.01
1 0.337 0.054 0.004 0.009
1 0.371 0.812 0.01 0.017
1 0.454 0.927 0.012 0.018
1 0.238 0.695 0.009 0.012
1 0.064 0.679 0.009 0.014
1 0.279 0.597 0.007 0.017
1 0.261 0.514 0.007 0.016
1 0.507 0.182 0.006 0.01
1 0.491 0.167 0.006 0.007
1 0.798 0.18 0.006 0.01
1 0.794 0.139 0.006 0.009
1 0.891 0.232 0.006 0.016
1 0.997 0.443 0.006 0.016
1 0.883 0.516 0.01 0.017
1 0.909 0.792 0.008 0.013
1 0.23 0.665 0.01 0.021
1 0.292 0.32 0.007 0.009
1 0.428 0.346 0.007 0.012
1 0.428 0.368 0.005 0.012
1 0.471 0.169 0.005 0.009
1 0.576 0.132 0.006 0.01
1 0.494 0.083 0.006 0.008
1 0.483 0.08 0.005 0.007
1 0.375 0.046 0.003 0.007
