1 0.022 0.253 0.02 0.018
1 0.117 0.243 0.023 0.017
1 0.024 0.193 0.013 0.008
1 0.022 0.172 0.012 0.009
1 0.046 0.167 0.009 0.007
1 0.008 0.191 0.013 0.008
1 0.015 0.152 0.009 0.008
1 0.087 0.146 0.008 0.005
1 0.133 0.147 0.011 0.007
1 0.156 0.141 0.009 0.007
1 0.119 0.157 0.013 0.01
1 0.117 0.173 0.012 0.009
1 0.158 0.181 0.012 0.011
1 0.176 0.18 0.013 0.008
1 0.179 0.194 0.012 0.009
1 0.137 0.21 0.015 0.011
1 0.177 0.207 0.013 0.011
1 0.245 0.198 0.013 0.012
1 0.24 0.179 0.016 0.01
1 0.261 0.159 0.014 0.008
1 0.277 0.131 0.011 0.007
1 0.265 0.131 0.008 0.007
1 0.29 0.129 0.008 0.007
1 0.29 0.15 0.007 0.007
1 0.304 0.142 0.009 0.008
1 0.319 0.13 0.008 0.006
1 0.379 0.122 0.01 0.007
1 0.403 0.12 0.009 0.007
1 0.422 0.117 0.01 0.007
1 0.115 0.424 0.043 0.033
1 0.119 0.506 0.057 0.043
1 0.342 0.534 0.069 0.051
1 0.333 0.411 0.045 0.034
1 0.435 0.469 0.05 0.041
1 0.456 0.428 0.044 0.036
1 0.546 0.539 0.063 0.047
1 0.709 0.455 0.057 0.043
1 0.465 0.264 0.025 0.022
1 0.547 0.253 0.025 0.022
1 0.644 0.244 0.023 0.017
1 0.712 0.252 0.03 0.022
1 0.681 0.214 0.023 0.017
1 0.74 0.223 0.026 0.018
1 0.877 0.23 0.03 0.025
1 0.565 0.208 0.021 0.015
1 0.622 0.195 0.021 0.016
1 0.643 0.197 0.017 0.012
1 0.668 0.194 0.024 0.016
1 0.76 0.2 0.021 0.015
1 0.692 0.19 0.02 0.015
1 0.687 0.178 0.02 0.015
1 0.662 0.17 0.018 0.014
1 0.636 0.153 0.016 0.013
1 0.689 0.15 0.017 0.013
1 0.837 0.184 0.02 0.017
1 0.812 0.177 0.02 0.015
1 0.769 0.163 0.021 0.015
1 0.868 0.157 0.018 0.014
1 0.727 0.157 0.017 0.014
1 0.734 0.14 0.014 0.011
1 0.785 0.151 0.017 0.014
1 0.8 0.143 0.016 0.011
1 0.83 0.125 0.016 0.013
1 0.846 0.14 0.017 0.014
1 0.885 0.137 0.016 0.012
1 0.882 0.124 0.02 0.012
1 0.849 0.101 0.014 0.012
1 0.88 0.101 0.015 0.011
1 0.783 0.101 0.016 0.012
1 0.808 0.096 0.014 0.01
1 0.485 0.127 0.006 0.005
1 0.511 0.117 0.006 0.006
1 0.532 0.109 0.008 0.006
1 0.554 0.114 0.01 0.007
1 0.577 0.105 0.009 0.005
1 0.614 0.101 0.009 0.007
1 0.635 0.107 0.01 0.008
1 0.65 0.092 0.006 0.005
1 0.673 0.089 0.011 0.009
1 0.708 0.094 0.008 0.006
1 0.736 0.075 0.008 0.008
1 0.757 0.085 0.007 0.006
1 0.788 0.074 0.01 0.008
1 0.813 0.075 0.008 0.007
1 0.834 0.078 0.01 0.008
1 0.868 0.093 0.015 0.013
1 0.876 0.083 0.011 0.009
1 0.888 0.075 0.012 0.009
1 0.901 0.075 0.009 0.008
1 0.92 0.079 0.012 0.01
1 0.945 0.06 0.011 0.008
1 0.963 0.064 0.012 0.008
