1 0.7 0.801 0.026 0.05
1 0.803 0.731 0.025 0.055
1 0.898 0.632 0.026 0.05
1 0.977 0.588 0.021 0.047
1 0.318 0.713 0.023 0.036
1 0.452 0.647 0.023 0.047
1 0.556 0.582 0.021 0.041
1 0.163 0.561 0.021 0.029
1 0.242 0.506 0.021 0.034
1 0.335 0.489 0.021 0.035
1 0.44 0.437 0.021 0.031
1 0.644 0.539 0.021 0.047
1 0.737 0.504 0.02 0.032
1 0.806 0.454 0.02 0.038
1 0.885 0.394 0.019 0.041
1 0.98 0.374 0.015 0.028
1 0.509 0.409 0.017 0.029
1 0.589 0.355 0.016 0.035
1 0.68 0.314 0.015 0.029
1 0.771 0.312 0.014 0.028
1 0.843 0.267 0.015 0.029
1 0.895 0.266 0.013 0.023
1 0.942 0.188 0.014 0.025
1 0.026 0.634 0.021 0.039
1 0.068 0.442 0.019 0.032
1 0.165 0.366 0.02 0.035
1 0.252 0.351 0.017 0.034
1 0.363 0.331 0.014 0.025
1 0.473 0.284 0.015 0.028
1 0.575 0.265 0.012 0.022
1 0.634 0.247 0.013 0.025
1 0.685 0.223 0.012 0.023
1 0.494 0.207 0.012 0.02
1 0.437 0.206 0.014 0.023
1 0.264 0.253 0.016 0.026
1 0.257 0.199 0.014 0.025
1 0.245 0.128 0.016 0.026
1 0.164 0.106 0.013 0.025
1 0.192 0.172 0.012 0.02
1 0.186 0.217 0.015 0.025
1 0.125 0.186 0.013 0.028
1 0.318 0.184 0.014 0.026
1 0.169 0.318 0.015 0.031
1 0.09 0.341 0.016 0.034
1 0.087 0.258 0.015 0.031
1 0.07 0.165 0.011 0.02
1 0.046 0.204 0.013 0.025
1 0.362 0.234 0.014 0.026
1 0.908 0.185 0.012 0.025
1 0.848 0.174 0.012 0.023
1 0.965 0.153 0.013 0.022
1 0.928 0.143 0.013 0.02
1 0.883 0.145 0.01 0.026
1 0.855 0.138 0.013 0.025
1 0.925 0.113 0.014 0.025
1 0.888 0.114 0.013 0.02
1 0.952 0.119 0.008 0.019
1 0.958 0.081 0.011 0.028
1 0.993 0.115 0.011 0.025
1 0.967 0.035 0.009 0.018
1 0.841 0.106 0.014 0.025
1 0.815 0.109 0.01 0.019
1 0.823 0.075 0.008 0.016
1 0.809 0.138 0.011 0.016
1 0.782 0.142 0.013 0.018
1 0.79 0.188 0.01 0.02
1 0.747 0.164 0.012 0.025
1 0.781 0.099 0.009 0.018
1 0.878 0.077 0.014 0.02
1 0.76 0.027 0.012 0.019
1 0.74 0.098 0.011 0.023
1 0.72 0.066 0.011 0.016
1 0.724 0.131 0.011 0.022
1 0.626 0.114 0.011 0.02
1 0.657 0.129 0.01 0.019
1 0.681 0.096 0.011 0.025
1 0.686 0.13 0.01 0.02
1 0.626 0.154 0.013 0.025
1 0.583 0.152 0.013 0.026
1 0.565 0.149 0.012 0.023
1 0.607 0.088 0.011 0.02
1 0.583 0.066 0.01 0.018
1 0.597 0.052 0.01 0.022
1 0.552 0.084 0.011 0.019
1 0.55 0.116 0.011 0.022
1 0.586 0.122 0.012 0.022
1 0.58 0.099 0.009 0.018
1 0.662 0.038 0.01 0.018
1 0.639 0.036 0.009 0.016
1 0.719 0.103 0.012 0.022
1 0.707 0.005 0.011 0.01
1 0.531 0.142 0.011 0.019
1 0.521 0.116 0.011 0.019
1 0.519 0.088 0.011 0.022
1 0.552 0.025 0.009 0.018
1 0.519 0.021 0.008 0.019
1 0.495 0.02 0.012 0.019
1 0.505 0.061 0.008 0.016
1 0.491 0.076 0.012 0.02
1 0.498 0.139 0.013 0.026
1 0.462 0.14 0.012 0.023
1 0.439 0.135 0.011 0.019
1 0.439 0.099 0.011 0.022
1 0.454 0.085 0.01 0.016
1 0.463 0.118 0.01 0.016
1 0.462 0.023 0.011 0.016
1 0.494 0.122 0.01 0.016
1 0.547 0.074 0.008 0.013
1 0.402 0.126 0.009 0.019
1 0.106 0.028 0.011 0.019
1 0.081 0.05 0.012 0.02
1 0.057 0.048 0.011 0.02
1 0.031 0.043 0.008 0.019
1 0.044 0.014 0.009 0.016
1 0.05 0.095 0.008 0.018
1 0.032 0.092 0.01 0.02
1 0.02 0.102 0.007 0.015
1 0.071 0.014 0.007 0.013
1 0.012 0.045 0.006 0.012
1 0.348 0.138 0.015 0.022
1 0.786 0.013 0.01 0.02
