1 0.096 0.384 0.036 0.054
1 0.059 0.594 0.011 0.023
1 0.051 0.562 0.012 0.024
1 0.069 0.562 0.009 0.016
1 0.022 0.568 0.012 0.021
1 0.181 0.301 0.04 0.059
1 0.278 0.356 0.034 0.048
1 0.357 0.4 0.029 0.045
1 0.419 0.414 0.026 0.039
1 0.455 0.324 0.038 0.05
1 0.519 0.371 0.031 0.044
1 0.584 0.395 0.028 0.039
1 0.62 0.405 0.028 0.035
1 0.687 0.275 0.038 0.053
1 0.773 0.364 0.018 0.033
1 0.8 0.381 0.021 0.028
1 0.835 0.397 0.021 0.033
1 0.855 0.414 0.016 0.024
1 0.891 0.437 0.016 0.024
1 0.911 0.456 0.016 0.021
1 0.961 0.501 0.014 0.02
1 0.986 0.483 0.015 0.02
