1 0.8 0.332 0.039 0.066
1 0.527 0.411 0.032 0.057
1 0.545 0.371 0.029 0.062
1 0.272 0.412 0.029 0.058
1 0.304 0.335 0.035 0.059
1 0.354 0.372 0.027 0.053
1 0.116 0.526 0.04 0.068
1 0.021 0.418 0.028 0.044
1 0.179 0.233 0.033 0.062
1 0.32 0.179 0.033 0.062
1 0.348 0.148 0.033 0.058
1 0.388 0.131 0.031 0.053
1 0.419 0.112 0.03 0.055
1 0.47 0.24 0.032 0.059
1 0.425 0.263 0.031 0.061
1 0.55 0.187 0.032 0.057
1 0.573 0.15 0.03 0.057
1 0.049 0.191 0.032 0.047
1 0.153 0.101 0.042 0.075
1 0.214 0.068 0.037 0.065
1 0.246 0.028 0.037 0.055
1 0.299 0.041 0.029 0.054
1 0.337 0.025 0.024 0.047
1 0.362 0.018 0.021 0.036
1 0.046 0.072 0.033 0.055
1 0.13 0.019 0.037 0.039
1 0.029 0.028 0.031 0.054
1 0.527 0.639 0.026 0.047
1 0.693 0.117 0.027 0.046
1 0.745 0.062 0.031 0.048
1 0.813 0.047 0.025 0.053
1 0.938 0.106 0.032 0.043
1 0.905 0.166 0.025 0.041
1 0.872 0.154 0.021 0.047
1 0.063 0.533 0.028 0.062
1 0.396 0.203 0.027 0.065
