1 0.042 0.313 0.011 0.02
1 0.06 0.316 0.014 0.022
1 0.071 0.304 0.01 0.014
1 0.096 0.311 0.014 0.021
1 0.108 0.316 0.007 0.012
1 0.118 0.311 0.006 0.01
1 0.181 0.411 0.047 0.079
1 0.043 0.398 0.016 0.027
1 0.108 0.427 0.017 0.023
1 0.08 0.482 0.015 0.022
1 0.462 0.305 0.011 0.02
1 0.453 0.419 0.057 0.082
1 0.51 0.307 0.013 0.022
1 0.571 0.303 0.012 0.026
1 0.626 0.272 0.017 0.031
1 0.539 0.385 0.012 0.022
1 0.634 0.432 0.071 0.109
1 0.759 0.458 0.055 0.081
1 0.768 0.288 0.025 0.043
1 0.784 0.294 0.018 0.027
1 0.962 0.457 0.075 0.141
1 0.314 0.298 0.008 0.012
1 0.346 0.3 0.008 0.014
1 0.382 0.291 0.008 0.014
1 0.253 0.309 0.006 0.01
1 0.011 0.317 0.011 0.02
