1 0.112 0.177 0.017 0.029
1 0.032 0.151 0.021 0.036
1 0.042 0.156 0.01 0.02
1 0.078 0.156 0.01 0.015
1 0.209 0.164 0.017 0.029
1 0.252 0.145 0.021 0.026
1 0.33 0.162 0.02 0.033
1 0.383 0.17 0.015 0.029
1 0.459 0.167 0.017 0.022
1 0.167 0.175 0.019 0.024
1 0.281 0.155 0.007 0.007
1 0.402 0.169 0.008 0.013
1 0.541 0.184 0.02 0.022
1 0.579 0.175 0.013 0.02
1 0.616 0.171 0.018 0.033
1 0.649 0.17 0.011 0.018
1 0.673 0.193 0.013 0.021
1 0.682 0.172 0.009 0.013
1 0.75 0.131 0.03 0.044
1 0.868 0.139 0.023 0.044
1 0.806 0.15 0.01 0.017
1 0.835 0.149 0.01 0.016
1 0.772 0.156 0.01 0.017
1 0.979 0.142 0.019 0.029
1 0.934 0.157 0.006 0.011
1 0.519 0.181 0.006 0.012
1 0.53 0.177 0.007 0.011
1 0.059 0.642 0.014 0.036
1 0.021 0.677 0.01 0.017
1 0.144 0.659 0.013 0.02
1 0.206 0.656 0.016 0.011
1 0.333 0.639 0.011 0.022
1 0.415 0.671 0.017 0.025
1 0.422 0.646 0.011 0.021
1 0.466 0.62 0.014 0.024
1 0.847 0.609 0.043 0.063
1 0.725 0.666 0.013 0.02
1 0.547 0.668 0.017 0.026
1 0.608 0.646 0.018 0.028
1 0.67 0.652 0.015 0.026
1 0.753 0.672 0.008 0.013
1 0.88 0.63 0.013 0.022
1 0.953 0.618 0.015 0.025
1 0.995 0.621 0.01 0.032
