1 0.389 0.304 0.038 0.051
1 0.337 0.308 0.03 0.051
1 0.297 0.309 0.027 0.046
1 0.261 0.307 0.025 0.047
1 0.226 0.304 0.028 0.046
1 0.198 0.3 0.024 0.043
1 0.157 0.309 0.025 0.031
1 0.125 0.31 0.025 0.036
1 0.082 0.308 0.024 0.035
1 0.104 0.313 0.018 0.022
1 0.049 0.312 0.014 0.025
1 0.033 0.31 0.015 0.025
1 0.78 0.294 0.031 0.057
1 0.707 0.304 0.03 0.04
1 0.639 0.301 0.029 0.04
1 0.574 0.304 0.025 0.038
1 0.742 0.314 0.017 0.029
1 0.653 0.311 0.015 0.021
1 0.586 0.316 0.014 0.022
1 0.795 0.318 0.019 0.028
1 0.833 0.303 0.028 0.043
1 0.855 0.309 0.018 0.029
1 0.904 0.309 0.026 0.049
1 0.518 0.305 0.024 0.028
1 0.541 0.309 0.017 0.019
1 0.468 0.311 0.025 0.029
1 0.417 0.309 0.017 0.032
1 0.426 0.316 0.016 0.026
1 0.931 0.325 0.017 0.032
1 0.98 0.305 0.03 0.049
