1 0.055 0.352 0.021 0.036
1 0.033 0.34 0.018 0.026
1 0.008 0.365 0.009 0.021
1 0.258 0.324 0.027 0.043
1 0.34 0.339 0.023 0.04
1 0.398 0.368 0.027 0.048
1 0.413 0.32 0.023 0.039
1 0.506 0.335 0.021 0.036
1 0.508 0.382 0.024 0.048
1 0.585 0.341 0.018 0.039
1 0.59 0.366 0.023 0.042
1 0.672 0.319 0.024 0.036
1 0.695 0.383 0.028 0.047
1 0.761 0.367 0.02 0.052
1 0.781 0.372 0.026 0.06
1 0.804 0.366 0.035 0.057
1 0.921 0.331 0.029 0.035
1 0.971 0.432 0.058 0.167
1 0.952 0.368 0.022 0.047
1 0.817 0.416 0.039 0.092
1 0.856 0.482 0.041 0.078
