1 0.169 0.327 0.019 0.039
1 0.24 0.267 0.021 0.037
1 0.279 0.276 0.037 0.06
1 0.372 0.295 0.031 0.054
1 0.462 0.303 0.035 0.064
1 0.577 0.278 0.032 0.056
1 0.393 0.314 0.012 0.026
1 0.404 0.314 0.011 0.023
1 0.332 0.322 0.012 0.032
1 0.315 0.313 0.016 0.029
1 0.523 0.319 0.012 0.026
1 0.539 0.328 0.017 0.031
1 0.61 0.308 0.013 0.028
1 0.633 0.322 0.011 0.022
1 0.676 0.336 0.025 0.042
1 0.701 0.339 0.015 0.032
1 0.764 0.339 0.015 0.029
1 0.789 0.339 0.017 0.032
1 0.803 0.299 0.015 0.037
1 0.876 0.335 0.017 0.032
1 0.916 0.353 0.017 0.031
1 0.946 0.333 0.019 0.037
