1 0.221 0.464 0.016 0.029
1 0.279 0.468 0.016 0.028
1 0.345 0.477 0.017 0.029
1 0.383 0.475 0.009 0.016
1 0.409 0.472 0.017 0.028
1 0.433 0.486 0.006 0.012
1 0.446 0.482 0.011 0.019
1 0.477 0.454 0.021 0.029
1 0.544 0.45 0.02 0.034
1 0.515 0.471 0.012 0.02
1 0.6 0.467 0.019 0.032
1 0.667 0.466 0.019 0.031
1 0.732 0.441 0.02 0.037
1 0.783 0.464 0.011 0.02
1 0.808 0.451 0.019 0.035
1 0.875 0.469 0.012 0.025
1 0.934 0.457 0.011 0.02
1 0.974 0.463 0.012 0.026
1 0.919 0.466 0.008 0.018
1 0.837 0.458 0.008 0.019
1 0.65 0.461 0.011 0.02
