1 0.235 0.687 0.015 0.031
1 0.183 0.711 0.017 0.025
1 0.156 0.666 0.016 0.023
1 0.106 0.667 0.018 0.031
1 0.163 0.607 0.017 0.025
1 0.201 0.627 0.016 0.025
1 0.23 0.645 0.015 0.022
1 0.27 0.654 0.017 0.029
1 0.306 0.624 0.016 0.029
1 0.349 0.611 0.014 0.029
1 0.259 0.592 0.016 0.026
1 0.117 0.592 0.019 0.028
1 0.305 0.551 0.015 0.026
1 0.388 0.565 0.015 0.026
1 0.353 0.537 0.016 0.026
1 0.396 0.525 0.014 0.025
1 0.41 0.483 0.013 0.026
1 0.446 0.526 0.014 0.025
1 0.444 0.573 0.015 0.031
1 0.502 0.575 0.017 0.032
1 0.496 0.511 0.014 0.026
1 0.464 0.486 0.012 0.023
1 0.325 0.498 0.015 0.026
1 0.294 0.471 0.015 0.029
1 0.267 0.528 0.018 0.028
1 0.241 0.483 0.015 0.023
1 0.207 0.49 0.015 0.026
1 0.225 0.572 0.016 0.028
1 0.185 0.558 0.015 0.026
1 0.166 0.521 0.016 0.029
1 0.175 0.492 0.015 0.023
1 0.605 0.597 0.015 0.029
1 0.545 0.594 0.016 0.025
1 0.55 0.532 0.014 0.028
1 0.592 0.512 0.017 0.031
1 0.627 0.47 0.014 0.029
1 0.654 0.53 0.013 0.029
1 0.683 0.478 0.016 0.031
1 0.728 0.488 0.016 0.028
1 0.714 0.54 0.017 0.032
1 0.649 0.597 0.015 0.028
1 0.571 0.459 0.014 0.025
1 0.527 0.477 0.014 0.025
1 0.731 0.63 0.017 0.031
1 0.864 0.553 0.015 0.026
1 0.912 0.566 0.018 0.028
1 0.946 0.53 0.017 0.026
1 0.891 0.5 0.016 0.028
1 0.903 0.469 0.016 0.026
1 0.835 0.477 0.016 0.029
1 0.816 0.509 0.016 0.031
1 0.811 0.564 0.016 0.026
1 0.804 0.617 0.019 0.034
1 0.853 0.63 0.017 0.031
1 0.912 0.635 0.019 0.028
1 0.911 0.698 0.018 0.034
1 0.754 0.552 0.014 0.029
1 0.779 0.482 0.016 0.032
1 0.793 0.469 0.013 0.026
1 0.894 0.375 0.013 0.029
1 0.872 0.415 0.013 0.025
1 0.837 0.437 0.014 0.028
1 0.828 0.392 0.015 0.026
1 0.841 0.362 0.014 0.022
1 0.828 0.332 0.013 0.02
1 0.801 0.352 0.012 0.022
1 0.761 0.326 0.012 0.022
1 0.739 0.281 0.014 0.026
1 0.725 0.334 0.013 0.023
1 0.723 0.367 0.014 0.026
1 0.752 0.411 0.014 0.026
1 0.774 0.382 0.015 0.023
1 0.799 0.414 0.015 0.026
1 0.629 0.332 0.013 0.025
1 0.665 0.283 0.012 0.025
1 0.704 0.295 0.012 0.025
1 0.685 0.332 0.011 0.023
1 0.665 0.385 0.013 0.026
1 0.688 0.42 0.014 0.026
1 0.642 0.414 0.015 0.028
1 0.597 0.408 0.012 0.022
1 0.555 0.412 0.012 0.022
1 0.54 0.373 0.013 0.022
1 0.577 0.335 0.012 0.025
1 0.575 0.277 0.012 0.02
1 0.623 0.292 0.011 0.022
1 0.614 0.26 0.013 0.025
1 0.553 0.251 0.012 0.022
1 0.537 0.276 0.012 0.025
1 0.509 0.258 0.013 0.02
1 0.528 0.33 0.013 0.022
1 0.494 0.297 0.011 0.018
1 0.479 0.247 0.01 0.019
1 0.484 0.338 0.011 0.023
1 0.5 0.372 0.013 0.026
1 0.512 0.427 0.013 0.025
1 0.48 0.412 0.013 0.022
1 0.607 0.365 0.013 0.026
1 0.407 0.388 0.012 0.023
1 0.439 0.408 0.013 0.026
1 0.462 0.37 0.013 0.026
1 0.442 0.452 0.013 0.023
1 0.397 0.43 0.013 0.023
1 0.365 0.456 0.014 0.028
1 0.377 0.367 0.013 0.025
1 0.37 0.317 0.014 0.025
1 0.425 0.348 0.013 0.026
1 0.452 0.314 0.013 0.025
1 0.47 0.278 0.014 0.023
1 0.441 0.252 0.01 0.023
1 0.427 0.273 0.012 0.022
1 0.412 0.305 0.012 0.025
1 0.379 0.277 0.011 0.023
1 0.342 0.294 0.011 0.02
1 0.317 0.258 0.01 0.022
1 0.292 0.298 0.014 0.022
1 0.306 0.34 0.013 0.025
1 0.33 0.377 0.012 0.022
1 0.346 0.407 0.017 0.029
1 0.314 0.418 0.014 0.025
1 0.285 0.385 0.015 0.026
1 0.27 0.429 0.016 0.023
1 0.21 0.453 0.017 0.025
1 0.204 0.415 0.014 0.025
1 0.221 0.391 0.014 0.026
1 0.244 0.398 0.014 0.029
1 0.263 0.344 0.012 0.023
1 0.215 0.353 0.013 0.026
1 0.187 0.337 0.014 0.023
1 0.212 0.303 0.013 0.023
1 0.237 0.31 0.013 0.025
1 0.171 0.4 0.015 0.025
1 0.18 0.367 0.013 0.023
1 0.146 0.352 0.015 0.022
1 0.137 0.382 0.015 0.023
1 0.121 0.434 0.015 0.025
1 0.132 0.475 0.016 0.028
1 0.174 0.449 0.016 0.028
1 0.091 0.401 0.017 0.026
1 0.062 0.433 0.016 0.025
1 0.066 0.464 0.016 0.026
1 0.074 0.512 0.017 0.025
1 0.09 0.48 0.017 0.022
1 0.105 0.504 0.018 0.023
1 0.129 0.524 0.015 0.029
1 0.116 0.555 0.02 0.026
1 0.259 0.278 0.014 0.023
