1 0.088 0.347 0.044 0.085
1 0.095 0.251 0.043 0.075
1 0.193 0.28 0.041 0.07
1 0.233 0.259 0.032 0.076
1 0.273 0.314 0.039 0.078
1 0.217 0.38 0.043 0.075
1 0.345 0.245 0.04 0.072
1 0.325 0.322 0.039 0.061
1 0.367 0.343 0.04 0.078
1 0.4 0.301 0.035 0.072
1 0.468 0.229 0.033 0.063
1 0.495 0.257 0.042 0.081
1 0.558 0.252 0.036 0.064
1 0.535 0.261 0.015 0.031
1 0.556 0.351 0.04 0.076
1 0.508 0.424 0.04 0.078
1 0.427 0.41 0.04 0.073
1 0.333 0.546 0.046 0.091
1 0.459 0.644 0.039 0.067
1 0.615 0.324 0.036 0.073
1 0.656 0.361 0.034 0.072
1 0.709 0.437 0.037 0.078
1 0.803 0.471 0.044 0.079
1 0.865 0.461 0.045 0.079
1 0.845 0.312 0.035 0.076
1 0.772 0.337 0.041 0.078
1 0.709 0.309 0.042 0.067
1 0.688 0.228 0.034 0.061
1 0.642 0.259 0.035 0.07
1 0.753 0.242 0.036 0.066
1 0.726 0.245 0.034 0.059
1 0.845 0.229 0.031 0.048
1 0.823 0.238 0.017 0.031
1 0.917 0.297 0.043 0.067
1 0.931 0.236 0.019 0.037
1 0.604 0.268 0.016 0.029
