1 0.106 0.575 0.031 0.06
1 0.223 0.464 0.033 0.069
1 0.229 0.652 0.043 0.076
1 0.348 0.642 0.038 0.073
1 0.347 0.561 0.028 0.047
1 0.431 0.552 0.025 0.048
1 0.332 0.478 0.035 0.073
1 0.283 0.447 0.023 0.047
1 0.519 0.808 0.031 0.039
1 0.625 0.73 0.035 0.056
1 0.69 0.697 0.031 0.044
1 0.815 0.574 0.013 0.019
1 0.823 0.576 0.008 0.018
1 0.841 0.624 0.01 0.019
1 0.899 0.683 0.012 0.016
1 0.908 0.678 0.007 0.016
1 0.914 0.664 0.011 0.022
1 0.93 0.583 0.011 0.031
1 0.9 0.599 0.005 0.015
1 0.033 0.326 0.022 0.032
1 0.004 0.228 0.008 0.041
1 0.004 0.169 0.008 0.022
1 0.048 0.184 0.015 0.023
1 0.162 0.34 0.014 0.031
1 0.216 0.349 0.017 0.029
1 0.155 0.243 0.009 0.019
1 0.215 0.251 0.009 0.019
1 0.235 0.273 0.011 0.019
1 0.26 0.286 0.01 0.019
1 0.261 0.276 0.009 0.016
1 0.177 0.263 0.01 0.018
1 0.386 0.362 0.013 0.022
1 0.417 0.327 0.019 0.028
1 0.433 0.328 0.015 0.034
1 0.387 0.257 0.012 0.023
1 0.355 0.307 0.007 0.018
1 0.29 0.3 0.011 0.019
1 0.298 0.302 0.005 0.013
1 0.329 0.31 0.007 0.018
1 0.317 0.298 0.009 0.018
1 0.339 0.344 0.006 0.015
1 0.469 0.388 0.008 0.019
1 0.487 0.414 0.006 0.016
1 0.498 0.372 0.005 0.01
1 0.517 0.393 0.007 0.015
1 0.511 0.376 0.005 0.009
1 0.516 0.419 0.008 0.016
1 0.526 0.423 0.007 0.015
1 0.538 0.42 0.008 0.016
1 0.554 0.418 0.007 0.015
1 0.552 0.395 0.005 0.007
1 0.568 0.4 0.004 0.007
1 0.559 0.376 0.004 0.006
1 0.565 0.449 0.011 0.018
1 0.576 0.437 0.007 0.015
1 0.487 0.455 0.011 0.022
1 0.472 0.443 0.007 0.018
1 0.507 0.446 0.011 0.023
1 0.551 0.461 0.012 0.02
1 0.563 0.491 0.014 0.029
1 0.603 0.487 0.011 0.029
1 0.705 0.52 0.01 0.019
1 0.687 0.511 0.012 0.016
1 0.698 0.483 0.005 0.01
1 0.732 0.542 0.013 0.026
1 0.735 0.499 0.007 0.012
1 0.714 0.55 0.008 0.018
1 0.681 0.444 0.021 0.038
1 0.619 0.482 0.008 0.015
1 0.605 0.442 0.006 0.013
1 0.615 0.448 0.008 0.016
1 0.611 0.429 0.005 0.01
1 0.684 0.477 0.005 0.012
1 0.508 0.397 0.007 0.013
1 0.479 0.385 0.006 0.013
1 0.605 0.388 0.005 0.007
1 0.618 0.397 0.003 0.007
1 0.619 0.419 0.005 0.007
1 0.638 0.41 0.003 0.007
1 0.878 0.574 0.004 0.007
1 0.868 0.575 0.006 0.012
