1 0.105 0.204 0.012 0.021
1 0.178 0.177 0.016 0.026
1 0.086 0.189 0.012 0.014
1 0.075 0.211 0.011 0.023
1 0.259 0.237 0.02 0.031
1 0.149 0.206 0.011 0.02
1 0.162 0.178 0.008 0.014
1 0.508 0.288 0.029 0.043
1 0.455 0.249 0.024 0.039
1 0.411 0.237 0.015 0.023
1 0.45 0.192 0.017 0.022
1 0.544 0.192 0.016 0.022
1 0.417 0.315 0.026 0.039
1 0.168 0.156 0.007 0.014
1 0.189 0.16 0.007 0.014
1 0.827 0.165 0.029 0.048
1 0.856 0.156 0.019 0.029
1 0.686 0.197 0.027 0.043
1 0.601 0.184 0.023 0.035
1 0.683 0.268 0.025 0.042
1 0.771 0.505 0.045 0.068
1 0.901 0.432 0.032 0.053
1 0.956 0.459 0.035 0.056
1 0.13 0.251 0.018 0.031
1 0.419 0.172 0.013 0.018
1 0.392 0.061 0.004 0.007
1 0.423 0.066 0.009 0.012
1 0.455 0.119 0.006 0.009
1 0.72 0.208 0.02 0.033
1 0.669 0.199 0.018 0.029
1 0.556 0.251 0.026 0.034
1 0.76 0.135 0.015 0.025
1 0.081 0.268 0.016 0.025
1 0.95 0.135 0.031 0.031
1 0.864 0.047 0.008 0.01
1 0.892 0.104 0.013 0.021
1 0.816 0.094 0.007 0.01
1 0.803 0.088 0.006 0.009
1 0.302 0.126 0.009 0.016
1 0.362 0.09 0.004 0.007
1 0.32 0.084 0.005 0.007
1 0.209 0.128 0.009 0.014
1 0.196 0.128 0.011 0.016
1 0.372 0.126 0.01 0.012
1 0.357 0.11 0.005 0.007
1 0.398 0.076 0.006 0.012
1 0.353 0.254 0.023 0.039
1 0.007 0.324 0.015 0.027
1 0.446 0.16 0.007 0.013
1 0.448 0.145 0.007 0.014
1 0.489 0.13 0.006 0.01
1 0.505 0.137 0.012 0.021
1 0.52 0.145 0.007 0.013
1 0.534 0.133 0.012 0.02
1 0.499 0.182 0.014 0.02
1 0.981 0.33 0.038 0.066
1 0.564 0.727 0.062 0.077
1 0.528 0.088 0.005 0.009
1 0.53 0.107 0.006 0.01
1 0.471 0.142 0.008 0.013
1 0.403 0.147 0.006 0.01
1 0.572 0.085 0.005 0.01
1 0.38 0.664 0.048 0.07
1 0.259 0.631 0.048 0.072
1 0.349 0.425 0.033 0.053
1 0.499 0.421 0.038 0.052
1 0.21 0.415 0.034 0.051
1 0.09 0.44 0.028 0.047
1 0.118 0.374 0.027 0.031
1 0.205 0.353 0.026 0.042
1 0.158 0.313 0.02 0.03
1 0.332 0.336 0.024 0.042
1 0.059 0.38 0.024 0.035
1 0.083 0.33 0.02 0.03
1 0.191 0.26 0.017 0.027
1 0.262 0.296 0.018 0.034
1 0.371 0.275 0.021 0.04
1 0.031 0.683 0.046 0.066
1 0.816 0.245 0.027 0.044
1 0.422 0.135 0.009 0.013
1 0.819 0.019 0.009 0.012
1 0.586 0.085 0.008 0.012
1 0.589 0.124 0.01 0.016
1 0.845 0.102 0.011 0.016
1 0.864 0.115 0.014 0.02
1 0.89 0.118 0.016 0.022
1 0.897 0.145 0.019 0.031
1 0.876 0.049 0.009 0.014
1 0.918 0.062 0.01 0.016
1 0.793 0.089 0.008 0.012
1 0.803 0.109 0.011 0.017
1 0.77 0.098 0.008 0.009
1 0.635 0.091 0.008 0.013
1 0.62 0.096 0.007 0.007
1 0.715 0.114 0.013 0.022
1 0.748 0.081 0.01 0.013
1 0.964 0.06 0.011 0.018
1 0.989 0.076 0.006 0.01
1 0.395 0.189 0.014 0.021
