1 0.833 0.048 0.03 0.04
1 0.804 0.14 0.03 0.031
1 0.77 0.095 0.022 0.036
1 0.752 0.191 0.023 0.037
1 0.69 0.284 0.03 0.038
1 0.597 0.158 0.028 0.042
1 0.656 0.091 0.017 0.02
1 0.54 0.105 0.016 0.024
1 0.546 0.287 0.03 0.033
1 0.493 0.125 0.017 0.029
1 0.47 0.138 0.021 0.033
1 0.451 0.089 0.015 0.029
1 0.408 0.231 0.022 0.028
1 0.449 0.22 0.02 0.036
1 0.332 0.198 0.024 0.043
1 0.329 0.072 0.017 0.029
1 0.213 0.183 0.026 0.041
1 0.127 0.18 0.027 0.036
1 0.151 0.27 0.036 0.037
1 0.086 0.26 0.03 0.037
1 0.259 0.266 0.021 0.029
1 0.366 0.366 0.025 0.037
1 0.696 0.53 0.035 0.036
1 0.592 0.543 0.021 0.034
1 0.495 0.607 0.017 0.029
1 0.466 0.551 0.021 0.037
1 0.331 0.669 0.031 0.047
