1 0.147 0.682 0.016 0.023
1 0.174 0.818 0.016 0.023
1 0.198 0.692 0.016 0.028
1 0.227 0.692 0.016 0.025
1 0.249 0.813 0.016 0.026
1 0.271 0.704 0.012 0.022
1 0.307 0.813 0.013 0.016
1 0.306 0.69 0.012 0.02
1 0.343 0.692 0.014 0.022
1 0.375 0.737 0.012 0.022
1 0.38 0.679 0.015 0.023
1 0.414 0.704 0.012 0.022
1 0.391 0.811 0.014 0.023
1 0.451 0.713 0.011 0.018
1 0.491 0.713 0.013 0.023
1 0.536 0.718 0.012 0.022
1 0.556 0.713 0.012 0.02
1 0.591 0.606 0.02 0.032
1 0.647 0.736 0.011 0.016
1 0.662 0.723 0.013 0.022
1 0.718 0.697 0.013 0.02
1 0.707 0.698 0.008 0.013
1 0.741 0.695 0.012 0.019
1 0.732 0.813 0.017 0.023
1 0.769 0.672 0.019 0.023
1 0.819 0.667 0.014 0.028
1 0.875 0.658 0.017 0.028
1 0.805 0.818 0.017 0.026
1 0.49 0.604 0.009 0.013
1 0.478 0.617 0.005 0.007
1 0.793 0.408 0.006 0.015
1 0.822 0.403 0.005 0.013
1 0.503 0.392 0.008 0.016
1 0.514 0.412 0.007 0.013
1 0.527 0.391 0.006 0.015
1 0.474 0.406 0.007 0.013
1 0.466 0.425 0.005 0.009
