1 0.218 0.417 0.031 0.056
1 0.165 0.384 0.021 0.044
1 0.161 0.345 0.016 0.022
1 0.151 0.39 0.015 0.032
1 0.202 0.373 0.024 0.035
1 0.231 0.357 0.019 0.031
1 0.241 0.417 0.019 0.041
1 0.267 0.415 0.025 0.046
1 0.299 0.405 0.021 0.038
1 0.288 0.405 0.016 0.027
1 0.319 0.413 0.016 0.031
1 0.293 0.468 0.025 0.047
1 0.254 0.438 0.012 0.019
1 0.35 0.435 0.021 0.04
1 0.349 0.387 0.019 0.029
1 0.378 0.412 0.015 0.024
1 0.389 0.441 0.02 0.031
1 0.37 0.376 0.017 0.034
1 0.396 0.395 0.016 0.029
1 0.409 0.412 0.017 0.035
1 0.427 0.42 0.018 0.037
1 0.444 0.409 0.017 0.029
1 0.423 0.381 0.017 0.031
1 0.467 0.403 0.017 0.04
1 0.479 0.385 0.016 0.031
1 0.495 0.39 0.014 0.028
1 0.49 0.42 0.016 0.029
1 0.504 0.432 0.019 0.037
1 0.523 0.417 0.014 0.027
1 0.519 0.384 0.014 0.027
1 0.541 0.395 0.016 0.029
1 0.55 0.409 0.015 0.029
1 0.562 0.415 0.018 0.034
1 0.59 0.422 0.018 0.037
1 0.605 0.393 0.018 0.032
1 0.537 0.444 0.02 0.034
1 0.811 0.4 0.037 0.066
1 0.733 0.434 0.029 0.054
1 0.688 0.428 0.029 0.052
1 0.643 0.398 0.02 0.037
1 0.623 0.406 0.017 0.027
1 0.705 0.614 0.033 0.065
1 0.631 0.582 0.028 0.05
1 0.574 0.558 0.023 0.044
1 0.578 0.487 0.023 0.04
1 0.61 0.49 0.03 0.054
1 0.521 0.562 0.021 0.04
1 0.481 0.556 0.02 0.037
1 0.483 0.504 0.016 0.029
1 0.434 0.537 0.019 0.04
1 0.428 0.591 0.022 0.044
1 0.386 0.565 0.022 0.043
1 0.349 0.588 0.025 0.056
1 0.267 0.591 0.027 0.049
1 0.193 0.587 0.032 0.054
1 0.152 0.634 0.04 0.072
1 0.101 0.564 0.017 0.029
1 0.627 0.729 0.026 0.05
1 0.579 0.641 0.027 0.062
1 0.57 0.726 0.021 0.047
1 0.486 0.683 0.024 0.041
