1 0.047 0.253 0.033 0.036
1 0.042 0.293 0.031 0.052
1 0.167 0.291 0.032 0.056
1 0.047 0.374 0.04 0.061
1 0.116 0.443 0.035 0.069
1 0.205 0.311 0.028 0.047
1 0.206 0.439 0.052 0.086
1 0.257 0.371 0.031 0.052
1 0.263 0.457 0.048 0.065
1 0.036 0.492 0.039 0.073
1 0.305 0.508 0.044 0.068
1 0.334 0.408 0.03 0.053
1 0.373 0.401 0.047 0.076
1 0.418 0.299 0.031 0.044
1 0.44 0.394 0.053 0.103
1 0.458 0.491 0.051 0.096
1 0.53 0.433 0.04 0.056
1 0.56 0.447 0.039 0.044
1 0.586 0.411 0.042 0.061
1 0.622 0.496 0.043 0.057
1 0.643 0.417 0.038 0.064
1 0.698 0.432 0.035 0.053
1 0.724 0.487 0.036 0.068
1 0.763 0.47 0.032 0.057
1 0.825 0.407 0.04 0.069
1 0.85 0.413 0.029 0.062
1 0.896 0.392 0.036 0.057
1 0.89 0.444 0.036 0.057
1 0.809 0.502 0.042 0.069
1 0.889 0.516 0.043 0.068
1 0.929 0.43 0.023 0.043
1 0.949 0.51 0.037 0.057
1 0.123 0.302 0.036 0.065
