1 0.129 0.738 0.031 0.035
1 0.351 0.757 0.026 0.042
1 0.38 0.757 0.031 0.053
1 0.263 0.546 0.01 0.02
1 0.433 0.787 0.029 0.048
1 0.623 0.645 0.022 0.029
1 0.615 0.585 0.016 0.027
1 0.627 0.583 0.005 0.012
1 0.58 0.604 0.015 0.025
1 0.562 0.551 0.013 0.018
1 0.412 0.497 0.014 0.021
1 0.431 0.503 0.007 0.017
1 0.367 0.484 0.01 0.017
1 0.602 0.479 0.008 0.012
1 0.48 0.438 0.008 0.013
1 0.507 0.527 0.008 0.013
1 0.575 0.451 0.008 0.013
1 0.587 0.478 0.007 0.01
1 0.609 0.482 0.005 0.009
1 0.592 0.457 0.006 0.01
1 0.111 0.095 0.009 0.016
1 0.101 0.09 0.009 0.018
1 0.122 0.1 0.005 0.01
1 0.964 0.697 0.021 0.04
1 0.855 0.461 0.008 0.013
1 0.836 0.459 0.007 0.012
1 0.845 0.449 0.005 0.008
1 0.8 0.452 0.009 0.013
1 0.92 0.474 0.005 0.01
1 0.916 0.477 0.006 0.007
1 0.244 0.087 0.01 0.014
1 0.229 0.085 0.007 0.008
1 0.212 0.082 0.009 0.013
1 0.694 0.409 0.006 0.008
