1 0.019 0.586 0.038 0.088
1 0.056 0.562 0.034 0.067
1 0.03 0.52 0.039 0.07
1 0.065 0.431 0.037 0.073
1 0.145 0.18 0.025 0.058
1 0.119 0.231 0.022 0.049
1 0.205 0.106 0.027 0.057
1 0.288 0.127 0.029 0.054
1 0.281 0.365 0.109 0.208
1 0.404 0.274 0.106 0.196
1 0.469 0.376 0.093 0.213
1 0.664 0.37 0.024 0.052
1 0.733 0.545 0.036 0.084
1 0.676 0.497 0.032 0.071
1 0.774 0.471 0.027 0.058
1 0.755 0.426 0.027 0.06
1 0.686 0.412 0.022 0.049
1 0.714 0.338 0.026 0.055
1 0.788 0.408 0.028 0.054
1 0.786 0.369 0.021 0.045
1 0.822 0.337 0.024 0.047
1 0.859 0.365 0.024 0.049
1 0.823 0.479 0.037 0.078
1 0.855 0.454 0.027 0.07
1 0.832 0.446 0.025 0.065
1 0.902 0.414 0.029 0.062
1 0.938 0.454 0.025 0.054
1 0.958 0.524 0.032 0.063
1 0.984 0.395 0.021 0.05
1 0.98 0.34 0.021 0.044
1 0.919 0.356 0.023 0.049
1 0.959 0.403 0.023 0.055
1 0.933 0.765 0.092 0.214
1 0.873 0.636 0.043 0.093
1 0.81 0.601 0.034 0.073
1 0.871 0.541 0.032 0.065
1 0.912 0.493 0.03 0.067
1 0.623 0.475 0.024 0.06
1 0.619 0.377 0.026 0.057
