1 0.946 0.255 0.021 0.067
1 0.935 0.24 0.02 0.065
1 0.863 0.212 0.02 0.056
1 0.82 0.113 0.021 0.053
1 0.802 0.215 0.018 0.049
1 0.811 0.34 0.022 0.07
1 0.856 0.41 0.018 0.063
1 0.75 0.109 0.019 0.06
1 0.736 0.223 0.02 0.06
1 0.656 0.216 0.02 0.06
1 0.667 0.145 0.021 0.058
1 0.588 0.187 0.02 0.058
1 0.588 0.103 0.018 0.053
1 0.619 0.337 0.021 0.065
1 0.704 0.334 0.016 0.04
1 0.437 0.197 0.02 0.063
1 0.509 0.076 0.021 0.053
1 0.423 0.115 0.019 0.058
1 0.352 0.087 0.02 0.067
1 0.349 0.19 0.019 0.063
1 0.331 0.312 0.017 0.06
1 0.276 0.201 0.02 0.063
1 0.269 0.123 0.019 0.056
1 0.2 0.145 0.021 0.063
1 0.202 0.079 0.02 0.047
1 0.128 0.198 0.017 0.06
1 0.11 0.09 0.018 0.058
1 0.056 0.194 0.019 0.063
1 0.247 0.267 0.021 0.056
1 0.46 0.185 0.015 0.049
