1 0.67 0.214 0.067 0.137
1 0.555 0.291 0.075 0.156
1 0.475 0.214 0.059 0.128
1 0.254 0.471 0.024 0.047
1 0.111 0.397 0.039 0.066
1 0.17 0.809 0.038 0.058
1 0.102 0.482 0.019 0.045
1 0.034 0.493 0.029 0.054
1 0.747 0.672 0.009 0.012
1 0.733 0.668 0.007 0.015
1 0.72 0.664 0.007 0.013
1 0.706 0.652 0.01 0.015
1 0.694 0.643 0.01 0.015
1 0.72 0.738 0.009 0.016
1 0.712 0.773 0.01 0.016
1 0.707 0.731 0.008 0.013
1 0.689 0.727 0.009 0.015
1 0.67 0.709 0.009 0.016
1 0.649 0.687 0.011 0.022
1 0.612 0.878 0.008 0.01
1 0.578 0.456 0.008 0.01
1 0.558 0.456 0.007 0.013
1 0.534 0.452 0.008 0.012
1 0.511 0.448 0.007 0.012
1 0.492 0.443 0.007 0.012
1 0.424 0.419 0.024 0.054
1 0.44 0.249 0.017 0.022
1 0.336 0.352 0.02 0.025
1 0.27 0.128 0.012 0.025
1 0.621 0.982 0.006 0.013
1 0.625 0.897 0.008 0.012
1 0.579 0.901 0.01 0.015
1 0.575 0.923 0.008 0.015
1 0.64 0.934 0.009 0.013
1 0.644 0.976 0.006 0.01
1 0.65 0.958 0.005 0.007
1 0.637 0.996 0.007 0.009
1 0.66 0.937 0.005 0.007
