1 0.957 0.861 0.032 0.052
1 0.87 0.843 0.032 0.036
1 0.875 0.794 0.028 0.038
1 0.879 0.725 0.028 0.05
1 0.926 0.689 0.03 0.047
1 0.981 0.82 0.021 0.045
1 0.832 0.675 0.027 0.045
1 0.782 0.638 0.03 0.049
1 0.733 0.689 0.027 0.041
1 0.708 0.74 0.027 0.038
1 0.672 0.792 0.03 0.049
1 0.658 0.703 0.026 0.04
1 0.671 0.632 0.025 0.04
1 0.938 0.632 0.019 0.038
1 0.803 0.712 0.026 0.04
1 0.701 0.601 0.027 0.032
1 0.879 0.583 0.024 0.039
1 0.91 0.535 0.027 0.047
1 0.954 0.586 0.027 0.03
1 0.983 0.539 0.015 0.038
1 0.983 0.499 0.016 0.034
1 0.944 0.426 0.022 0.029
1 0.963 0.377 0.021 0.036
1 0.978 0.348 0.02 0.025
1 0.922 0.472 0.022 0.032
1 0.886 0.41 0.022 0.036
1 0.875 0.378 0.021 0.03
1 0.843 0.461 0.021 0.032
1 0.806 0.519 0.026 0.041
1 0.77 0.578 0.022 0.039
1 0.752 0.485 0.025 0.039
1 0.788 0.425 0.019 0.027
1 0.762 0.456 0.021 0.027
1 0.838 0.346 0.023 0.032
1 0.907 0.345 0.022 0.03
1 0.724 0.528 0.025 0.046
1 0.69 0.468 0.024 0.038
1 0.72 0.41 0.025 0.046
1 0.707 0.379 0.021 0.036
1 0.802 0.376 0.021 0.022
1 0.652 0.547 0.024 0.03
1 0.659 0.386 0.022 0.034
1 0.959 0.242 0.021 0.033
1 0.937 0.284 0.021 0.034
1 0.913 0.204 0.021 0.03
1 0.945 0.144 0.018 0.021
1 0.871 0.32 0.016 0.028
1 0.849 0.297 0.021 0.035
1 0.827 0.25 0.021 0.034
1 0.888 0.234 0.02 0.028
1 0.982 0.19 0.014 0.03
1 0.985 0.157 0.013 0.029
1 0.908 0.178 0.021 0.027
1 0.858 0.191 0.017 0.027
1 0.891 0.194 0.018 0.021
1 0.829 0.22 0.016 0.023
1 0.792 0.288 0.021 0.027
1 0.796 0.181 0.019 0.025
1 0.785 0.237 0.019 0.027
1 0.629 0.854 0.031 0.052
1 0.589 0.792 0.026 0.041
1 0.617 0.723 0.03 0.04
1 0.439 0.723 0.032 0.044
1 0.456 0.686 0.026 0.038
1 0.444 0.855 0.031 0.047
1 0.964 0.13 0.018 0.028
1 0.977 0.086 0.019 0.033
1 0.938 0.072 0.018 0.024
1 0.911 0.121 0.017 0.025
1 0.914 0.078 0.02 0.027
1 0.872 0.135 0.02 0.025
1 0.837 0.117 0.017 0.025
1 0.816 0.106 0.019 0.024
1 0.802 0.072 0.015 0.024
1 0.894 0.051 0.015 0.019
1 0.861 0.046 0.015 0.021
1 0.939 0.047 0.017 0.017
1 0.828 0.166 0.019 0.021
1 0.838 0.065 0.018 0.021
1 0.856 0.072 0.015 0.022
1 0.872 0.099 0.017 0.023
1 0.786 0.117 0.019 0.027
1 0.752 0.101 0.018 0.021
1 0.769 0.07 0.016 0.023
1 0.75 0.048 0.017 0.023
1 0.799 0.049 0.017 0.018
1 0.761 0.158 0.019 0.027
1 0.771 0.206 0.018 0.024
1 0.727 0.22 0.021 0.027
1 0.691 0.195 0.021 0.03
1 0.718 0.157 0.016 0.024
1 0.726 0.058 0.016 0.027
1 0.662 0.214 0.019 0.032
1 0.616 0.133 0.018 0.028
1 0.639 0.096 0.017 0.023
1 0.686 0.085 0.016 0.024
1 0.667 0.124 0.013 0.021
1 0.663 0.158 0.015 0.021
1 0.636 0.174 0.015 0.023
1 0.608 0.195 0.016 0.023
1 0.742 0.192 0.015 0.019
1 0.667 0.066 0.016 0.025
1 0.785 0.323 0.019 0.033
1 0.756 0.335 0.02 0.041
1 0.825 0.378 0.019 0.035
1 0.724 0.314 0.021 0.034
1 0.718 0.279 0.021 0.033
1 0.693 0.242 0.021 0.034
1 0.671 0.293 0.022 0.03
1 0.683 0.344 0.021 0.038
1 0.644 0.333 0.017 0.021
1 0.622 0.354 0.02 0.034
1 0.602 0.29 0.021 0.034
1 0.63 0.24 0.019 0.025
1 0.595 0.224 0.018 0.028
1 0.558 0.191 0.017 0.029
1 0.563 0.243 0.019 0.028
1 0.536 0.214 0.021 0.034
1 0.575 0.311 0.023 0.028
1 0.544 0.346 0.021 0.042
1 0.584 0.38 0.023 0.035
1 0.633 0.421 0.023 0.038
1 0.566 0.418 0.023 0.042
1 0.594 0.514 0.022 0.035
1 0.606 0.573 0.023 0.04
1 0.615 0.456 0.022 0.035
1 0.652 0.488 0.021 0.029
1 0.545 0.461 0.02 0.033
1 0.509 0.468 0.04 0.064
1 0.515 0.375 0.023 0.039
1 0.486 0.419 0.021 0.039
1 0.465 0.47 0.021 0.039
1 0.417 0.425 0.022 0.032
1 0.429 0.387 0.021 0.03
1 0.376 0.383 0.02 0.03
1 0.386 0.459 0.023 0.033
1 0.343 0.421 0.022 0.038
1 0.353 0.496 0.024 0.036
1 0.395 0.538 0.027 0.034
1 0.425 0.511 0.021 0.039
1 0.374 0.576 0.028 0.038
1 0.388 0.629 0.023 0.045
1 0.393 0.777 0.031 0.051
1 0.354 0.826 0.032 0.055
1 0.268 0.776 0.035 0.052
1 0.335 0.652 0.025 0.047
1 0.314 0.617 0.026 0.041
1 0.236 0.644 0.027 0.042
1 0.269 0.695 0.029 0.042
1 0.18 0.686 0.028 0.033
1 0.161 0.728 0.023 0.041
1 0.191 0.789 0.031 0.04
1 0.255 0.578 0.025 0.042
1 0.183 0.661 0.024 0.03
1 0.29 0.536 0.024 0.042
1 0.278 0.485 0.024 0.029
1 0.31 0.458 0.022 0.035
1 0.252 0.529 0.025 0.036
1 0.228 0.588 0.021 0.04
1 0.526 0.286 0.021 0.035
1 0.512 0.249 0.02 0.029
1 0.506 0.324 0.02 0.029
1 0.46 0.292 0.02 0.035
1 0.479 0.35 0.018 0.036
1 0.434 0.326 0.019 0.03
1 0.587 0.163 0.017 0.028
1 0.6 0.125 0.014 0.019
1 0.521 0.108 0.014 0.022
1 0.701 0.109 0.021 0.027
1 0.131 0.842 0.027 0.052
1 0.087 0.801 0.026 0.032
1 0.044 0.859 0.027 0.044
1 0.026 0.731 0.026 0.041
1 0.1 0.725 0.022 0.033
1 0.125 0.633 0.027 0.042
1 0.098 0.684 0.021 0.039
1 0.167 0.581 0.02 0.041
1 0.553 0.058 0.013 0.017
1 0.402 0.123 0.013 0.027
1 0.422 0.095 0.014 0.024
1 0.447 0.069 0.018 0.029
1 0.397 0.074 0.015 0.027
1 0.374 0.083 0.016 0.023
1 0.369 0.129 0.018 0.03
1 0.313 0.164 0.019 0.024
1 0.327 0.12 0.018 0.025
1 0.346 0.078 0.02 0.027
1 0.379 0.031 0.015 0.021
1 0.279 0.186 0.02 0.03
1 0.278 0.144 0.018 0.028
1 0.277 0.107 0.017 0.022
1 0.31 0.086 0.016 0.022
1 0.281 0.066 0.02 0.023
1 0.323 0.032 0.016 0.023
1 0.281 0.034 0.018 0.024
1 0.265 0.238 0.016 0.027
1 0.364 0.194 0.017 0.023
1 0.347 0.188 0.015 0.024
1 0.359 0.04 0.017 0.022
1 0.344 0.028 0.015 0.017
1 0.218 0.238 0.015 0.027
1 0.256 0.174 0.017 0.025
1 0.233 0.203 0.017 0.024
1 0.202 0.218 0.019 0.032
1 0.193 0.17 0.019 0.029
1 0.228 0.149 0.018 0.022
1 0.228 0.113 0.016 0.023
1 0.2 0.126 0.019 0.025
1 0.17 0.11 0.018 0.024
1 0.196 0.082 0.016 0.023
1 0.209 0.06 0.017 0.025
1 0.253 0.026 0.016 0.016
1 0.223 0.038 0.015 0.022
1 0.188 0.036 0.023 0.029
1 0.168 0.069 0.015 0.022
1 0.17 0.249 0.019 0.025
1 0.175 0.304 0.021 0.025
1 0.164 0.218 0.013 0.019
1 0.15 0.048 0.009 0.028
1 0.151 0.093 0.011 0.029
1 0.136 0.172 0.021 0.03
1 0.083 0.177 0.017 0.032
1 0.044 0.192 0.017 0.027
1 0.028 0.155 0.019 0.024
1 0.081 0.136 0.017 0.027
1 0.063 0.144 0.018 0.027
1 0.104 0.147 0.017 0.024
1 0.087 0.095 0.017 0.022
1 0.066 0.065 0.014 0.023
1 0.041 0.103 0.018 0.019
1 0.125 0.035 0.016 0.029
1 0.109 0.065 0.016 0.023
1 0.159 0.029 0.015 0.016
1 0.138 0.217 0.016 0.025
1 0.07 0.212 0.018 0.03
1 0.144 0.329 0.02 0.036
1 0.09 0.244 0.021 0.029
1 0.046 0.243 0.02 0.027
1 0.053 0.32 0.025 0.039
1 0.093 0.334 0.024 0.041
1 0.021 0.307 0.021 0.024
1 0.017 0.208 0.016 0.034
1 0.04 0.39 0.021 0.028
1 0.02 0.353 0.021 0.032
1 0.019 0.433 0.021 0.033
1 0.107 0.108 0.018 0.027
1 0.252 0.084 0.016 0.023
1 0.312 0.055 0.016 0.025
1 0.077 0.041 0.015 0.019
1 0.015 0.035 0.013 0.019
1 0.039 0.135 0.015 0.022
1 0.156 0.197 0.016 0.022
