1 0.568 0.282 0.099 0.095
1 0.915 0.66 0.02 0.021
1 0.836 0.653 0.024 0.02
1 0.925 0.62 0.02 0.014
1 0.846 0.624 0.016 0.016
1 0.851 0.601 0.02 0.017
1 0.866 0.564 0.021 0.017
1 0.922 0.58 0.017 0.016
1 0.864 0.531 0.018 0.015
1 0.821 0.545 0.016 0.013
1 0.732 0.54 0.018 0.014
1 0.973 0.561 0.02 0.016
1 0.392 0.634 0.024 0.026
1 0.34 0.583 0.021 0.016
1 0.252 0.55 0.017 0.013
1 0.192 0.543 0.017 0.016
1 0.176 0.66 0.024 0.022
1 0.24 0.636 0.022 0.014
1 0.107 0.639 0.022 0.018
1 0.066 0.581 0.02 0.016
1 0.045 0.59 0.021 0.019
1 0.082 0.55 0.021 0.018
1 0.316 0.548 0.013 0.018
1 0.112 0.547 0.013 0.012
1 0.104 0.54 0.014 0.013
1 0.171 0.53 0.016 0.014
1 0.25 0.508 0.013 0.013
1 0.227 0.532 0.016 0.011
1 0.18 0.494 0.016 0.01
1 0.166 0.478 0.014 0.01
1 0.234 0.478 0.013 0.01
1 0.279 0.49 0.013 0.01
1 0.271 0.526 0.018 0.013
1 0.285 0.509 0.014 0.01
1 0.047 0.511 0.019 0.012
1 0.375 0.505 0.013 0.011
1 0.368 0.458 0.014 0.009
1 0.308 0.47 0.014 0.011
1 0.87 0.48 0.014 0.009
1 0.747 0.499 0.015 0.012
1 0.799 0.515 0.02 0.014
1 0.144 0.46 0.012 0.012
1 0.144 0.451 0.011 0.01
1 0.035 0.454 0.016 0.013
1 0.138 0.578 0.019 0.017
1 0.933 0.702 0.023 0.022
1 0.266 0.695 0.023 0.024
