1 0.541 0.373 0.028 0.042
1 0.079 0.624 0.017 0.044
1 0.703 0.669 0.011 0.018
1 0.676 0.663 0.009 0.019
1 0.685 0.64 0.01 0.018
1 0.698 0.616 0.01 0.02
1 0.722 0.625 0.008 0.018
1 0.696 0.582 0.007 0.013
1 0.729 0.588 0.008 0.013
1 0.724 0.552 0.008 0.015
1 0.751 0.556 0.01 0.018
1 0.771 0.613 0.01 0.02
1 0.792 0.555 0.008 0.015
1 0.801 0.596 0.008 0.02
1 0.786 0.624 0.009 0.013
1 0.787 0.642 0.009 0.013
1 0.767 0.673 0.011 0.019
1 0.743 0.655 0.011 0.022
1 0.749 0.623 0.009 0.016
1 0.78 0.695 0.01 0.02
1 0.608 0.607 0.007 0.013
1 0.591 0.622 0.008 0.015
1 0.614 0.572 0.01 0.013
1 0.639 0.56 0.006 0.013
1 0.582 0.655 0.01 0.019
1 0.573 0.633 0.009 0.013
1 0.586 0.57 0.009 0.015
1 0.985 0.61 0.025 0.06
1 0.85 0.564 0.008 0.013
1 0.876 0.599 0.009 0.015
1 0.88 0.621 0.009 0.018
1 0.874 0.662 0.009 0.018
1 0.833 0.653 0.011 0.02
1 0.924 0.531 0.008 0.016
1 0.968 0.556 0.011 0.019
1 0.986 0.567 0.01 0.015
1 0.942 0.545 0.009 0.016
1 0.966 0.52 0.008 0.015
1 0.86 0.57 0.009 0.013
1 0.885 0.571 0.012 0.018
1 0.111 0.57 0.026 0.042
1 0.196 0.546 0.007 0.012
1 0.178 0.53 0.007 0.012
1 0.157 0.529 0.007 0.012
1 0.201 0.534 0.007 0.013
1 0.125 0.518 0.01 0.022
1 0.152 0.496 0.008 0.015
1 0.086 0.506 0.008 0.013
