1 0.754 0.768 0.012 0.016
1 0.77 0.755 0.013 0.016
1 0.8 0.713 0.012 0.022
1 0.718 0.754 0.009 0.019
1 0.673 0.844 0.01 0.019
1 0.848 0.656 0.013 0.022
1 0.821 0.727 0.014 0.028
1 0.61 0.811 0.017 0.026
1 0.696 0.625 0.011 0.019
1 0.532 0.628 0.012 0.019
1 0.574 0.869 0.017 0.022
1 0.961 0.814 0.007 0.012
1 0.972 0.79 0.007 0.01
1 0.703 0.694 0.012 0.02
1 0.386 0.69 0.012 0.018
1 0.396 0.863 0.012 0.022
1 0.293 0.801 0.012 0.023
1 0.321 0.736 0.011 0.016
1 0.192 0.797 0.012 0.02
1 0.162 0.709 0.012 0.02
1 0.119 0.718 0.01 0.02
1 0.208 0.664 0.01 0.02
1 0.464 0.848 0.011 0.02
1 0.051 0.686 0.013 0.019
1 0.032 0.719 0.014 0.02
1 0.071 0.693 0.012 0.018
1 0.483 0.782 0.012 0.023
1 0.511 0.819 0.013 0.023
1 0.241 0.787 0.013 0.02
1 0.468 0.648 0.011 0.018
