1 0.175 0.565 0.012 0.023
1 0.156 0.524 0.013 0.023
1 0.171 0.504 0.01 0.018
1 0.178 0.494 0.008 0.02
1 0.18 0.47 0.012 0.023
1 0.194 0.481 0.01 0.018
1 0.163 0.464 0.012 0.017
1 0.154 0.497 0.011 0.017
1 0.146 0.454 0.012 0.018
1 0.132 0.492 0.012 0.018
1 0.132 0.469 0.011 0.021
1 0.111 0.498 0.013 0.023
1 0.125 0.53 0.014 0.024
1 0.082 0.488 0.012 0.023
1 0.066 0.507 0.013 0.021
1 0.05 0.503 0.013 0.023
1 0.176 0.682 0.013 0.026
1 0.391 0.614 0.007 0.014
1 0.376 0.602 0.01 0.021
1 0.419 0.436 0.01 0.012
1 0.411 0.452 0.009 0.012
1 0.418 0.478 0.008 0.015
1 0.408 0.486 0.01 0.015
1 0.413 0.513 0.01 0.018
1 0.38 0.458 0.009 0.017
1 0.399 0.442 0.009 0.015
1 0.369 0.461 0.008 0.014
1 0.352 0.464 0.008 0.015
1 0.343 0.445 0.008 0.015
1 0.341 0.471 0.01 0.017
1 0.356 0.517 0.011 0.021
1 0.381 0.516 0.01 0.021
1 0.335 0.51 0.012 0.018
1 0.496 0.441 0.008 0.017
1 0.465 0.485 0.009 0.014
1 0.451 0.488 0.008 0.014
1 0.472 0.516 0.012 0.021
1 0.504 0.513 0.013 0.021
1 0.45 0.596 0.011 0.02
1 0.439 0.639 0.012 0.018
1 0.411 0.63 0.012 0.024
1 0.409 0.599 0.01 0.017
1 0.426 0.594 0.009 0.02
1 0.397 0.584 0.011 0.021
1 0.507 0.386 0.01 0.017
1 0.313 0.518 0.012 0.02
1 0.338 0.602 0.009 0.017
1 0.354 0.669 0.012 0.021
1 0.291 0.677 0.014 0.024
1 0.307 0.631 0.015 0.024
1 0.299 0.589 0.012 0.021
1 0.283 0.539 0.009 0.02
1 0.295 0.467 0.009 0.014
1 0.324 0.467 0.009 0.014
1 0.279 0.473 0.012 0.021
1 0.262 0.47 0.01 0.02
1 0.268 0.457 0.007 0.012
1 0.254 0.496 0.011 0.024
1 0.245 0.464 0.01 0.015
1 0.229 0.476 0.01 0.017
1 0.222 0.504 0.011 0.021
1 0.252 0.558 0.013 0.023
1 0.25 0.594 0.013 0.023
1 0.25 0.673 0.012 0.023
1 0.214 0.684 0.01 0.017
1 0.325 0.7 0.01 0.02
1 0.313 0.474 0.009 0.017
1 0.193 0.52 0.012 0.023
1 0.208 0.454 0.009 0.017
1 0.956 0.499 0.01 0.015
1 0.934 0.486 0.01 0.021
1 0.944 0.471 0.012 0.02
1 0.911 0.455 0.012 0.018
1 0.893 0.47 0.015 0.023
1 0.867 0.494 0.015 0.026
1 0.844 0.489 0.012 0.026
1 0.833 0.467 0.011 0.02
1 0.813 0.484 0.012 0.021
1 0.875 0.458 0.009 0.018
1 0.862 0.455 0.011 0.021
1 0.843 0.445 0.013 0.023
1 0.826 0.442 0.01 0.017
1 0.805 0.449 0.011 0.018
1 0.791 0.465 0.011 0.017
1 0.774 0.405 0.01 0.018
1 0.795 0.436 0.009 0.014
1 0.784 0.458 0.009 0.017
1 0.771 0.47 0.012 0.021
1 0.766 0.439 0.008 0.018
1 0.756 0.477 0.013 0.026
1 0.75 0.461 0.011 0.018
1 0.739 0.465 0.008 0.017
1 0.736 0.451 0.008 0.015
1 0.73 0.47 0.009 0.017
1 0.722 0.52 0.01 0.02
1 0.699 0.519 0.009 0.018
1 0.713 0.476 0.01 0.018
1 0.691 0.497 0.008 0.014
1 0.701 0.561 0.011 0.017
1 0.708 0.593 0.008 0.018
1 0.661 0.515 0.011 0.02
1 0.658 0.475 0.008 0.015
1 0.712 0.429 0.009 0.02
1 0.715 0.395 0.011 0.018
1 0.741 0.395 0.009 0.018
1 0.686 0.407 0.011 0.021
1 0.663 0.401 0.009 0.014
1 0.649 0.397 0.011 0.02
1 0.633 0.401 0.009 0.018
1 0.634 0.481 0.01 0.018
1 0.683 0.583 0.01 0.02
1 0.63 0.59 0.011 0.018
1 0.657 0.612 0.009 0.017
1 0.757 0.651 0.01 0.024
1 0.75 0.623 0.011 0.02
1 0.706 0.678 0.012 0.02
1 0.713 0.646 0.01 0.02
1 0.706 0.63 0.01 0.021
1 0.664 0.644 0.011 0.02
1 0.648 0.632 0.01 0.02
1 0.63 0.653 0.012 0.023
1 0.609 0.623 0.012 0.02
1 0.588 0.609 0.012 0.02
1 0.595 0.58 0.01 0.02
1 0.58 0.577 0.011 0.017
1 0.594 0.511 0.01 0.018
1 0.622 0.488 0.008 0.017
1 0.6 0.467 0.009 0.017
1 0.589 0.442 0.01 0.015
1 0.572 0.433 0.009 0.017
1 0.566 0.476 0.009 0.015
1 0.56 0.451 0.009 0.018
1 0.546 0.393 0.01 0.018
1 0.612 0.405 0.01 0.021
1 0.563 0.516 0.011 0.021
1 0.593 0.665 0.011 0.023
1 0.584 0.65 0.01 0.02
1 0.554 0.648 0.01 0.018
1 0.673 0.634 0.008 0.02
1 0.698 0.621 0.01 0.02
1 0.544 0.604 0.009 0.021
1 0.529 0.609 0.009 0.02
1 0.518 0.646 0.011 0.021
1 0.516 0.624 0.01 0.02
1 0.492 0.662 0.012 0.024
1 0.487 0.631 0.01 0.021
1 0.479 0.608 0.01 0.017
1 0.503 0.616 0.01 0.021
1 0.535 0.508 0.009 0.018
1 0.528 0.468 0.011 0.017
1 0.531 0.448 0.009 0.02
1 0.546 0.442 0.008 0.018
1 0.512 0.444 0.01 0.02
1 0.492 0.486 0.006 0.012
1 0.446 0.435 0.011 0.02
1 0.464 0.445 0.01 0.02
1 0.629 0.524 0.011 0.021
1 0.445 0.514 0.012 0.02
1 0.497 0.472 0.011 0.021
1 0.479 0.442 0.011 0.018
1 0.371 0.645 0.012 0.021
1 0.193 0.454 0.011 0.021
