1 0.01 0.609 0.011 0.018
1 0.035 0.62 0.01 0.021
1 0.047 0.608 0.011 0.018
1 0.064 0.625 0.01 0.016
1 0.072 0.611 0.01 0.021
1 0.086 0.625 0.009 0.016
1 0.106 0.621 0.012 0.021
1 0.12 0.607 0.007 0.016
1 0.094 0.61 0.006 0.013
1 0.131 0.614 0.008 0.018
1 0.141 0.615 0.01 0.019
1 0.164 0.615 0.011 0.021
1 0.692 0.605 0.008 0.015
1 0.689 0.62 0.009 0.016
1 0.704 0.622 0.009 0.016
1 0.462 0.597 0.011 0.019
1 0.419 0.604 0.01 0.016
1 0.855 0.592 0.01 0.018
1 0.866 0.597 0.01 0.016
1 0.875 0.604 0.01 0.015
1 0.889 0.602 0.01 0.018
1 0.886 0.588 0.008 0.013
1 0.903 0.584 0.009 0.016
1 0.911 0.599 0.009 0.015
1 0.915 0.584 0.007 0.013
1 0.969 0.591 0.011 0.019
1 0.985 0.586 0.008 0.012
1 0.932 0.599 0.009 0.018
1 0.402 0.608 0.01 0.018
1 0.195 0.608 0.01 0.018
1 0.187 0.625 0.009 0.013
1 0.211 0.6 0.01 0.019
1 0.243 0.597 0.011 0.019
1 0.261 0.609 0.007 0.013
1 0.226 0.612 0.008 0.01
1 0.274 0.604 0.009 0.013
1 0.775 0.299 0.039 0.063
1 0.319 0.615 0.011 0.018
1 0.359 0.604 0.01 0.019
1 0.337 0.602 0.008 0.018
1 0.379 0.601 0.008 0.019
1 0.409 0.613 0.008 0.019
1 0.45 0.647 0.007 0.013
1 0.449 0.619 0.009 0.016
1 0.477 0.591 0.01 0.016
1 0.509 0.598 0.011 0.019
1 0.532 0.59 0.01 0.018
1 0.566 0.593 0.009 0.015
1 0.588 0.593 0.01 0.015
1 0.605 0.598 0.008 0.015
1 0.622 0.597 0.008 0.016
1 0.641 0.598 0.008 0.018
1 0.652 0.603 0.011 0.019
1 0.658 0.596 0.009 0.018
1 0.679 0.589 0.011 0.018
1 0.672 0.609 0.009 0.015
1 0.674 0.624 0.008 0.018
