1 0.145 0.927 0.057 0.12
1 0.114 0.91 0.033 0.086
1 0.11 0.74 0.038 0.063
1 0.024 0.788 0.022 0.045
1 0.212 0.613 0.022 0.04
1 0.2 0.675 0.029 0.041
1 0.19 0.766 0.031 0.059
1 0.293 0.924 0.061 0.111
1 0.443 0.898 0.051 0.095
1 0.373 0.755 0.031 0.067
1 0.38 0.648 0.025 0.054
1 0.436 0.643 0.029 0.054
1 0.366 0.594 0.023 0.044
1 0.333 0.652 0.024 0.04
1 0.285 0.61 0.024 0.045
1 0.414 0.6 0.024 0.041
1 0.446 0.539 0.025 0.053
1 0.162 0.578 0.012 0.026
1 0.248 0.786 0.043 0.066
1 0.391 0.867 0.04 0.056
1 0.169 0.594 0.018 0.023
1 0.317 0.567 0.016 0.025
1 0.35 0.466 0.012 0.02
1 0.357 0.49 0.013 0.022
1 0.58 0.821 0.053 0.113
1 0.526 0.74 0.035 0.075
1 0.559 0.668 0.037 0.073
1 0.509 0.593 0.027 0.05
1 0.536 0.584 0.023 0.041
1 0.632 0.752 0.04 0.066
1 0.582 0.611 0.033 0.047
1 0.388 0.485 0.014 0.019
1 0.528 0.474 0.017 0.028
1 0.502 0.485 0.014 0.022
1 0.485 0.48 0.015 0.023
1 0.463 0.484 0.014 0.022
1 0.455 0.5 0.012 0.022
1 0.639 0.528 0.02 0.042
1 0.638 0.493 0.021 0.037
1 0.614 0.452 0.016 0.025
1 0.625 0.454 0.013 0.02
1 0.563 0.441 0.013 0.018
1 0.503 0.408 0.007 0.012
1 0.719 0.783 0.061 0.12
1 0.763 0.736 0.04 0.086
1 0.884 0.837 0.062 0.136
1 0.744 0.971 0.088 0.05
1 0.778 0.611 0.045 0.07
1 0.707 0.54 0.035 0.057
1 0.642 0.492 0.018 0.026
1 0.717 0.455 0.024 0.031
1 0.979 0.745 0.043 0.117
1 0.875 0.676 0.065 0.114
1 0.989 0.54 0.021 0.075
1 0.785 0.462 0.025 0.042
1 0.893 0.402 0.019 0.04
1 0.932 0.34 0.024 0.029
1 0.866 0.344 0.017 0.026
1 0.875 0.316 0.011 0.016
1 0.696 0.418 0.013 0.019
1 0.69 0.396 0.013 0.019
1 0.669 0.407 0.011 0.015
1 0.671 0.429 0.011 0.02
1 0.68 0.341 0.006 0.009
1 0.655 0.346 0.006 0.01
1 0.65 0.348 0.006 0.007
1 0.65 0.335 0.006 0.01
1 0.67 0.335 0.006 0.01
1 0.63 0.35 0.005 0.009
1 0.63 0.338 0.006 0.009
1 0.643 0.387 0.009 0.015
1 0.609 0.395 0.01 0.016
1 0.562 0.375 0.008 0.012
1 0.717 0.361 0.009 0.019
1 0.768 0.374 0.012 0.022
1 0.773 0.352 0.008 0.019
1 0.782 0.333 0.008 0.01
1 0.729 0.512 0.029 0.037
1 0.471 0.703 0.032 0.059
1 0.634 0.664 0.032 0.051
1 0.35 0.588 0.02 0.037
1 0.342 0.545 0.013 0.023
1 0.336 0.529 0.01 0.015
1 0.348 0.519 0.007 0.016
1 0.386 0.551 0.015 0.026
1 0.41 0.566 0.013 0.025
1 0.821 0.364 0.011 0.019
1 0.82 0.341 0.014 0.02
1 0.916 0.431 0.014 0.022
1 0.037 0.572 0.01 0.018
