1 0.096 0.905 0.084 0.182
1 0.344 0.933 0.088 0.135
1 0.326 0.687 0.042 0.11
1 0.251 0.634 0.04 0.064
1 0.407 0.551 0.033 0.053
1 0.546 0.571 0.04 0.082
1 0.525 0.543 0.031 0.07
1 0.593 0.471 0.025 0.048
1 0.632 0.512 0.02 0.041
1 0.667 0.589 0.035 0.056
1 0.691 0.676 0.043 0.064
1 0.691 0.785 0.044 0.091
1 0.632 0.834 0.052 0.124
1 0.793 0.906 0.063 0.12
1 0.786 0.565 0.034 0.053
1 0.737 0.54 0.021 0.057
1 0.317 0.551 0.025 0.057
1 0.151 0.534 0.032 0.051
1 0.21 0.398 0.016 0.029
1 0.233 0.348 0.015 0.028
1 0.325 0.384 0.02 0.029
1 0.362 0.421 0.022 0.04
1 0.459 0.413 0.014 0.023
1 0.511 0.38 0.018 0.034
1 0.278 0.48 0.024 0.032
1 0.429 0.351 0.016 0.025
1 0.5 0.353 0.012 0.02
1 0.477 0.676 0.047 0.092
1 0.416 0.638 0.039 0.072
1 0.876 0.661 0.055 0.107
1 0.934 0.568 0.044 0.076
1 0.819 0.439 0.024 0.042
1 0.853 0.414 0.025 0.04
1 0.877 0.398 0.021 0.034
1 0.93 0.384 0.022 0.034
1 0.926 0.433 0.025 0.045
1 0.81 0.389 0.02 0.035
1 0.787 0.378 0.018 0.031
1 0.835 0.329 0.01 0.018
1 0.852 0.343 0.014 0.023
1 0.958 0.339 0.015 0.019
1 0.987 0.339 0.016 0.025
1 0.779 0.321 0.013 0.02
1 0.668 0.422 0.021 0.034
1 0.728 0.421 0.015 0.025
1 0.726 0.353 0.012 0.023
1 0.764 0.418 0.02 0.031
1 0.745 0.458 0.021 0.029
1 0.723 0.321 0.012 0.016
1 0.66 0.351 0.017 0.028
1 0.642 0.339 0.013 0.019
1 0.582 0.398 0.019 0.028
1 0.572 0.389 0.018 0.04
1 0.601 0.339 0.014 0.028
1 0.62 0.325 0.009 0.015
1 0.931 0.345 0.012 0.019
1 0.307 0.369 0.013 0.02
1 0.508 0.425 0.016 0.032
1 0.48 0.412 0.013 0.025
1 0.156 0.424 0.016 0.028
1 0.143 0.349 0.014 0.019
1 0.167 0.365 0.013 0.026
