1 0.166 0.257 0.047 0.098
1 0.193 0.13 0.013 0.023
1 0.212 0.123 0.011 0.018
1 0.294 0.19 0.055 0.101
1 0.257 0.121 0.023 0.025
1 0.345 0.102 0.019 0.038
1 0.367 0.123 0.037 0.064
1 0.411 0.082 0.023 0.038
1 0.438 0.151 0.054 0.105
1 0.494 0.153 0.039 0.078
1 0.61 0.211 0.056 0.108
1 0.624 0.1 0.029 0.044
1 0.681 0.126 0.027 0.047
1 0.712 0.221 0.051 0.111
1 0.767 0.094 0.023 0.045
1 0.84 0.225 0.05 0.1
1 0.841 0.106 0.03 0.051
1 0.882 0.097 0.024 0.044
1 0.908 0.135 0.027 0.048
1 0.939 0.113 0.012 0.019
1 0.967 0.132 0.011 0.02
1 0.112 0.146 0.01 0.018
