1 0.059 0.529 0.018 0.028
1 0.092 0.668 0.009 0.02
1 0.116 0.65 0.009 0.02
1 0.13 0.591 0.007 0.013
1 0.192 0.681 0.018 0.041
1 0.145 0.745 0.021 0.034
1 0.312 0.546 0.008 0.015
1 0.407 0.542 0.01 0.019
1 0.386 0.537 0.006 0.01
1 0.415 0.532 0.004 0.01
1 0.521 0.542 0.004 0.012
1 0.382 0.647 0.01 0.018
1 0.537 0.69 0.011 0.015
1 0.564 0.674 0.011 0.025
1 0.538 0.591 0.006 0.013
1 0.531 0.592 0.004 0.009
1 0.54 0.549 0.005 0.012
1 0.575 0.544 0.007 0.013
1 0.583 0.619 0.005 0.013
1 0.593 0.594 0.005 0.009
1 0.623 0.546 0.006 0.009
1 0.652 0.761 0.012 0.029
1 0.705 0.687 0.014 0.026
1 0.745 0.687 0.01 0.023
1 0.726 0.633 0.011 0.019
1 0.695 0.609 0.008 0.015
1 0.742 0.608 0.008 0.016
1 0.711 0.54 0.005 0.012
1 0.918 0.542 0.006 0.015
1 0.75 0.545 0.006 0.013
1 0.981 0.635 0.03 0.078
