1 0.044 0.337 0.03 0.065
1 0.079 0.34 0.03 0.066
1 0.105 0.341 0.032 0.063
1 0.139 0.334 0.029 0.058
1 0.172 0.317 0.032 0.063
1 0.211 0.307 0.028 0.06
1 0.245 0.292 0.034 0.074
1 0.282 0.277 0.034 0.069
1 0.333 0.248 0.036 0.071
1 0.388 0.19 0.038 0.092
1 0.459 0.31 0.016 0.034
1 0.504 0.274 0.036 0.074
1 0.546 0.231 0.036 0.079
1 0.593 0.291 0.035 0.069
1 0.657 0.272 0.036 0.073
1 0.714 0.248 0.038 0.081
1 0.747 0.302 0.026 0.066
1 0.812 0.281 0.036 0.081
1 0.893 0.191 0.048 0.085
1 0.964 0.297 0.032 0.084
