1 0.123 0.548 0.011 0.028
1 0.275 0.531 0.019 0.047
1 0.255 0.529 0.014 0.04
1 0.23 0.534 0.009 0.03
1 0.322 0.532 0.008 0.023
1 0.338 0.544 0.008 0.023
1 0.353 0.538 0.007 0.023
1 0.37 0.531 0.01 0.028
1 0.396 0.53 0.009 0.027
1 0.421 0.518 0.012 0.025
1 0.45 0.512 0.013 0.028
1 0.549 0.531 0.012 0.032
1 0.681 0.516 0.012 0.036
1 0.701 0.526 0.017 0.047
1 0.656 0.522 0.009 0.028
1 0.825 0.528 0.01 0.027
1 0.785 0.534 0.009 0.023
1 0.309 0.537 0.01 0.025
1 0.214 0.552 0.009 0.025
1 0.201 0.546 0.009 0.021
1 0.173 0.542 0.008 0.023
1 0.166 0.545 0.006 0.021
1 0.64 0.545 0.008 0.028
1 0.751 0.527 0.008 0.021
1 0.736 0.535 0.008 0.021
1 0.868 0.509 0.008 0.025
1 0.849 0.518 0.009 0.025
1 0.797 0.533 0.008 0.025
1 0.768 0.539 0.006 0.021
