1 0.216 0.466 0.045 0.052
1 0.433 0.591 0.029 0.034
1 0.489 0.59 0.023 0.029
1 0.403 0.591 0.021 0.026
1 0.557 0.596 0.025 0.025
1 0.793 0.589 0.026 0.032
1 0.827 0.612 0.029 0.033
1 0.852 0.617 0.023 0.025
1 0.887 0.616 0.027 0.033
1 0.931 0.593 0.026 0.034
1 0.989 0.62 0.022 0.027
1 0.02 0.563 0.026 0.031
1 0.87 0.322 0.014 0.017
1 0.836 0.338 0.018 0.02
1 0.773 0.317 0.013 0.018
1 0.78 0.297 0.017 0.018
1 0.797 0.276 0.014 0.017
1 0.746 0.306 0.017 0.019
1 0.857 0.284 0.014 0.017
1 0.889 0.259 0.016 0.017
1 0.992 0.242 0.014 0.019
1 0.96 0.385 0.017 0.02
1 0.811 0.214 0.017 0.017
1 0.824 0.147 0.014 0.019
1 0.863 0.155 0.015 0.014
1 0.884 0.198 0.019 0.02
1 0.902 0.18 0.018 0.019
1 0.908 0.152 0.017 0.019
1 0.875 0.119 0.013 0.015
1 0.85 0.1 0.019 0.021
1 0.915 0.133 0.013 0.015
1 0.727 0.338 0.017 0.02
1 0.474 0.215 0.013 0.015
1 0.417 0.164 0.017 0.019
1 0.44 0.152 0.017 0.023
1 0.491 0.133 0.018 0.018
1 0.51 0.151 0.018 0.02
1 0.53 0.148 0.016 0.016
1 0.55 0.17 0.013 0.017
1 0.539 0.182 0.014 0.014
1 0.54 0.204 0.016 0.018
1 0.498 0.206 0.01 0.015
1 0.568 0.14 0.016 0.017
1 0.589 0.159 0.014 0.013
1 0.521 0.347 0.016 0.023
1 0.47 0.38 0.018 0.022
1 0.406 0.285 0.017 0.02
1 0.431 0.27 0.016 0.022
1 0.449 0.277 0.015 0.015
1 0.301 0.312 0.013 0.015
1 0.317 0.295 0.015 0.015
1 0.341 0.268 0.016 0.019
1 0.292 0.282 0.018 0.018
1 0.272 0.334 0.014 0.015
1 0.248 0.368 0.015 0.019
1 0.217 0.353 0.015 0.016
1 0.218 0.33 0.015 0.018
1 0.216 0.285 0.018 0.017
1 0.219 0.304 0.013 0.014
1 0.254 0.29 0.014 0.016
1 0.268 0.306 0.012 0.013
1 0.279 0.262 0.012 0.014
1 0.311 0.268 0.016 0.018
1 0.354 0.231 0.016 0.013
1 0.298 0.225 0.017 0.016
1 0.297 0.247 0.017 0.019
1 0.26 0.242 0.014 0.015
1 0.274 0.225 0.017 0.016
1 0.184 0.31 0.019 0.018
1 0.148 0.345 0.02 0.022
1 0.138 0.366 0.017 0.019
1 0.417 0.339 0.016 0.02
1 0.424 0.364 0.016 0.019
1 0.193 0.261 0.018 0.023
1 0.23 0.221 0.016 0.019
1 0.386 0.24 0.018 0.019
1 0.321 0.204 0.016 0.019
1 0.047 0.297 0.013 0.016
1 0.087 0.386 0.02 0.022
1 0.061 0.375 0.017 0.018
1 0.099 0.361 0.019 0.021
1 0.088 0.335 0.016 0.02
1 0.007 0.339 0.014 0.017
1 0.04 0.278 0.017 0.019
1 0.082 0.291 0.013 0.014
1 0.099 0.283 0.015 0.018
1 0.171 0.277 0.015 0.019
1 0.167 0.255 0.011 0.014
1 0.09 0.263 0.021 0.02
1 0.101 0.243 0.014 0.016
1 0.124 0.262 0.013 0.014
1 0.144 0.302 0.016 0.02
1 0.144 0.275 0.016 0.017
1 0.013 0.205 0.017 0.022
1 0.047 0.206 0.014 0.017
1 0.092 0.198 0.013 0.013
1 0.12 0.206 0.013 0.018
1 0.145 0.208 0.011 0.015
1 0.019 0.236 0.012 0.017
1 0.134 0.13 0.021 0.025
1 0.184 0.206 0.017 0.017
1 0.359 0.146 0.018 0.023
1 0.399 0.15 0.018 0.021
1 0.967 0.176 0.021 0.021
1 0.731 0.069 0.013 0.016
1 0.746 0.052 0.015 0.017
1 0.814 0.047 0.016 0.014
1 0.802 0.07 0.013 0.018
1 0.773 0.072 0.015 0.016
1 0.852 0.031 0.015 0.017
1 0.854 0.07 0.014 0.021
1 0.923 0.067 0.011 0.014
1 0.924 0.091 0.012 0.015
1 0.961 0.067 0.014 0.017
1 0.932 0.053 0.017 0.016
1 0.965 0.033 0.014 0.018
1 0.974 0.049 0.012 0.015
1 0.04 0.095 0.014 0.019
1 0.11 0.089 0.01 0.015
1 0.008 0.086 0.009 0.016
1 0.753 0.15 0.017 0.021
1 0.397 0.177 0.019 0.019
1 0.14 0.588 0.027 0.034
1 0.778 0.408 0.021 0.022
1 0.819 0.413 0.018 0.021
1 0.854 0.411 0.018 0.025
1 0.848 0.396 0.02 0.02
1 0.905 0.393 0.018 0.022
1 0.931 0.392 0.021 0.025
1 0.958 0.408 0.019 0.02
1 0.917 0.367 0.02 0.024
1 0.958 0.354 0.016 0.018
1 0.911 0.342 0.019 0.023
1 0.872 0.35 0.014 0.017
1 0.817 0.385 0.02 0.02
1 0.843 0.37 0.015 0.018
1 0.795 0.375 0.014 0.016
1 0.791 0.344 0.018 0.02
1 0.751 0.345 0.014 0.017
1 0.911 0.42 0.013 0.016
1 0.955 0.306 0.017 0.02
1 0.996 0.326 0.009 0.013
1 0.988 0.354 0.013 0.015
1 0.916 0.301 0.02 0.019
1 0.927 0.286 0.017 0.021
1 0.944 0.16 0.014 0.016
1 0.946 0.133 0.017 0.021
1 0.967 0.107 0.016 0.018
1 0.975 0.159 0.015 0.016
1 0.74 0.198 0.016 0.018
1 0.768 0.244 0.014 0.015
1 0.797 0.234 0.015 0.017
1 0.698 0.237 0.015 0.019
1 0.69 0.214 0.017 0.017
1 0.653 0.231 0.015 0.016
1 0.598 0.23 0.013 0.016
1 0.628 0.169 0.015 0.021
1 0.648 0.15 0.017 0.021
1 0.786 0.101 0.013 0.017
1 0.819 0.106 0.013 0.015
1 0.804 0.125 0.013 0.015
1 0.782 0.139 0.029 0.033
1 0.636 0.105 0.015 0.017
1 0.655 0.12 0.017 0.018
1 0.593 0.127 0.015 0.018
1 0.619 0.122 0.016 0.017
1 0.596 0.099 0.019 0.021
1 0.708 0.138 0.016 0.017
1 0.741 0.105 0.017 0.017
1 0.445 0.232 0.016 0.018
1 0.488 0.251 0.016 0.018
1 0.52 0.25 0.018 0.017
1 0.533 0.227 0.017 0.02
1 0.518 0.175 0.015 0.016
1 0.474 0.181 0.016 0.017
1 0.445 0.18 0.013 0.016
1 0.107 0.568 0.027 0.029
