1 0.026 0.386 0.038 0.076
1 0.168 0.386 0.035 0.073
1 0.229 0.395 0.035 0.065
1 0.331 0.597 0.034 0.066
1 0.091 0.406 0.035 0.066
1 0.13 0.387 0.027 0.054
1 0.179 0.249 0.021 0.044
1 0.264 0.263 0.025 0.054
1 0.233 0.287 0.02 0.045
1 0.271 0.348 0.032 0.069
1 0.345 0.36 0.032 0.065
1 0.375 0.363 0.024 0.058
1 0.357 0.226 0.02 0.04
1 0.429 0.216 0.02 0.044
1 0.489 0.25 0.024 0.044
1 0.561 0.23 0.024 0.034
1 0.435 0.384 0.028 0.058
1 0.464 0.376 0.03 0.062
1 0.506 0.401 0.028 0.059
1 0.532 0.355 0.025 0.05
1 0.561 0.432 0.033 0.063
1 0.626 0.222 0.025 0.043
1 0.653 0.403 0.025 0.061
1 0.599 0.405 0.03 0.054
1 0.619 0.614 0.033 0.059
1 0.729 0.415 0.035 0.048
1 0.801 0.412 0.033 0.056
1 0.82 0.348 0.032 0.061
1 0.938 0.397 0.031 0.056
1 0.917 0.348 0.034 0.052
1 0.764 0.244 0.02 0.043
1 0.689 0.274 0.023 0.043
1 0.665 0.357 0.026 0.043
1 0.764 0.4 0.023 0.058
1 0.497 0.592 0.031 0.065
1 0.405 0.369 0.031 0.054
1 0.291 0.361 0.018 0.056
