1 0.1 0.329 0.042 0.056
1 0.113 0.268 0.023 0.035
1 0.208 0.312 0.059 0.096
1 0.277 0.342 0.036 0.051
1 0.314 0.279 0.02 0.026
1 0.376 0.325 0.029 0.051
1 0.395 0.305 0.021 0.047
1 0.396 0.266 0.025 0.034
1 0.431 0.314 0.033 0.06
1 0.531 0.282 0.021 0.033
1 0.529 0.243 0.021 0.034
1 0.483 0.326 0.055 0.092
1 0.569 0.356 0.023 0.043
1 0.586 0.277 0.024 0.039
1 0.611 0.275 0.021 0.034
1 0.627 0.365 0.027 0.046
1 0.658 0.285 0.024 0.031
1 0.674 0.356 0.052 0.092
1 0.735 0.309 0.025 0.042
1 0.762 0.344 0.021 0.039
1 0.759 0.279 0.02 0.04
1 0.777 0.309 0.029 0.049
1 0.831 0.342 0.061 0.104
1 0.898 0.341 0.03 0.052
1 0.882 0.307 0.02 0.03
1 0.924 0.345 0.026 0.055
1 0.942 0.338 0.019 0.03
1 0.989 0.383 0.021 0.052
1 0.803 0.295 0.013 0.025
1 0.507 0.339 0.025 0.043
1 0.15 0.276 0.021 0.034
1 0.938 0.329 0.001 0.004
