1 0.036 0.606 0.02 0.043
1 0.072 0.628 0.017 0.036
1 0.187 0.586 0.026 0.049
1 0.174 0.609 0.019 0.034
1 0.363 0.63 0.012 0.022
1 0.391 0.626 0.007 0.014
1 0.402 0.635 0.009 0.017
1 0.422 0.653 0.01 0.012
1 0.31 0.606 0.049 0.077
1 0.464 0.638 0.046 0.089
1 0.513 0.618 0.021 0.038
1 0.57 0.64 0.008 0.014
1 0.577 0.65 0.008 0.018
1 0.602 0.658 0.021 0.04
1 0.636 0.63 0.013 0.022
1 0.659 0.686 0.021 0.042
1 0.705 0.635 0.009 0.022
1 0.723 0.653 0.026 0.059
1 0.467 0.922 0.133 0.156
1 0.692 0.643 0.008 0.02
1 0.709 0.696 0.011 0.025
1 0.784 0.629 0.021 0.036
1 0.767 0.634 0.02 0.039
1 0.856 0.664 0.019 0.034
1 0.916 0.685 0.025 0.042
1 0.844 0.637 0.01 0.017
1 0.822 0.654 0.014 0.023
1 0.91 0.635 0.013 0.026
1 0.965 0.662 0.017 0.03
