1 0.01 0.41 0.02 0.071
1 0.029 0.399 0.017 0.034
1 0.084 0.39 0.022 0.056
1 0.126 0.429 0.042 0.076
1 0.166 0.413 0.016 0.044
1 0.196 0.401 0.023 0.046
1 0.28 0.468 0.053 0.072
1 0.323 0.389 0.015 0.025
1 0.496 0.404 0.017 0.034
1 0.653 0.412 0.018 0.044
1 0.697 0.449 0.021 0.069
1 0.781 0.422 0.022 0.044
1 0.807 0.441 0.019 0.053
1 0.711 0.392 0.012 0.022
1 0.716 0.39 0.011 0.022
1 0.867 0.448 0.019 0.031
1 0.899 0.437 0.011 0.021
1 0.917 0.452 0.02 0.028
1 0.948 0.439 0.017 0.028
1 0.978 0.445 0.015 0.019
1 0.87 0.411 0.017 0.025
