1 0.338 0.735 0.031 0.052
1 0.255 0.796 0.031 0.058
1 0.331 0.869 0.051 0.076
1 0.155 0.867 0.04 0.053
1 0.142 0.895 0.04 0.025
1 0.045 0.707 0.03 0.042
1 0.083 0.78 0.035 0.05
1 0.134 0.718 0.031 0.048
1 0.219 0.774 0.035 0.057
1 0.292 0.702 0.028 0.045
1 0.347 0.691 0.026 0.048
1 0.255 0.688 0.022 0.037
1 0.062 0.631 0.02 0.033
1 0.019 0.626 0.019 0.037
1 0.032 0.566 0.011 0.02
1 0.087 0.574 0.013 0.02
1 0.118 0.578 0.015 0.024
1 0.105 0.646 0.018 0.032
1 0.442 0.521 0.014 0.027
1 0.487 0.531 0.013 0.025
1 0.462 0.507 0.012 0.024
1 0.515 0.649 0.023 0.044
1 0.571 0.643 0.021 0.033
1 0.555 0.748 0.034 0.042
1 0.608 0.719 0.029 0.038
1 0.607 0.808 0.038 0.062
1 0.625 0.687 0.019 0.029
1 0.691 0.629 0.021 0.031
1 0.663 0.637 0.019 0.031
1 0.696 0.593 0.017 0.029
1 0.692 0.538 0.013 0.021
1 0.556 0.598 0.014 0.021
1 0.593 0.619 0.016 0.033
1 0.596 0.599 0.015 0.029
1 0.534 0.503 0.011 0.02
1 0.494 0.514 0.011 0.023
1 0.485 0.611 0.018 0.028
1 0.472 0.769 0.029 0.052
1 0.509 0.619 0.017 0.028
1 0.562 0.717 0.026 0.041
1 0.746 0.8 0.035 0.06
1 0.761 0.716 0.029 0.048
1 0.812 0.741 0.036 0.05
1 0.847 0.819 0.042 0.076
1 0.886 0.83 0.028 0.054
1 0.875 0.707 0.022 0.048
1 0.785 0.661 0.022 0.044
1 0.732 0.624 0.022 0.023
1 0.725 0.581 0.013 0.032
1 0.085 0.674 0.019 0.032
1 0.11 0.701 0.018 0.033
1 0.204 0.604 0.016 0.028
1 0.246 0.623 0.019 0.031
1 0.23 0.647 0.017 0.029
1 0.032 0.664 0.021 0.034
1 0.335 0.596 0.015 0.025
1 0.187 0.69 0.024 0.036
1 0.014 0.869 0.028 0.054
1 0.388 0.751 0.031 0.052
1 0.381 0.651 0.017 0.031
1 0.304 0.677 0.019 0.033
1 0.252 0.666 0.023 0.036
1 0.387 0.594 0.016 0.027
1 0.367 0.589 0.014 0.027
1 0.478 0.822 0.039 0.076
1 0.433 0.686 0.022 0.042
1 0.485 0.678 0.024 0.041
1 0.429 0.636 0.019 0.033
1 0.449 0.608 0.017 0.033
1 0.442 0.58 0.015 0.028
1 0.733 0.549 0.013 0.021
1 0.754 0.593 0.018 0.027
1 0.862 0.555 0.014 0.028
1 0.884 0.536 0.017 0.027
1 0.833 0.673 0.022 0.044
1 0.815 0.633 0.02 0.032
1 0.914 0.685 0.024 0.033
1 0.535 0.891 0.049 0.027
1 0.96 0.765 0.036 0.076
1 0.943 0.657 0.021 0.033
1 0.983 0.656 0.029 0.045
1 0.929 0.572 0.017 0.028
1 0.955 0.563 0.016 0.028
1 0.886 0.61 0.016 0.029
1 0.196 0.662 0.02 0.037
1 0.156 0.643 0.018 0.025
1 0.19 0.586 0.014 0.024
1 0.316 0.627 0.014 0.028
1 0.444 0.666 0.019 0.034
1 0.416 0.566 0.016 0.023
1 0.461 0.581 0.011 0.021
1 0.609 0.573 0.014 0.024
1 0.62 0.564 0.011 0.02
1 0.57 0.532 0.013 0.025
1 0.583 0.525 0.012 0.023
1 0.86 0.741 0.022 0.052
1 0.751 0.619 0.022 0.042
1 0.777 0.576 0.012 0.019
1 0.827 0.544 0.013 0.021
1 0.789 0.543 0.012 0.017
1 0.842 0.519 0.007 0.012
1 0.841 0.492 0.006 0.011
1 0.607 0.67 0.024 0.037
1 0.016 0.584 0.01 0.02
1 0.039 0.554 0.01 0.019
1 0.149 0.595 0.014 0.02
1 0.357 0.569 0.017 0.029
1 0.655 0.756 0.023 0.042
1 0.477 0.586 0.018 0.029
1 0.636 0.563 0.014 0.023
1 0.652 0.539 0.01 0.017
1 0.959 0.877 0.041 0.065
1 0.046 0.611 0.019 0.033
1 0.104 0.606 0.016 0.027
1 0.395 0.587 0.012 0.023
1 0.33 0.57 0.011 0.021
1 0.354 0.612 0.014 0.028
1 0.345 0.651 0.02 0.034
1 0.263 0.616 0.008 0.017
1 0.503 0.59 0.018 0.034
1 0.828 0.584 0.017 0.034
1 0.908 0.607 0.021 0.032
1 0.832 0.621 0.021 0.036
1 0.992 0.57 0.014 0.023
1 0.913 0.547 0.014 0.028
1 0.898 0.544 0.012 0.02
1 0.965 0.545 0.014 0.019
1 0.774 0.626 0.018 0.034
1 0.185 0.499 0.018 0.025
