1 0.031 0.422 0.006 0.008
1 0.156 0.388 0.012 0.023
1 0.226 0.38 0.015 0.025
1 0.307 0.384 0.011 0.015
1 0.022 0.565 0.036 0.061
1 0.053 0.546 0.021 0.035
1 0.229 0.515 0.024 0.037
1 0.301 0.513 0.024 0.035
1 0.204 0.54 0.027 0.049
1 0.203 0.613 0.048 0.072
1 0.35 0.552 0.039 0.076
1 0.381 0.513 0.025 0.045
1 0.447 0.496 0.028 0.049
1 0.639 0.512 0.021 0.041
1 0.664 0.525 0.032 0.063
1 0.747 0.544 0.03 0.055
1 0.872 0.499 0.04 0.067
1 0.83 0.449 0.022 0.048
1 0.926 0.308 0.022 0.036
1 0.68 0.325 0.018 0.027
1 0.755 0.385 0.005 0.008
1 0.486 0.581 0.009 0.013
1 0.458 0.589 0.009 0.015
1 0.457 0.568 0.008 0.009
1 0.47 0.546 0.007 0.011
1 0.479 0.537 0.007 0.008
1 0.503 0.58 0.007 0.009
1 0.488 0.545 0.008 0.015
1 0.565 0.542 0.007 0.011
1 0.595 0.545 0.008 0.012
1 0.584 0.587 0.011 0.015
1 0.542 0.528 0.006 0.009
1 0.527 0.529 0.006 0.008
1 0.558 0.523 0.008 0.009
1 0.513 0.581 0.008 0.016
1 0.541 0.554 0.006 0.008
1 0.524 0.572 0.005 0.007
1 0.601 0.595 0.006 0.011
1 0.514 0.527 0.008 0.012
1 0.497 0.526 0.006 0.011
1 0.475 0.56 0.009 0.009
1 0.477 0.521 0.004 0.007
1 0.487 0.518 0.004 0.008
1 0.511 0.513 0.006 0.011
1 0.506 0.54 0.007 0.009
1 0.455 0.525 0.008 0.009
1 0.463 0.526 0.006 0.008
1 0.456 0.545 0.006 0.008
1 0.549 0.573 0.008 0.011
