1 0.183 0.183 0.01 0.028
1 0.064 0.458 0.006 0.016
1 0.102 0.492 0.008 0.025
1 0.174 0.479 0.006 0.013
1 0.22 0.467 0.007 0.01
1 0.24 0.477 0.005 0.009
1 0.258 0.482 0.005 0.01
1 0.284 0.482 0.006 0.012
1 0.321 0.475 0.005 0.012
1 0.433 0.425 0.01 0.023
1 0.475 0.416 0.013 0.031
1 0.509 0.441 0.01 0.019
1 0.482 0.458 0.008 0.016
1 0.523 0.379 0.017 0.034
1 0.583 0.425 0.009 0.019
1 0.604 0.421 0.009 0.018
1 0.627 0.416 0.01 0.019
1 0.657 0.431 0.008 0.015
1 0.697 0.438 0.009 0.019
1 0.736 0.405 0.014 0.023
1 0.754 0.414 0.013 0.022
1 0.803 0.276 0.022 0.069
1 0.341 0.755 0.062 0.086
