1 0.017 0.266 0.034 0.063
1 0.132 0.194 0.03 0.053
1 0.2 0.26 0.064 0.107
1 0.367 0.319 0.045 0.079
1 0.331 0.266 0.029 0.049
1 0.374 0.241 0.022 0.037
1 0.468 0.234 0.057 0.096
1 0.59 0.241 0.042 0.083
1 0.504 0.217 0.036 0.07
1 0.692 0.256 0.036 0.069
1 0.792 0.292 0.039 0.072
1 0.842 0.251 0.052 0.083
1 0.932 0.266 0.044 0.069
1 0.902 0.23 0.032 0.059
1 0.086 0.213 0.011 0.017
1 0.235 0.247 0.027 0.056
1 0.433 0.298 0.023 0.043
1 0.605 0.277 0.019 0.042
1 0.625 0.239 0.013 0.023
1 0.652 0.249 0.016 0.029
1 0.54 0.253 0.01 0.019
1 0.716 0.246 0.011 0.02
1 0.771 0.241 0.009 0.013
1 0.79 0.231 0.012 0.017
1 0.965 0.229 0.007 0.017
1 0.958 0.231 0.009 0.017
