1 0.216 0.353 0.019 0.034
1 0.355 0.37 0.02 0.037
1 0.257 0.306 0.014 0.026
1 0.192 0.317 0.016 0.029
1 0.135 0.329 0.02 0.039
1 0.095 0.32 0.017 0.026
1 0.363 0.306 0.013 0.025
1 0.229 0.285 0.012 0.022
1 0.428 0.369 0.023 0.046
1 0.522 0.317 0.019 0.032
1 0.564 0.33 0.018 0.031
1 0.624 0.391 0.021 0.042
1 0.714 0.623 0.058 0.102
1 0.779 0.355 0.021 0.046
1 0.61 0.306 0.012 0.028
1 0.572 0.268 0.009 0.02
1 0.547 0.269 0.011 0.02
1 0.812 0.335 0.018 0.031
1 0.756 0.316 0.015 0.025
1 0.755 0.361 0.014 0.037
1 0.746 0.34 0.015 0.023
1 0.921 0.385 0.022 0.035
1 0.962 0.348 0.02 0.032
1 0.599 0.897 0.02 0.15
1 0.636 0.336 0.015 0.02
1 0.602 0.273 0.009 0.012
1 0.682 0.312 0.011 0.025
1 0.528 0.29 0.012 0.025
1 0.167 0.407 0.014 0.028
1 0.164 0.289 0.01 0.022
1 0.218 0.257 0.005 0.011
1 0.258 0.29 0.012 0.019
1 0.058 0.333 0.009 0.022
1 0.123 0.283 0.011 0.02
1 0.157 0.251 0.007 0.011
1 0.477 0.3 0.011 0.017
1 0.494 0.276 0.011 0.019
1 0.458 0.294 0.009 0.017
1 0.463 0.274 0.008 0.017
1 0.43 0.303 0.01 0.02
1 0.396 0.315 0.012 0.019
1 0.409 0.313 0.006 0.012
1 0.399 0.282 0.006 0.012
1 0.381 0.304 0.008 0.015
1 0.312 0.277 0.009 0.014
1 0.301 0.272 0.007 0.015
1 0.251 0.269 0.006 0.009
1 0.445 0.289 0.007 0.014
1 0.083 0.38 0.029 0.043
1 0.155 0.468 0.021 0.052
