1 0.361 0.315 0.004 0.009
1 0.384 0.314 0.004 0.008
1 0.397 0.33 0.004 0.009
1 0.361 0.327 0.004 0.009
1 0.374 0.361 0.007 0.012
1 0.386 0.338 0.004 0.006
1 0.383 0.352 0.008 0.012
1 0.397 0.359 0.006 0.009
1 0.415 0.353 0.007 0.016
1 0.42 0.375 0.008 0.012
1 0.441 0.327 0.005 0.009
1 0.451 0.342 0.007 0.008
1 0.438 0.393 0.01 0.016
1 0.45 0.356 0.006 0.009
1 0.428 0.338 0.004 0.006
1 0.458 0.359 0.006 0.01
1 0.472 0.324 0.003 0.006
1 0.472 0.373 0.006 0.009
1 0.489 0.339 0.008 0.009
1 0.495 0.361 0.009 0.012
1 0.498 0.35 0.005 0.009
1 0.506 0.362 0.006 0.013
1 0.484 0.32 0.004 0.006
1 0.502 0.324 0.005 0.006
1 0.381 0.416 0.007 0.014
1 0.398 0.407 0.008 0.018
1 0.457 0.408 0.007 0.009
1 0.483 0.412 0.006 0.013
1 0.476 0.408 0.006 0.014
1 0.492 0.375 0.006 0.013
1 0.518 0.363 0.007 0.012
1 0.497 0.412 0.007 0.016
1 0.5 0.393 0.007 0.01
1 0.514 0.389 0.008 0.013
1 0.523 0.35 0.005 0.009
1 0.538 0.366 0.007 0.009
1 0.539 0.356 0.004 0.009
1 0.535 0.387 0.007 0.012
1 0.553 0.361 0.004 0.008
1 0.509 0.42 0.007 0.012
1 0.535 0.418 0.008 0.017
1 0.55 0.377 0.007 0.012
1 0.555 0.399 0.011 0.016
1 0.556 0.427 0.009 0.013
1 0.572 0.372 0.005 0.009
1 0.589 0.371 0.008 0.008
1 0.607 0.427 0.008 0.016
1 0.6 0.369 0.007 0.014
1 0.52 0.449 0.011 0.016
1 0.568 0.423 0.006 0.014
1 0.612 0.354 0.006 0.013
1 0.612 0.37 0.006 0.012
1 0.628 0.386 0.007 0.017
1 0.651 0.388 0.009 0.012
1 0.659 0.358 0.005 0.01
1 0.626 0.367 0.005 0.01
1 0.654 0.344 0.005 0.01
1 0.674 0.371 0.007 0.01
1 0.692 0.377 0.007 0.01
1 0.7 0.355 0.005 0.009
1 0.71 0.363 0.008 0.01
1 0.717 0.398 0.007 0.01
1 0.736 0.415 0.008 0.013
1 0.708 0.379 0.007 0.014
1 0.724 0.387 0.008 0.016
1 0.733 0.355 0.007 0.01
1 0.732 0.339 0.006 0.01
1 0.816 0.341 0.005 0.01
1 0.771 0.387 0.007 0.012
1 0.777 0.368 0.006 0.009
1 0.761 0.381 0.008 0.014
1 0.781 0.407 0.008 0.013
1 0.788 0.418 0.008 0.013
1 0.795 0.409 0.008 0.01
1 0.802 0.389 0.011 0.018
1 0.804 0.438 0.009 0.016
1 0.814 0.418 0.01 0.012
1 0.823 0.423 0.008 0.013
1 0.849 0.446 0.011 0.014
1 0.828 0.4 0.006 0.012
1 0.846 0.403 0.009 0.014
1 0.805 0.344 0.005 0.01
1 0.822 0.385 0.007 0.012
1 0.836 0.374 0.008 0.01
1 0.867 0.359 0.005 0.008
1 0.893 0.355 0.006 0.01
1 0.889 0.388 0.008 0.016
1 0.865 0.394 0.008 0.013
1 0.898 0.379 0.007 0.01
1 0.893 0.423 0.009 0.013
1 0.884 0.451 0.01 0.014
1 0.872 0.436 0.009 0.018
1 0.916 0.409 0.011 0.014
1 0.927 0.372 0.009 0.013
1 0.946 0.39 0.009 0.013
1 0.938 0.426 0.008 0.014
1 0.959 0.447 0.012 0.016
1 0.937 0.461 0.009 0.012
1 0.918 0.45 0.009 0.01
1 0.919 0.471 0.011 0.014
1 0.884 0.477 0.012 0.018
1 0.895 0.463 0.011 0.016
1 0.506 0.471 0.011 0.017
1 0.533 0.501 0.011 0.016
1 0.541 0.473 0.009 0.014
1 0.559 0.458 0.01 0.014
1 0.553 0.543 0.012 0.021
1 0.593 0.491 0.01 0.012
1 0.552 0.492 0.008 0.013
1 0.596 0.445 0.006 0.016
1 0.609 0.457 0.01 0.018
1 0.641 0.441 0.008 0.013
1 0.645 0.468 0.009 0.012
1 0.646 0.486 0.012 0.017
1 0.665 0.475 0.007 0.017
1 0.672 0.485 0.011 0.013
1 0.696 0.494 0.01 0.017
1 0.7 0.475 0.01 0.016
1 0.712 0.477 0.011 0.016
1 0.729 0.463 0.01 0.016
1 0.704 0.545 0.013 0.022
1 0.73 0.505 0.01 0.018
1 0.736 0.542 0.012 0.017
1 0.718 0.562 0.012 0.016
1 0.731 0.567 0.015 0.022
1 0.748 0.482 0.009 0.017
1 0.76 0.483 0.01 0.014
1 0.751 0.462 0.01 0.014
1 0.75 0.555 0.011 0.021
1 0.761 0.562 0.009 0.021
1 0.682 0.57 0.011 0.022
1 0.632 0.546 0.01 0.018
1 0.644 0.56 0.011 0.017
1 0.605 0.531 0.009 0.017
1 0.616 0.543 0.01 0.016
1 0.588 0.569 0.014 0.019
1 0.402 0.54 0.01 0.016
1 0.406 0.59 0.013 0.021
1 0.402 0.643 0.013 0.023
1 0.453 0.638 0.014 0.023
1 0.453 0.595 0.011 0.023
1 0.466 0.614 0.014 0.019
1 0.48 0.588 0.012 0.017
1 0.48 0.626 0.013 0.016
1 0.509 0.562 0.011 0.019
1 0.536 0.604 0.016 0.019
1 0.497 0.531 0.012 0.014
1 0.485 0.556 0.01 0.019
1 0.55 0.574 0.012 0.022
1 0.499 0.664 0.014 0.021
1 0.51 0.642 0.011 0.018
1 0.558 0.652 0.013 0.021
1 0.561 0.595 0.009 0.017
1 0.526 0.634 0.009 0.018
1 0.305 0.677 0.016 0.023
1 0.271 0.666 0.014 0.022
1 0.295 0.642 0.009 0.018
1 0.333 0.661 0.015 0.019
1 0.267 0.731 0.016 0.025
1 0.297 0.735 0.015 0.027
1 0.366 0.728 0.017 0.031
1 0.387 0.751 0.016 0.026
1 0.38 0.67 0.014 0.027
1 0.354 0.634 0.012 0.023
1 0.342 0.628 0.011 0.021
1 0.379 0.599 0.008 0.017
1 0.332 0.751 0.01 0.018
1 0.229 0.667 0.012 0.023
1 0.201 0.709 0.016 0.026
1 0.212 0.632 0.011 0.021
1 0.013 0.678 0.016 0.026
1 0.021 0.743 0.018 0.027
1 0.041 0.743 0.012 0.022
1 0.056 0.776 0.017 0.027
1 0.06 0.66 0.01 0.017
1 0.075 0.686 0.015 0.018
1 0.074 0.717 0.013 0.018
1 0.101 0.774 0.017 0.029
1 0.088 0.786 0.012 0.023
1 0.154 0.693 0.013 0.027
1 0.132 0.76 0.01 0.018
1 0.171 0.693 0.014 0.023
1 0.167 0.741 0.014 0.021
1 0.179 0.818 0.015 0.026
1 0.197 0.764 0.012 0.018
1 0.034 0.848 0.017 0.032
1 0.037 0.816 0.016 0.012
1 0.098 0.928 0.02 0.035
1 0.091 0.895 0.019 0.026
1 0.07 0.833 0.016 0.029
1 0.136 0.855 0.02 0.03
1 0.22 0.901 0.021 0.031
1 0.007 0.981 0.014 0.032
1 0.037 0.988 0.021 0.021
1 0.163 0.648 0.012 0.025
1 0.243 0.788 0.02 0.027
1 0.264 0.782 0.015 0.029
1 0.29 0.822 0.018 0.027
1 0.248 0.864 0.021 0.031
1 0.32 0.867 0.02 0.032
1 0.336 0.821 0.02 0.029
1 0.333 0.796 0.015 0.017
1 0.343 0.872 0.02 0.032
1 0.338 0.986 0.017 0.029
1 0.417 0.905 0.017 0.03
1 0.448 0.776 0.016 0.027
1 0.498 0.925 0.019 0.031
1 0.396 0.622 0.01 0.019
1 0.435 0.715 0.017 0.027
1 0.454 0.702 0.017 0.026
1 0.452 0.674 0.014 0.019
1 0.47 0.717 0.015 0.026
1 0.508 0.743 0.017 0.029
1 0.519 0.674 0.014 0.022
1 0.535 0.695 0.015 0.025
1 0.591 0.691 0.015 0.026
1 0.506 0.831 0.019 0.029
1 0.596 0.768 0.016 0.027
1 0.614 0.671 0.013 0.023
1 0.581 0.603 0.011 0.016
1 0.577 0.534 0.009 0.013
1 0.574 0.561 0.011 0.017
1 0.602 0.583 0.012 0.019
1 0.623 0.608 0.007 0.022
1 0.652 0.586 0.012 0.021
1 0.685 0.614 0.013 0.022
1 0.701 0.786 0.017 0.029
1 0.651 0.756 0.017 0.025
1 0.647 0.714 0.013 0.022
1 0.699 0.719 0.017 0.027
1 0.643 0.672 0.01 0.018
1 0.73 0.694 0.012 0.023
1 0.825 0.794 0.015 0.022
1 0.797 0.679 0.014 0.025
1 0.865 0.673 0.016 0.025
1 0.667 0.683 0.012 0.027
1 0.684 0.665 0.012 0.025
1 0.844 0.658 0.012 0.017
1 0.881 0.649 0.013 0.018
1 0.673 0.532 0.009 0.013
1 0.672 0.556 0.01 0.016
1 0.692 0.64 0.016 0.022
1 0.733 0.618 0.013 0.017
1 0.75 0.599 0.015 0.025
1 0.776 0.584 0.012 0.021
1 0.807 0.638 0.012 0.018
1 0.755 0.639 0.013 0.022
1 0.857 0.467 0.01 0.018
1 0.787 0.492 0.012 0.016
1 0.781 0.52 0.007 0.013
1 0.778 0.472 0.008 0.013
1 0.815 0.525 0.012 0.016
1 0.825 0.518 0.012 0.021
1 0.846 0.519 0.008 0.014
1 0.86 0.524 0.011 0.021
1 0.792 0.549 0.01 0.01
1 0.816 0.551 0.013 0.022
1 0.775 0.653 0.008 0.017
1 0.828 0.582 0.012 0.021
1 0.829 0.638 0.015 0.018
1 0.851 0.586 0.013 0.019
1 0.863 0.558 0.014 0.019
1 0.875 0.588 0.013 0.021
1 0.91 0.63 0.015 0.021
1 0.922 0.609 0.013 0.019
1 0.921 0.567 0.01 0.018
1 0.939 0.582 0.012 0.021
1 0.937 0.656 0.013 0.025
1 0.963 0.564 0.013 0.019
1 0.979 0.586 0.01 0.016
1 0.945 0.545 0.013 0.017
1 0.879 0.533 0.011 0.013
1 0.901 0.527 0.012 0.022
1 0.988 0.61 0.008 0.018
1 0.995 0.614 0.007 0.014
1 0.969 0.523 0.012 0.019
1 0.982 0.551 0.01 0.014
1 0.922 0.509 0.01 0.017
1 0.976 0.501 0.014 0.016
1 0.981 0.523 0.007 0.016
1 0.988 0.386 0.008 0.012
1 0.992 0.369 0.007 0.012
1 0.942 0.501 0.009 0.018
1 0.134 0.82 0.02 0.027
1 0.531 0.546 0.012 0.018
1 0.669 0.717 0.016 0.025
1 0.679 0.499 0.01 0.012
1 0.623 0.494 0.013 0.018
1 0.675 0.466 0.008 0.013
1 0.437 0.357 0.007 0.012
1 0.505 0.455 0.01 0.017
1 0.633 0.368 0.007 0.014
1 0.749 0.413 0.01 0.017
1 0.743 0.393 0.007 0.01
1 0.757 0.436 0.009 0.013
1 0.784 0.444 0.008 0.013
1 0.836 0.462 0.006 0.018
1 0.819 0.444 0.007 0.013
1 0.752 0.513 0.012 0.017
1 0.697 0.514 0.01 0.014
1 0.711 0.52 0.008 0.016
1 0.706 0.61 0.01 0.014
1 0.689 0.404 0.007 0.009
1 0.68 0.398 0.01 0.012
1 0.974 0.434 0.011 0.017
1 0.962 0.385 0.009 0.012
1 0.955 0.424 0.007 0.01
1 0.332 0.417 0.011 0.017
