1 0.348 0.608 0.067 0.12
1 0.325 0.49 0.053 0.083
1 0.689 0.121 0.062 0.148
1 0.902 0.52 0.054 0.104
1 0.836 0.497 0.029 0.086
1 0.965 0.504 0.054 0.092
1 0.256 0.437 0.044 0.075
1 0.292 0.411 0.022 0.045
1 0.383 0.471 0.024 0.066
1 0.402 0.483 0.026 0.067
1 0.289 0.376 0.017 0.025
1 0.264 0.393 0.015 0.031
1 0.329 0.38 0.01 0.016
1 0.306 0.382 0.011 0.026
1 0.382 0.374 0.016 0.031
1 0.253 0.231 0.012 0.022
1 0.279 0.212 0.01 0.019
1 0.309 0.219 0.011 0.019
1 0.332 0.211 0.011 0.018
1 0.391 0.219 0.011 0.016
1 0.409 0.223 0.01 0.016
1 0.439 0.216 0.011 0.019
