1 0.116 0.944 0.046 0.064
1 0.353 0.879 0.033 0.057
1 0.246 0.93 0.042 0.061
1 0.224 0.788 0.031 0.056
1 0.224 0.841 0.033 0.053
1 0.151 0.754 0.03 0.048
1 0.164 0.743 0.023 0.054
1 0.052 0.76 0.033 0.041
1 0.011 0.707 0.021 0.057
1 0.1 0.665 0.023 0.05
1 0.341 0.692 0.02 0.047
1 0.235 0.686 0.018 0.041
1 0.251 0.64 0.023 0.047
1 0.136 0.664 0.027 0.048
1 0.167 0.707 0.024 0.045
1 0.447 0.779 0.029 0.058
1 0.386 0.689 0.026 0.044
1 0.467 0.648 0.021 0.044
1 0.394 0.868 0.032 0.066
1 0.501 0.877 0.028 0.053
1 0.473 0.959 0.033 0.058
1 0.323 0.611 0.023 0.038
1 0.36 0.586 0.023 0.035
1 0.363 0.623 0.019 0.038
1 0.297 0.635 0.029 0.042
1 0.296 0.561 0.022 0.041
1 0.274 0.707 0.024 0.051
1 0.561 0.811 0.03 0.058
1 0.601 0.787 0.024 0.053
1 0.536 0.716 0.014 0.048
1 0.5 0.718 0.02 0.05
1 0.066 0.57 0.023 0.041
1 0.128 0.554 0.026 0.053
1 0.199 0.507 0.021 0.038
1 0.2 0.544 0.024 0.038
1 0.186 0.613 0.027 0.047
1 0.231 0.602 0.025 0.038
1 0.023 0.605 0.024 0.056
1 0.046 0.492 0.018 0.034
1 0.025 0.465 0.019 0.032
1 0.037 0.436 0.019 0.032
1 0.013 0.423 0.019 0.035
1 0.016 0.394 0.018 0.031
1 0.046 0.401 0.018 0.034
1 0.109 0.406 0.019 0.028
1 0.115 0.442 0.021 0.034
1 0.184 0.442 0.019 0.035
1 0.161 0.409 0.019 0.035
1 0.209 0.457 0.02 0.037
1 0.247 0.465 0.021 0.041
1 0.256 0.46 0.016 0.037
1 0.284 0.459 0.021 0.035
1 0.31 0.425 0.018 0.034
1 0.335 0.447 0.02 0.029
1 0.337 0.48 0.015 0.034
1 0.31 0.502 0.018 0.034
1 0.323 0.53 0.02 0.034
1 0.208 0.392 0.019 0.032
1 0.22 0.387 0.015 0.035
1 0.299 0.38 0.017 0.029
1 0.355 0.412 0.018 0.034
1 0.332 0.398 0.015 0.025
1 0.268 0.4 0.019 0.031
1 0.136 0.879 0.021 0.054
1 0.524 0.58 0.023 0.047
1 0.379 0.51 0.019 0.034
1 0.388 0.482 0.018 0.034
1 0.469 0.482 0.02 0.037
1 0.494 0.471 0.02 0.037
1 0.433 0.404 0.018 0.032
1 0.375 0.423 0.021 0.031
1 0.393 0.395 0.016 0.035
1 0.394 0.465 0.018 0.035
1 0.427 0.368 0.014 0.028
1 0.407 0.337 0.015 0.031
1 0.421 0.331 0.014 0.028
1 0.374 0.339 0.016 0.032
1 0.361 0.358 0.015 0.032
1 0.336 0.35 0.015 0.025
1 0.453 0.309 0.014 0.031
1 0.439 0.309 0.014 0.025
1 0.494 0.333 0.014 0.025
1 0.48 0.337 0.013 0.025
1 0.51 0.365 0.013 0.025
1 0.543 0.375 0.015 0.031
1 0.523 0.321 0.013 0.025
1 0.432 0.484 0.02 0.035
1 0.494 0.539 0.021 0.039
1 0.521 0.54 0.018 0.034
1 0.483 0.624 0.018 0.042
1 0.403 0.588 0.021 0.041
1 0.629 0.966 0.03 0.061
1 0.54 0.925 0.029 0.054
1 0.801 0.929 0.032 0.054
1 0.784 0.702 0.024 0.044
1 0.859 0.686 0.028 0.048
1 0.874 0.846 0.026 0.053
1 0.716 0.739 0.022 0.048
1 0.955 0.867 0.03 0.05
1 0.989 0.78 0.022 0.057
1 0.9 0.758 0.024 0.045
1 0.891 0.667 0.018 0.038
1 0.778 0.761 0.024 0.048
1 0.737 0.776 0.025 0.054
1 0.945 0.719 0.02 0.051
1 0.914 0.29 0.012 0.019
1 0.786 0.173 0.016 0.029
1 0.946 0.422 0.017 0.031
1 0.731 0.177 0.016 0.026
1 0.767 0.175 0.014 0.026
1 0.686 0.303 0.015 0.023
1 0.698 0.323 0.014 0.026
1 0.618 0.415 0.016 0.026
1 0.602 0.398 0.015 0.029
1 0.568 0.399 0.016 0.029
1 0.616 0.35 0.016 0.028
1 0.653 0.332 0.014 0.026
1 0.667 0.338 0.014 0.025
1 0.673 0.369 0.016 0.028
1 0.65 0.371 0.014 0.026
1 0.639 0.365 0.014 0.025
1 0.7 0.378 0.017 0.031
1 0.686 0.352 0.013 0.028
1 0.644 0.285 0.014 0.023
1 0.629 0.303 0.012 0.02
1 0.622 0.292 0.013 0.022
1 0.592 0.364 0.014 0.026
1 0.643 0.331 0.011 0.025
1 0.711 0.596 0.021 0.032
1 0.694 0.569 0.019 0.034
1 0.658 0.609 0.019 0.037
1 0.539 0.314 0.014 0.022
1 0.525 0.27 0.011 0.025
1 0.511 0.27 0.012 0.026
1 0.563 0.242 0.013 0.022
1 0.55 0.239 0.01 0.019
1 0.527 0.232 0.011 0.02
1 0.48 0.243 0.01 0.022
1 0.488 0.221 0.009 0.016
1 0.471 0.225 0.009 0.018
1 0.498 0.265 0.012 0.022
1 0.465 0.268 0.01 0.026
1 0.452 0.271 0.012 0.025
1 0.419 0.259 0.011 0.02
1 0.438 0.27 0.01 0.018
1 0.445 0.232 0.01 0.019
1 0.461 0.229 0.01 0.022
1 0.429 0.218 0.011 0.02
1 0.409 0.243 0.012 0.023
1 0.39 0.241 0.01 0.02
1 0.373 0.232 0.012 0.023
1 0.363 0.196 0.009 0.018
1 0.374 0.213 0.009 0.016
1 0.343 0.219 0.011 0.022
1 0.345 0.305 0.013 0.028
1 0.254 0.322 0.013 0.025
1 0.233 0.366 0.014 0.028
1 0.253 0.372 0.014 0.028
1 0.322 0.331 0.013 0.022
1 0.323 0.361 0.013 0.023
1 0.311 0.3 0.015 0.023
1 0.329 0.317 0.012 0.019
1 0.289 0.3 0.013 0.025
1 0.406 0.301 0.012 0.02
1 0.327 0.284 0.012 0.023
1 0.314 0.279 0.011 0.023
1 0.294 0.275 0.011 0.023
1 0.326 0.232 0.01 0.019
1 0.026 0.34 0.016 0.028
1 0.062 0.341 0.016 0.028
1 0.096 0.375 0.015 0.028
1 0.119 0.365 0.017 0.028
1 0.16 0.364 0.017 0.026
1 0.181 0.358 0.016 0.029
1 0.181 0.336 0.017 0.028
1 0.15 0.306 0.016 0.029
1 0.118 0.318 0.017 0.034
1 0.089 0.294 0.016 0.029
1 0.027 0.298 0.016 0.031
1 0.052 0.287 0.015 0.026
1 0.054 0.255 0.013 0.025
1 0.065 0.26 0.012 0.023
1 0.086 0.251 0.014 0.025
1 0.111 0.252 0.016 0.025
1 0.143 0.274 0.014 0.025
1 0.101 0.292 0.012 0.028
1 0.109 0.283 0.013 0.028
1 0.154 0.267 0.013 0.025
1 0.187 0.254 0.014 0.026
1 0.178 0.279 0.013 0.022
1 0.173 0.295 0.015 0.023
1 0.205 0.297 0.015 0.026
1 0.345 0.27 0.012 0.025
1 0.327 0.267 0.014 0.022
1 0.312 0.249 0.011 0.019
1 0.313 0.2 0.01 0.02
1 0.335 0.191 0.008 0.019
1 0.279 0.231 0.013 0.02
1 0.254 0.265 0.011 0.022
1 0.263 0.249 0.012 0.022
1 0.265 0.271 0.009 0.019
1 0.229 0.269 0.01 0.02
1 0.232 0.222 0.012 0.02
1 0.224 0.239 0.011 0.022
1 0.248 0.189 0.01 0.02
1 0.305 0.179 0.011 0.022
1 0.269 0.301 0.014 0.02
1 0.097 0.23 0.012 0.02
1 0.079 0.232 0.012 0.02
1 0.099 0.211 0.01 0.019
1 0.103 0.197 0.01 0.019
1 0.116 0.189 0.01 0.02
1 0.134 0.217 0.011 0.019
1 0.151 0.241 0.009 0.015
1 0.173 0.185 0.009 0.016
1 0.14 0.204 0.01 0.016
1 0.189 0.216 0.013 0.019
1 0.198 0.186 0.01 0.018
1 0.038 0.156 0.012 0.018
1 0.061 0.162 0.01 0.019
1 0.048 0.146 0.008 0.018
1 0.224 0.207 0.01 0.019
1 0.114 0.227 0.013 0.022
1 0.126 0.247 0.011 0.023
1 0.177 0.241 0.01 0.018
1 0.302 0.134 0.008 0.016
1 0.3 0.12 0.007 0.015
1 0.319 0.157 0.007 0.016
1 0.347 0.153 0.008 0.016
1 0.307 0.156 0.009 0.015
1 0.407 0.229 0.011 0.019
1 0.25 0.154 0.009 0.016
1 0.209 0.151 0.008 0.015
1 0.203 0.056 0.006 0.01
1 0.17 0.096 0.008 0.013
1 0.374 0.106 0.004 0.01
1 0.367 0.058 0.005 0.012
1 0.292 0.938 0.023 0.06
1 0.552 0.356 0.012 0.028
1 0.884 0.281 0.01 0.019
1 0.562 0.328 0.012 0.028
1 0.662 0.308 0.009 0.02
1 0.371 0.27 0.012 0.018
1 0.135 0.13 0.006 0.015
1 0.074 0.086 0.008 0.015
1 0.079 0.165 0.009 0.015
1 0.015 0.068 0.008 0.013
1 0.03 0.14 0.009 0.012
1 0.027 0.174 0.007 0.015
1 0.011 0.173 0.009 0.015
1 0.087 0.184 0.01 0.018
1 0.101 0.163 0.009 0.016
1 0.055 0.208 0.009 0.016
1 0.324 0.211 0.008 0.013
1 0.201 0.249 0.012 0.022
1 0.2 0.417 0.014 0.016
1 0.215 0.28 0.015 0.022
1 0.294 0.869 0.031 0.066
