1 0.954 0.344 0.033 0.044
1 0.927 0.365 0.025 0.039
1 0.897 0.574 0.057 0.068
1 0.951 0.585 0.03 0.046
1 0.91 0.412 0.016 0.025
1 0.788 0.362 0.021 0.033
1 0.832 0.395 0.02 0.028
1 0.742 0.673 0.065 0.105
1 0.822 0.572 0.028 0.041
1 0.685 0.59 0.025 0.058
1 0.751 0.433 0.013 0.023
1 0.691 0.405 0.016 0.028
1 0.73 0.43 0.012 0.019
1 0.673 0.442 0.008 0.014
1 0.637 0.416 0.014 0.023
1 0.622 0.438 0.011 0.019
1 0.579 0.425 0.012 0.019
1 0.541 0.447 0.012 0.018
1 0.501 0.444 0.008 0.015
1 0.492 0.458 0.007 0.012
1 0.618 0.545 0.021 0.032
1 0.61 0.521 0.013 0.019
1 0.566 0.532 0.016 0.025
1 0.538 0.531 0.016 0.026
1 0.546 0.611 0.029 0.048
1 0.511 0.552 0.023 0.043
1 0.493 0.534 0.017 0.026
1 0.47 0.55 0.023 0.039
1 0.429 0.459 0.007 0.011
1 0.434 0.457 0.009 0.011
1 0.469 0.47 0.007 0.012
1 0.462 0.468 0.005 0.01
1 0.448 0.459 0.007 0.014
1 0.352 0.477 0.005 0.008
1 0.286 0.468 0.006 0.01
1 0.274 0.479 0.007 0.011
1 0.3 0.477 0.007 0.011
1 0.119 0.459 0.008 0.014
1 0.089 0.46 0.008 0.011
1 0.157 0.463 0.006 0.011
1 0.184 0.474 0.006 0.01
1 0.141 0.474 0.007 0.01
1 0.194 0.545 0.013 0.023
1 0.109 0.531 0.011 0.015
1 0.197 0.481 0.005 0.01
1 0.357 0.544 0.015 0.03
1 0.337 0.535 0.009 0.015
1 0.383 0.533 0.009 0.017
1 0.395 0.559 0.015 0.029
1 0.444 0.55 0.007 0.018
1 0.244 0.548 0.014 0.021
1 0.268 0.527 0.008 0.015
1 0.286 0.535 0.009 0.018
1 0.278 0.649 0.042 0.075
1 0.43 0.677 0.054 0.073
1 0.017 0.606 0.034 0.064
1 0.01 0.552 0.012 0.017
1 0.619 0.42 0.008 0.017
1 0.746 0.559 0.02 0.035
1 0.241 0.52 0.009 0.015
1 0.209 0.55 0.014 0.025
1 0.876 0.375 0.021 0.029
