1 0.026 0.442 0.009 0.016
1 0.079 0.443 0.006 0.015
1 0.055 0.441 0.006 0.01
1 0.101 0.439 0.015 0.031
1 0.133 0.467 0.02 0.039
1 0.282 0.457 0.016 0.027
1 0.301 0.457 0.017 0.031
1 0.33 0.469 0.014 0.025
1 0.218 0.525 0.011 0.027
1 0.395 0.452 0.016 0.03
1 0.367 0.442 0.012 0.021
1 0.421 0.463 0.014 0.028
1 0.472 0.451 0.015 0.028
1 0.495 0.459 0.014 0.028
1 0.449 0.46 0.012 0.021
1 0.542 0.458 0.017 0.027
1 0.513 0.447 0.014 0.028
1 0.613 0.451 0.011 0.024
1 0.601 0.491 0.014 0.021
1 0.656 0.466 0.015 0.033
1 0.653 0.437 0.01 0.015
1 0.669 0.451 0.013 0.022
1 0.703 0.467 0.015 0.027
1 0.722 0.434 0.015 0.027
1 0.773 0.445 0.014 0.024
1 0.781 0.482 0.013 0.024
1 0.818 0.474 0.013 0.022
1 0.892 0.466 0.016 0.03
1 0.914 0.459 0.004 0.007
1 0.919 0.451 0.004 0.006
1 0.976 0.449 0.005 0.009
1 0.988 0.461 0.005 0.009
1 0.955 0.459 0.004 0.01
