1 0.593 0.256 0.016 0.036
1 0.616 0.24 0.01 0.024
1 0.658 0.221 0.011 0.023
1 0.63 0.212 0.01 0.021
1 0.617 0.19 0.008 0.019
1 0.566 0.201 0.011 0.023
1 0.528 0.19 0.009 0.019
1 0.496 0.157 0.008 0.016
1 0.467 0.176 0.01 0.023
1 0.439 0.208 0.016 0.031
1 0.388 0.183 0.009 0.019
1 0.369 0.213 0.013 0.023
1 0.388 0.221 0.01 0.019
1 0.914 0.286 0.016 0.033
1 0.938 0.272 0.017 0.033
1 0.982 0.296 0.016 0.033
1 0.852 0.358 0.018 0.031
1 0.858 0.316 0.016 0.031
1 0.878 0.213 0.012 0.026
1 0.838 0.258 0.014 0.03
1 0.803 0.225 0.018 0.033
1 0.786 0.233 0.019 0.038
1 0.246 0.227 0.016 0.035
1 0.246 0.186 0.008 0.017
1 0.304 0.185 0.008 0.019
1 0.334 0.203 0.009 0.021
1 0.593 0.128 0.006 0.014
1 0.604 0.11 0.006 0.012
1 0.634 0.135 0.004 0.01
1 0.634 0.115 0.005 0.012
1 0.656 0.122 0.004 0.014
1 0.667 0.117 0.005 0.012
1 0.698 0.114 0.005 0.012
1 0.721 0.136 0.005 0.009
1 0.709 0.134 0.005 0.01
1 0.758 0.188 0.007 0.017
1 0.69 0.174 0.01 0.023
1 0.678 0.186 0.009 0.017
1 0.67 0.161 0.01 0.021
1 0.337 0.266 0.021 0.049
1 0.481 0.141 0.006 0.019
