1 0.023 0.571 0.041 0.079
1 0.104 0.573 0.068 0.096
1 0.23 0.458 0.057 0.079
1 0.245 0.386 0.042 0.06
1 0.295 0.37 0.042 0.058
1 0.356 0.345 0.041 0.063
1 0.175 0.375 0.037 0.059
1 0.088 0.437 0.04 0.058
1 0.071 0.358 0.019 0.03
1 0.099 0.341 0.02 0.03
1 0.105 0.332 0.016 0.027
1 0.172 0.321 0.013 0.029
1 0.213 0.299 0.014 0.019
1 0.244 0.316 0.018 0.025
1 0.272 0.292 0.017 0.022
1 0.322 0.292 0.021 0.027
1 0.332 0.258 0.011 0.018
1 0.398 0.256 0.016 0.027
1 0.379 0.281 0.015 0.019
1 0.448 0.295 0.024 0.029
1 0.455 0.337 0.021 0.036
1 0.458 0.388 0.026 0.036
1 0.389 0.449 0.041 0.056
1 0.502 0.364 0.032 0.053
1 0.52 0.419 0.04 0.068
1 0.546 0.362 0.04 0.073
1 0.525 0.247 0.026 0.042
1 0.447 0.242 0.012 0.021
1 0.406 0.227 0.006 0.016
1 0.548 0.195 0.01 0.019
1 0.598 0.258 0.031 0.056
1 0.608 0.177 0.012 0.022
1 0.633 0.173 0.011 0.021
1 0.654 0.2 0.02 0.027
1 0.659 0.232 0.021 0.036
1 0.647 0.286 0.026 0.053
1 0.662 0.379 0.046 0.071
1 0.605 0.458 0.038 0.093
1 0.46 0.208 0.007 0.011
1 0.756 0.447 0.06 0.116
1 0.781 0.338 0.047 0.063
1 0.905 0.339 0.079 0.133
1 0.85 0.37 0.036 0.071
1 0.865 0.297 0.038 0.06
1 0.72 0.286 0.029 0.048
1 0.686 0.31 0.047 0.077
1 0.715 0.236 0.025 0.04
1 0.686 0.179 0.015 0.022
1 0.696 0.143 0.013 0.021
1 0.774 0.182 0.026 0.051
1 0.745 0.145 0.016 0.025
1 0.794 0.13 0.009 0.014
1 0.848 0.18 0.021 0.034
1 0.914 0.119 0.015 0.022
1 0.928 0.113 0.012 0.018
1 0.892 0.11 0.015 0.025
1 0.862 0.127 0.012 0.021
1 0.983 0.089 0.011 0.022
1 0.994 0.108 0.01 0.027
1 0.975 0.182 0.036 0.051
1 0.988 0.247 0.024 0.063
1 0.985 0.747 0.03 0.159
1 0.936 0.138 0.018 0.027
1 0.777 0.282 0.035 0.052
