1 0.227 0.438 0.005 0.01
1 0.26 0.442 0.006 0.012
1 0.189 0.507 0.007 0.018
1 0.24 0.489 0.01 0.022
1 0.287 0.468 0.007 0.017
1 0.278 0.483 0.01 0.016
1 0.328 0.465 0.008 0.017
1 0.341 0.461 0.009 0.016
1 0.348 0.499 0.008 0.018
1 0.487 0.473 0.007 0.016
1 0.527 0.46 0.01 0.021
1 0.541 0.477 0.012 0.018
1 0.553 0.458 0.008 0.018
1 0.536 0.456 0.01 0.018
1 0.571 0.433 0.008 0.017
1 0.581 0.439 0.01 0.016
1 0.603 0.496 0.02 0.047
1 0.632 0.47 0.011 0.023
1 0.652 0.495 0.013 0.025
1 0.654 0.401 0.009 0.018
1 0.687 0.443 0.013 0.03
1 0.718 0.436 0.01 0.018
1 0.725 0.445 0.012 0.02
1 0.794 0.436 0.019 0.066
1 0.804 0.466 0.013 0.034
1 0.848 0.416 0.017 0.035
1 0.874 0.441 0.014 0.021
1 0.892 0.518 0.022 0.038
1 0.974 0.464 0.011 0.026
1 0.916 0.455 0.012 0.027
1 0.992 0.546 0.016 0.029
1 0.622 0.475 0.016 0.018
1 0.217 0.478 0.007 0.013
1 0.142 0.496 0.007 0.016
1 0.113 0.498 0.007 0.014
1 0.03 0.501 0.009 0.017
1 0.104 0.51 0.007 0.017
1 0.079 0.497 0.009 0.013
