1 0.916 0.532 0.029 0.05
1 0.866 0.545 0.026 0.039
1 0.887 0.53 0.021 0.033
1 0.845 0.501 0.021 0.026
1 0.924 0.457 0.021 0.035
1 0.977 0.48 0.016 0.024
1 0.959 0.462 0.011 0.018
1 0.811 0.598 0.036 0.059
1 0.778 0.52 0.027 0.047
1 0.69 0.514 0.028 0.05
1 0.66 0.587 0.033 0.051
1 0.642 0.462 0.021 0.026
1 0.646 0.509 0.021 0.03
1 0.72 0.477 0.018 0.038
1 0.751 0.489 0.018 0.03
1 0.726 0.529 0.02 0.032
1 0.964 0.521 0.021 0.033
1 0.984 0.566 0.032 0.045
1 0.894 0.64 0.039 0.044
1 0.567 0.601 0.031 0.059
1 0.473 0.595 0.032 0.054
1 0.337 0.565 0.034 0.06
1 0.334 0.501 0.02 0.029
1 0.402 0.501 0.019 0.029
1 0.381 0.489 0.024 0.042
1 0.439 0.522 0.015 0.035
1 0.533 0.484 0.022 0.038
1 0.59 0.447 0.012 0.024
1 0.592 0.559 0.025 0.038
1 0.511 0.435 0.009 0.017
1 0.57 0.431 0.008 0.015
1 0.481 0.446 0.009 0.015
1 0.416 0.454 0.016 0.023
1 0.37 0.413 0.008 0.015
1 0.309 0.436 0.014 0.029
1 0.614 0.444 0.012 0.02
1 0.065 0.547 0.041 0.054
1 0.242 0.547 0.021 0.047
1 0.287 0.537 0.032 0.035
1 0.194 0.483 0.02 0.029
1 0.156 0.451 0.022 0.032
1 0.256 0.462 0.017 0.026
1 0.18 0.438 0.016 0.024
1 0.058 0.486 0.029 0.042
1 0.192 0.42 0.01 0.018
1 0.264 0.429 0.013 0.018
1 0.991 0.447 0.012 0.018
