1 0.944 0.299 0.016 0.032
1 0.913 0.321 0.015 0.026
1 0.845 0.308 0.013 0.025
1 0.887 0.311 0.01 0.022
1 0.781 0.301 0.015 0.019
1 0.818 0.317 0.009 0.016
1 0.768 0.314 0.012 0.022
1 0.716 0.293 0.014 0.028
1 0.663 0.281 0.013 0.024
1 0.694 0.304 0.01 0.018
1 0.629 0.299 0.016 0.034
1 0.541 0.287 0.014 0.026
1 0.452 0.295 0.014 0.025
1 0.492 0.301 0.015 0.028
1 0.395 0.32 0.021 0.049
1 0.359 0.296 0.013 0.022
1 0.368 0.268 0.016 0.026
1 0.355 0.395 0.032 0.049
1 0.312 0.407 0.02 0.049
1 0.265 0.334 0.024 0.053
1 0.286 0.329 0.021 0.035
1 0.263 0.285 0.012 0.018
1 0.219 0.36 0.021 0.022
1 0.04 0.221 0.011 0.021
1 0.167 0.323 0.017 0.04
1 0.104 0.287 0.006 0.015
1 0.092 0.289 0.008 0.016
