1 0.119 0.369 0.023 0.038
1 0.161 0.359 0.012 0.021
1 0.209 0.363 0.02 0.035
1 0.271 0.37 0.02 0.037
1 0.281 0.368 0.014 0.032
1 0.307 0.371 0.018 0.032
1 0.385 0.351 0.021 0.04
1 0.429 0.403 0.021 0.035
1 0.474 0.375 0.017 0.035
1 0.533 0.36 0.012 0.04
1 0.578 0.367 0.019 0.031
1 0.609 0.377 0.022 0.043
1 0.669 0.376 0.02 0.032
1 0.72 0.377 0.014 0.022
1 0.806 0.391 0.026 0.047
1 0.858 0.389 0.009 0.016
1 0.877 0.385 0.006 0.012
1 0.769 0.38 0.011 0.025
1 0.944 0.385 0.008 0.021
1 0.926 0.388 0.008 0.015
1 0.996 0.39 0.006 0.022
1 0.989 0.396 0.01 0.016
