1 0.021 0.98 0.021 0.039
1 0.127 0.935 0.019 0.038
1 0.157 0.963 0.026 0.054
1 0.188 0.964 0.021 0.046
1 0.185 0.917 0.021 0.041
1 0.229 0.911 0.021 0.043
1 0.25 0.919 0.019 0.041
1 0.25 0.865 0.017 0.031
1 0.077 0.888 0.02 0.041
1 0.098 0.882 0.014 0.03
1 0.033 0.913 0.019 0.036
1 0.043 0.875 0.016 0.03
1 0.037 0.817 0.015 0.028
1 0.055 0.785 0.014 0.03
1 0.021 0.791 0.014 0.025
1 0.011 0.827 0.014 0.031
1 0.034 0.78 0.013 0.028
1 0.17 0.891 0.018 0.041
1 0.155 0.861 0.016 0.038
1 0.149 0.843 0.017 0.039
1 0.122 0.82 0.016 0.034
1 0.184 0.789 0.014 0.033
1 0.225 0.787 0.016 0.033
1 0.214 0.825 0.016 0.039
1 0.251 0.83 0.016 0.033
1 0.08 0.819 0.015 0.031
1 0.16 0.767 0.012 0.026
1 0.146 0.776 0.013 0.031
1 0.114 0.735 0.009 0.021
1 0.119 0.708 0.013 0.023
1 0.009 0.752 0.013 0.025
1 0.036 0.726 0.011 0.023
1 0.205 0.718 0.011 0.023
1 0.207 0.752 0.014 0.028
1 0.188 0.758 0.013 0.021
1 0.175 0.746 0.012 0.023
1 0.165 0.709 0.011 0.025
1 0.276 0.81 0.018 0.036
1 0.271 0.865 0.015 0.031
1 0.267 0.943 0.026 0.056
1 0.057 0.72 0.01 0.02
1 0.074 0.777 0.01 0.02
1 0.314 0.957 0.02 0.041
1 0.324 0.89 0.021 0.036
1 0.313 0.88 0.015 0.034
1 0.291 0.891 0.017 0.034
1 0.327 0.816 0.015 0.036
1 0.309 0.818 0.013 0.026
1 0.277 0.752 0.013 0.026
1 0.39 0.781 0.015 0.031
1 0.349 0.811 0.016 0.028
1 0.352 0.852 0.018 0.036
1 0.354 0.896 0.02 0.038
1 0.362 0.943 0.021 0.048
1 0.384 0.884 0.02 0.043
1 0.367 0.858 0.014 0.034
1 0.394 0.834 0.015 0.031
1 0.43 0.866 0.018 0.039
1 0.417 0.944 0.019 0.046
1 0.423 0.922 0.021 0.041
1 0.439 0.945 0.024 0.057
1 0.498 0.925 0.022 0.044
1 0.47 0.841 0.018 0.036
1 0.504 0.87 0.02 0.039
1 0.516 0.824 0.018 0.041
1 0.493 0.805 0.018 0.033
1 0.477 0.783 0.018 0.034
1 0.447 0.768 0.014 0.031
1 0.438 0.767 0.01 0.02
1 0.371 0.747 0.014 0.025
1 0.352 0.784 0.013 0.023
1 0.294 0.709 0.01 0.021
1 0.282 0.703 0.011 0.02
1 0.248 0.709 0.011 0.021
1 0.288 0.734 0.011 0.025
1 0.445 0.736 0.012 0.02
1 0.432 0.75 0.014 0.025
1 0.501 0.759 0.012 0.023
1 0.509 0.731 0.011 0.023
1 0.493 0.735 0.013 0.021
1 0.464 0.727 0.013 0.025
1 0.531 0.74 0.012 0.021
1 0.532 0.784 0.018 0.03
1 0.533 0.815 0.014 0.033
1 0.533 0.907 0.02 0.038
1 0.621 0.94 0.02 0.041
1 0.584 0.922 0.022 0.048
1 0.562 0.839 0.014 0.03
1 0.619 0.902 0.021 0.039
1 0.554 0.983 0.024 0.031
1 0.677 0.902 0.022 0.039
1 0.651 0.91 0.017 0.033
1 0.804 0.936 0.029 0.059
1 0.754 0.923 0.021 0.043
1 0.77 0.853 0.017 0.038
1 0.764 0.791 0.014 0.028
1 0.67 0.799 0.016 0.034
1 0.707 0.826 0.016 0.039
1 0.609 0.793 0.018 0.034
1 0.58 0.798 0.014 0.03
1 0.549 0.748 0.015 0.031
1 0.587 0.743 0.013 0.023
1 0.604 0.76 0.014 0.025
1 0.622 0.772 0.018 0.033
1 0.651 0.743 0.012 0.021
1 0.667 0.773 0.014 0.025
1 0.624 0.83 0.012 0.026
1 0.638 0.832 0.018 0.038
1 0.61 0.852 0.015 0.031
1 0.732 0.773 0.013 0.025
1 0.726 0.81 0.013 0.03
1 0.797 0.811 0.016 0.036
1 0.676 0.949 0.018 0.039
1 0.65 0.77 0.013 0.025
1 0.378 0.81 0.012 0.026
1 0.117 0.77 0.011 0.021
1 0.127 0.766 0.01 0.023
1 0.018 0.72 0.01 0.018
1 0.227 0.743 0.011 0.026
1 0.662 0.734 0.011 0.023
1 0.483 0.915 0.021 0.039
1 0.558 0.905 0.021 0.033
1 0.104 0.857 0.016 0.031
1 0.816 0.856 0.019 0.036
1 0.987 0.816 0.016 0.03
1 0.98 0.87 0.019 0.043
1 0.996 0.939 0.009 0.048
