1 0.094 0.671 0.039 0.057
1 0.155 0.614 0.034 0.06
1 0.254 0.579 0.043 0.059
1 0.258 0.676 0.041 0.069
1 0.209 0.771 0.046 0.082
1 0.161 0.714 0.043 0.076
1 0.162 0.896 0.052 0.085
1 0.063 0.8 0.041 0.076
1 0.275 0.956 0.052 0.088
1 0.396 0.861 0.047 0.082
1 0.501 0.666 0.037 0.074
1 0.365 0.688 0.039 0.063
1 0.314 0.703 0.042 0.062
1 0.183 0.844 0.045 0.068
1 0.018 0.649 0.035 0.065
1 0.019 0.742 0.038 0.066
1 0.047 0.59 0.027 0.065
1 0.027 0.616 0.034 0.06
1 0.591 0.713 0.044 0.08
1 0.125 0.569 0.036 0.051
1 0.207 0.545 0.032 0.057
1 0.37 0.556 0.038 0.062
1 0.302 0.562 0.035 0.054
1 0.329 0.502 0.032 0.059
1 0.376 0.51 0.035 0.052
1 0.463 0.522 0.036 0.057
1 0.449 0.666 0.035 0.068
1 0.38 0.643 0.033 0.054
1 0.54 0.512 0.032 0.054
1 0.175 0.512 0.029 0.049
1 0.5 0.963 0.052 0.074
1 0.602 0.953 0.031 0.091
1 0.702 0.93 0.058 0.091
1 0.76 0.862 0.036 0.097
1 0.86 0.966 0.049 0.068
1 0.604 0.565 0.037 0.069
1 0.73 0.549 0.038 0.069
1 0.771 0.634 0.043 0.063
1 0.625 0.669 0.037 0.063
1 0.766 0.543 0.032 0.06
1 0.875 0.56 0.039 0.063
1 0.852 0.794 0.049 0.082
1 0.917 0.71 0.044 0.065
1 0.985 0.861 0.029 0.083
1 0.857 0.74 0.039 0.062
1 0.883 0.684 0.027 0.068
1 0.707 0.52 0.031 0.057
1 0.908 0.441 0.029 0.048
1 0.99 0.382 0.02 0.052
1 0.978 0.332 0.02 0.035
1 0.923 0.325 0.021 0.04
1 0.935 0.511 0.031 0.054
1 0.887 0.503 0.027 0.045
1 0.942 0.585 0.03 0.048
1 0.965 0.675 0.036 0.059
1 0.906 0.635 0.03 0.04
1 0.952 0.46 0.026 0.039
1 0.795 0.545 0.017 0.035
1 0.702 0.467 0.024 0.04
1 0.628 0.514 0.028 0.054
1 0.584 0.465 0.025 0.026
1 0.791 0.486 0.019 0.035
1 0.232 0.488 0.029 0.057
1 0.312 0.471 0.029 0.042
1 0.357 0.471 0.026 0.043
1 0.41 0.483 0.028 0.039
1 0.1 0.498 0.026 0.049
1 0.007 0.557 0.014 0.051
1 0.01 0.507 0.021 0.055
1 0.059 0.414 0.021 0.029
1 0.005 0.365 0.011 0.037
1 0.119 0.478 0.02 0.031
1 0.408 0.178 0.009 0.011
1 0.425 0.175 0.007 0.011
1 0.77 0.134 0.008 0.009
1 0.69 0.458 0.017 0.035
1 0.971 0.453 0.025 0.055
1 0.478 0.487 0.029 0.059
1 0.131 0.693 0.033 0.065
1 0.074 0.568 0.031 0.063
1 0.021 0.828 0.042 0.076
