1 0.28 0.275 0.013 0.02
1 0.305 0.252 0.015 0.02
1 0.312 0.228 0.011 0.022
1 0.334 0.258 0.013 0.022
1 0.257 0.032 0.007 0.012
1 0.276 0.015 0.007 0.014
1 0.312 0.013 0.01 0.018
1 0.29 0.055 0.009 0.016
1 0.304 0.065 0.01 0.018
1 0.302 0.111 0.01 0.018
1 0.331 0.048 0.009 0.018
1 0.37 0.078 0.009 0.018
1 0.352 0.113 0.011 0.018
1 0.359 0.058 0.007 0.015
1 0.382 0.04 0.01 0.015
1 0.394 0.012 0.009 0.015
1 0.42 0.045 0.01 0.019
1 0.422 0.029 0.01 0.016
1 0.38 0.12 0.01 0.022
1 0.421 0.103 0.008 0.02
1 0.44 0.134 0.011 0.018
1 0.462 0.126 0.011 0.016
1 0.454 0.01 0.007 0.011
1 0.493 0.033 0.008 0.014
1 0.465 0.075 0.007 0.019
1 0.493 0.109 0.011 0.016
1 0.452 0.147 0.011 0.02
1 0.262 0.137 0.01 0.018
1 0.297 0.15 0.012 0.022
1 0.32 0.154 0.012 0.019
1 0.344 0.158 0.012 0.02
1 0.362 0.19 0.012 0.016
1 0.374 0.156 0.012 0.018
1 0.356 0.229 0.012 0.023
1 0.402 0.168 0.011 0.019
1 0.395 0.136 0.011 0.02
1 0.394 0.225 0.012 0.019
1 0.379 0.259 0.012 0.019
1 0.396 0.276 0.009 0.019
1 0.432 0.257 0.014 0.02
1 0.433 0.233 0.01 0.019
1 0.434 0.19 0.012 0.019
1 0.448 0.169 0.006 0.019
1 0.464 0.158 0.013 0.019
1 0.472 0.192 0.011 0.023
1 0.49 0.237 0.009 0.016
1 0.508 0.265 0.011 0.02
1 0.52 0.238 0.012 0.018
1 0.491 0.173 0.011 0.02
1 0.503 0.156 0.01 0.016
1 0.505 0.129 0.011 0.02
1 0.518 0.188 0.016 0.018
1 0.5 0.051 0.011 0.015
1 0.493 0.088 0.008 0.018
1 0.522 0.119 0.011 0.02
1 0.561 0.126 0.013 0.022
1 0.552 0.037 0.01 0.019
1 0.517 0.065 0.008 0.025
1 0.585 0.077 0.01 0.018
1 0.566 0.062 0.009 0.018
1 0.558 0.017 0.01 0.018
1 0.606 0.025 0.01 0.019
1 0.621 0.067 0.009 0.016
1 0.582 0.102 0.006 0.018
1 0.598 0.128 0.013 0.02
1 0.629 0.114 0.011 0.018
1 0.54 0.166 0.011 0.02
1 0.528 0.154 0.008 0.019
1 0.545 0.101 0.013 0.022
1 0.563 0.173 0.01 0.018
1 0.014 0.883 0.018 0.027
1 0.039 0.97 0.021 0.033
1 0.01 0.071 0.013 0.019
1 0.02 0.19 0.011 0.02
1 0.628 0.175 0.012 0.018
1 0.582 0.147 0.011 0.02
1 0.595 0.115 0.008 0.02
1 0.64 0.143 0.01 0.018
1 0.669 0.13 0.009 0.02
1 0.68 0.12 0.01 0.019
1 0.663 0.094 0.012 0.019
1 0.663 0.162 0.011 0.02
1 0.637 0.224 0.011 0.018
1 0.672 0.233 0.011 0.022
1 0.692 0.177 0.011 0.022
1 0.694 0.142 0.013 0.016
1 0.696 0.119 0.01 0.019
1 0.667 0.267 0.013 0.025
1 0.562 0.283 0.012 0.02
1 0.597 0.292 0.01 0.022
1 0.468 0.286 0.011 0.015
1 0.652 0.013 0.009 0.015
1 0.679 0.022 0.01 0.016
1 0.702 0.036 0.008 0.02
1 0.696 0.044 0.01 0.018
1 0.66 0.062 0.011 0.018
1 0.716 0.08 0.009 0.018
1 0.753 0.068 0.006 0.02
1 0.762 0.072 0.01 0.019
1 0.764 0.038 0.01 0.016
1 0.781 0.01 0.009 0.019
1 0.781 0.046 0.012 0.019
1 0.776 0.091 0.012 0.019
1 0.736 0.1 0.01 0.019
1 0.718 0.15 0.012 0.019
1 0.753 0.164 0.009 0.022
1 0.778 0.132 0.01 0.018
1 0.773 0.158 0.008 0.022
1 0.799 0.117 0.01 0.022
1 0.813 0.008 0.005 0.015
1 0.832 0.024 0.007 0.018
1 0.825 0.07 0.009 0.025
1 0.824 0.083 0.01 0.019
1 0.796 0.074 0.005 0.019
1 0.875 0.115 0.011 0.02
1 0.885 0.07 0.01 0.018
1 0.92 0.037 0.005 0.014
1 0.91 0.084 0.008 0.018
1 0.916 0.07 0.008 0.016
1 0.949 0.074 0.011 0.016
1 0.898 0.031 0.006 0.018
1 0.949 0.019 0.004 0.016
1 0.981 0.177 0.012 0.02
1 0.979 0.035 0.006 0.015
1 0.826 0.175 0.01 0.022
1 0.767 0.255 0.014 0.022
1 0.749 0.277 0.01 0.022
1 0.796 0.269 0.012 0.022
1 0.843 0.275 0.014 0.026
1 0.869 0.234 0.01 0.018
1 0.902 0.255 0.014 0.022
1 0.935 0.23 0.013 0.018
1 0.933 0.209 0.01 0.022
1 0.975 0.221 0.011 0.022
1 0.957 0.261 0.013 0.023
1 0.87 0.389 0.016 0.023
1 0.834 0.224 0.005 0.023
1 0.785 0.226 0.003 0.019
1 0.702 0.276 0.014 0.02
1 0.019 0.038 0.008 0.02
1 0.073 0.044 0.009 0.019
1 0.05 0.074 0.013 0.019
1 0.114 0.031 0.007 0.014
1 0.11 0.031 0.005 0.018
1 0.132 0.035 0.008 0.015
1 0.143 0.046 0.009 0.016
1 0.161 0.033 0.011 0.016
1 0.177 0.005 0.008 0.011
1 0.215 0.029 0.01 0.016
1 0.225 0.018 0.009 0.015
1 0.113 0.076 0.012 0.019
1 0.099 0.091 0.01 0.018
1 0.035 0.113 0.009 0.015
1 0.162 0.087 0.011 0.018
1 0.194 0.067 0.012 0.019
1 0.204 0.058 0.01 0.018
1 0.216 0.06 0.009 0.016
1 0.234 0.082 0.011 0.019
1 0.242 0.101 0.009 0.016
1 0.189 0.12 0.008 0.016
1 0.16 0.112 0.008 0.022
1 0.144 0.14 0.01 0.02
1 0.167 0.156 0.011 0.02
1 0.122 0.147 0.008 0.018
1 0.08 0.147 0.01 0.022
1 0.061 0.1 0.013 0.018
1 0.021 0.119 0.01 0.022
1 0.044 0.142 0.01 0.019
1 0.062 0.229 0.012 0.02
1 0.092 0.182 0.011 0.015
1 0.1 0.214 0.01 0.025
1 0.106 0.233 0.012 0.02
1 0.121 0.169 0.013 0.022
1 0.149 0.173 0.011 0.018
1 0.152 0.211 0.011 0.016
1 0.141 0.219 0.004 0.02
1 0.113 0.268 0.013 0.02
1 0.075 0.264 0.013 0.02
1 0.02 0.217 0.009 0.022
1 0.025 0.253 0.011 0.02
1 0.161 0.274 0.011 0.02
1 0.197 0.235 0.012 0.02
1 0.208 0.272 0.011 0.018
1 0.247 0.256 0.012 0.019
1 0.228 0.173 0.01 0.018
1 0.253 0.177 0.011 0.019
1 0.276 0.231 0.011 0.018
1 0.559 0.234 0.012 0.02
1 0.599 0.224 0.014 0.019
1 0.285 0.183 0.01 0.016
1 0.984 0.015 0.009 0.016
1 0.595 0.172 0.013 0.019
