1 0.14 0.366 0.023 0.039
1 0.187 0.355 0.037 0.066
1 0.23 0.328 0.026 0.037
1 0.254 0.371 0.027 0.04
1 0.322 0.321 0.021 0.037
1 0.37 0.395 0.042 0.065
1 0.386 0.328 0.03 0.029
1 0.43 0.346 0.034 0.056
1 0.465 0.338 0.012 0.029
1 0.454 0.309 0.008 0.011
1 0.527 0.39 0.05 0.072
1 0.578 0.362 0.044 0.067
1 0.539 0.322 0.019 0.018
1 0.545 0.299 0.021 0.02
1 0.576 0.289 0.036 0.034
1 0.626 0.298 0.01 0.016
1 0.68 0.392 0.047 0.059
1 0.607 0.312 0.009 0.012
1 0.695 0.294 0.028 0.044
1 0.833 0.323 0.037 0.058
1 0.84 0.369 0.025 0.026
1 0.898 0.33 0.022 0.029
1 0.922 0.345 0.023 0.036
1 0.879 0.41 0.053 0.075
