1 0.155 0.41 0.048 0.082
1 0.226 0.413 0.052 0.076
1 0.227 0.51 0.048 0.094
1 0.376 0.52 0.06 0.097
1 0.111 0.597 0.079 0.126
1 0.137 0.813 0.098 0.17
1 0.36 0.813 0.115 0.195
1 0.037 0.755 0.073 0.158
1 0.043 0.616 0.059 0.116
1 0.066 0.482 0.057 0.098
1 0.092 0.348 0.033 0.06
1 0.057 0.337 0.031 0.053
1 0.488 0.5 0.079 0.139
1 0.688 0.566 0.079 0.142
1 0.784 0.744 0.056 0.126
1 0.589 0.921 0.067 0.152
1 0.275 0.338 0.022 0.038
1 0.248 0.316 0.024 0.048
1 0.197 0.342 0.031 0.054
1 0.178 0.302 0.027 0.047
1 0.146 0.299 0.018 0.034
1 0.349 0.384 0.046 0.088
1 0.356 0.308 0.035 0.06
1 0.377 0.389 0.037 0.078
1 0.405 0.33 0.034 0.072
1 0.324 0.354 0.031 0.06
1 0.969 0.522 0.062 0.136
1 0.733 0.463 0.057 0.111
1 0.657 0.364 0.059 0.11
1 0.691 0.34 0.039 0.081
1 0.598 0.308 0.021 0.037
1 0.218 0.246 0.019 0.038
1 0.264 0.273 0.014 0.028
1 0.296 0.307 0.018 0.031
1 0.487 0.367 0.03 0.057
1 0.436 0.316 0.025 0.05
1 0.725 0.296 0.032 0.059
1 0.746 0.299 0.023 0.056
1 0.89 0.327 0.044 0.083
1 0.009 0.425 0.018 0.086
1 0.607 0.262 0.02 0.029
1 0.581 0.244 0.021 0.034
1 0.729 0.358 0.025 0.057
