1 0.865 0.82 0.011 0.018
1 0.958 0.709 0.009 0.014
1 0.917 0.702 0.007 0.014
1 0.937 0.697 0.007 0.01
1 0.898 0.71 0.009 0.016
1 0.739 0.789 0.012 0.018
1 0.65 0.801 0.014 0.025
1 0.634 0.766 0.012 0.018
1 0.492 0.881 0.015 0.022
1 0.457 0.89 0.013 0.02
1 0.988 0.592 0.013 0.022
1 0.979 0.675 0.009 0.02
1 0.111 0.967 0.018 0.033
1 0.013 0.932 0.013 0.03
1 0.046 0.997 0.021 0.007
1 0.266 0.763 0.011 0.021
1 0.549 0.691 0.007 0.014
1 0.139 0.579 0.007 0.013
1 0.074 0.579 0.007 0.012
1 0.194 0.572 0.005 0.01
1 0.209 0.504 0.009 0.013
1 0.083 0.545 0.009 0.014
1 0.199 0.607 0.008 0.013
1 0.301 0.66 0.004 0.01
1 0.088 0.702 0.007 0.017
1 0.669 0.641 0.005 0.012
