1 0.171 0.11 0.012 0.023
1 0.076 0.097 0.013 0.025
1 0.07 0.075 0.015 0.025
1 0.285 0.187 0.012 0.025
1 0.295 0.265 0.016 0.032
1 0.323 0.296 0.02 0.032
1 0.401 0.277 0.021 0.041
1 0.39 0.242 0.015 0.026
1 0.415 0.182 0.016 0.029
1 0.299 0.204 0.019 0.029
1 0.263 0.219 0.014 0.025
1 0.269 0.313 0.021 0.038
1 0.378 0.373 0.022 0.047
1 0.367 0.373 0.001 0.0
1 0.336 0.417 0.021 0.044
1 0.385 0.455 0.025 0.042
1 0.382 0.507 0.022 0.053
1 0.494 0.398 0.025 0.051
1 0.428 0.414 0.022 0.056
1 0.434 0.339 0.023 0.045
1 0.427 0.28 0.019 0.035
1 0.507 0.291 0.017 0.038
1 0.514 0.227 0.013 0.032
1 0.639 0.217 0.015 0.032
1 0.6 0.223 0.015 0.029
1 0.567 0.231 0.017 0.028
1 0.536 0.163 0.016 0.029
1 0.48 0.218 0.015 0.029
1 0.47 0.182 0.016 0.04
1 0.427 0.126 0.015 0.026
1 0.5 0.172 0.012 0.031
1 0.559 0.135 0.014 0.032
1 0.662 0.163 0.017 0.034
1 0.729 0.169 0.018 0.037
1 0.711 0.209 0.016 0.032
1 0.781 0.309 0.017 0.029
1 0.74 0.363 0.021 0.044
1 0.784 0.263 0.019 0.042
1 0.801 0.366 0.023 0.047
1 0.788 0.407 0.025 0.047
1 0.845 0.366 0.016 0.035
1 0.899 0.357 0.018 0.04
1 0.891 0.399 0.023 0.045
1 0.922 0.441 0.024 0.04
1 0.979 0.391 0.023 0.047
1 0.86 0.234 0.018 0.035
1 0.925 0.319 0.017 0.032
1 0.73 0.329 0.021 0.041
1 0.842 0.198 0.016 0.035
1 0.714 0.428 0.025 0.048
1 0.764 0.439 0.022 0.056
1 0.497 0.521 0.026 0.059
1 0.554 0.488 0.022 0.045
1 0.618 0.461 0.022 0.047
1 0.627 0.415 0.024 0.045
1 0.555 0.418 0.024 0.04
1 0.653 0.498 0.022 0.05
1 0.74 0.534 0.024 0.042
1 0.533 0.392 0.022 0.047
1 0.574 0.312 0.016 0.032
1 0.525 0.287 0.017 0.029
1 0.738 0.422 0.024 0.05
1 0.792 0.485 0.026 0.053
1 0.814 0.485 0.022 0.051
1 0.844 0.499 0.023 0.05
1 0.92 0.516 0.025 0.045
1 0.875 0.493 0.021 0.041
1 0.939 0.503 0.018 0.042
1 0.924 0.373 0.021 0.035
1 0.924 0.413 0.023 0.041
1 0.836 0.448 0.019 0.035
1 0.359 0.651 0.021 0.048
1 0.381 0.642 0.033 0.066
1 0.594 0.647 0.032 0.067
1 0.075 0.19 0.021 0.034
1 0.055 0.284 0.022 0.041
1 0.088 0.337 0.021 0.041
1 0.079 0.409 0.027 0.051
1 0.118 0.403 0.021 0.045
1 0.145 0.367 0.021 0.045
1 0.176 0.369 0.021 0.041
1 0.265 0.444 0.024 0.05
1 0.041 0.158 0.014 0.026
1 0.103 0.19 0.016 0.025
1 0.052 0.238 0.02 0.034
1 0.022 0.374 0.023 0.045
1 0.135 0.487 0.022 0.042
1 0.901 0.717 0.033 0.063
1 0.208 0.308 0.024 0.048
1 0.123 0.116 0.015 0.035
1 0.2 0.113 0.015 0.029
1 0.883 0.343 0.015 0.028
1 0.875 0.283 0.015 0.019
1 0.817 0.378 0.021 0.037
1 0.87 0.182 0.011 0.022
1 0.971 0.31 0.012 0.031
1 0.993 0.051 0.015 0.029
1 0.998 0.529 0.005 0.025
1 0.947 0.687 0.031 0.06
1 0.994 0.466 0.01 0.023
1 0.993 0.015 0.009 0.018
1 0.974 0.018 0.007 0.012
1 0.858 0.153 0.014 0.025
1 0.832 0.022 0.009 0.012
1 0.761 0.177 0.014 0.023
1 0.748 0.007 0.007 0.01
1 0.698 0.009 0.011 0.018
1 0.65 0.041 0.012 0.015
1 0.657 0.037 0.008 0.015
1 0.652 0.023 0.006 0.007
1 0.662 0.074 0.007 0.016
1 0.66 0.105 0.012 0.019
1 0.647 0.091 0.009 0.015
1 0.442 0.231 0.014 0.026
1 0.249 0.551 0.028 0.041
1 0.168 0.742 0.022 0.042
1 0.067 0.624 0.028 0.057
1 0.209 0.467 0.021 0.044
1 0.226 0.37 0.027 0.05
1 0.25 0.352 0.02 0.051
1 0.272 0.382 0.02 0.032
1 0.307 0.341 0.017 0.038
1 0.324 0.354 0.024 0.042
1 0.143 0.442 0.021 0.038
1 0.088 0.289 0.015 0.037
1 0.102 0.253 0.014 0.023
1 0.103 0.22 0.02 0.028
1 0.076 0.149 0.012 0.018
1 0.187 0.086 0.011 0.016
1 0.458 0.313 0.017 0.022
1 0.48 0.395 0.02 0.056
1 0.423 0.226 0.011 0.019
1 0.385 0.185 0.015 0.028
1 0.255 0.149 0.008 0.018
1 0.269 0.116 0.012 0.031
1 0.273 0.094 0.009 0.016
1 0.284 0.119 0.008 0.02
1 0.301 0.111 0.01 0.025
1 0.629 0.092 0.009 0.019
1 0.625 0.066 0.011 0.02
1 0.632 0.037 0.008 0.013
1 0.628 0.015 0.008 0.012
1 0.59 0.031 0.008 0.013
1 0.6 0.052 0.009 0.016
1 0.599 0.069 0.006 0.009
1 0.539 0.039 0.009 0.016
1 0.546 0.038 0.008 0.02
1 0.564 0.008 0.013 0.016
1 0.544 0.128 0.01 0.025
1 0.528 0.148 0.013 0.02
1 0.591 0.229 0.014 0.025
1 0.593 0.265 0.015 0.02
1 0.638 0.135 0.011 0.023
1 0.678 0.457 0.017 0.026
1 0.613 0.174 0.016 0.026
1 0.504 0.117 0.013 0.026
1 0.483 0.116 0.009 0.023
1 0.61 0.113 0.01 0.019
1 0.504 0.033 0.011 0.022
1 0.514 0.034 0.01 0.015
1 0.543 0.01 0.006 0.01
1 0.465 0.039 0.009 0.019
1 0.483 0.044 0.009 0.02
1 0.467 0.092 0.012 0.028
1 0.452 0.102 0.011 0.019
1 0.459 0.067 0.008 0.012
1 0.42 0.058 0.016 0.028
1 0.407 0.035 0.007 0.012
1 0.397 0.018 0.009 0.02
1 0.426 0.017 0.008 0.019
1 0.449 0.01 0.008 0.018
1 0.497 0.007 0.015 0.015
1 0.402 0.079 0.007 0.012
1 0.417 0.096 0.011 0.019
1 0.404 0.128 0.01 0.019
1 0.406 0.175 0.015 0.031
1 0.383 0.113 0.014 0.022
1 0.361 0.053 0.007 0.013
1 0.356 0.021 0.01 0.013
1 0.393 0.05 0.012 0.02
1 0.349 0.201 0.018 0.038
1 0.559 0.339 0.02 0.034
1 0.287 0.072 0.009 0.015
1 0.26 0.045 0.006 0.013
1 0.269 0.051 0.008 0.013
1 0.209 0.061 0.012 0.013
1 0.21 0.094 0.012 0.018
1 0.213 0.119 0.01 0.015
1 0.237 0.14 0.009 0.019
1 0.22 0.048 0.007 0.02
1 0.161 0.034 0.007 0.013
1 0.189 0.023 0.006 0.012
1 0.304 0.051 0.012 0.023
1 0.318 0.037 0.009 0.018
1 0.332 0.035 0.009 0.018
1 0.065 0.04 0.011 0.018
1 0.054 0.037 0.008 0.018
1 0.042 0.051 0.011 0.019
1 0.099 0.053 0.01 0.016
1 0.141 0.102 0.011 0.028
1 0.156 0.116 0.01 0.028
1 0.16 0.067 0.008 0.022
1 0.173 0.059 0.013 0.022
1 0.888 0.317 0.019 0.031
1 0.9 0.225 0.017 0.028
1 0.921 0.23 0.017 0.029
1 0.789 0.05 0.015 0.023
1 0.683 0.103 0.011 0.022
1 0.702 0.088 0.011 0.023
1 0.708 0.253 0.015 0.032
1 0.825 0.111 0.016 0.031
1 0.843 0.27 0.019 0.037
1 0.852 0.289 0.02 0.037
1 0.033 0.198 0.02 0.028
1 0.574 0.071 0.011 0.022
1 0.729 0.047 0.011 0.023
1 0.821 0.274 0.02 0.041
1 0.984 0.131 0.015 0.025
1 0.946 0.061 0.012 0.019
1 0.968 0.078 0.012 0.022
1 0.957 0.089 0.012 0.028
1 0.872 0.079 0.01 0.02
1 0.861 0.068 0.012 0.025
1 0.03 0.094 0.013 0.022
