1 0.046 0.293 0.016 0.027
1 0.098 0.29 0.016 0.024
1 0.141 0.284 0.018 0.021
1 0.183 0.292 0.013 0.019
1 0.051 0.249 0.005 0.011
1 0.037 0.247 0.006 0.011
1 0.208 0.29 0.017 0.028
1 0.225 0.291 0.015 0.023
1 0.242 0.312 0.017 0.027
1 0.283 0.066 0.01 0.017
1 0.885 0.235 0.017 0.031
1 0.353 0.285 0.016 0.027
1 0.353 0.311 0.015 0.025
1 0.334 0.376 0.024 0.049
1 0.393 0.328 0.019 0.032
1 0.466 0.349 0.021 0.024
1 0.495 0.283 0.013 0.025
1 0.51 0.286 0.016 0.031
1 0.537 0.286 0.012 0.021
1 0.546 0.302 0.016 0.027
1 0.628 0.366 0.025 0.034
1 0.806 0.456 0.026 0.049
1 0.616 0.522 0.062 0.113
1 0.281 0.587 0.046 0.094
1 0.883 0.586 0.067 0.118
1 0.128 0.265 0.004 0.007
1 0.593 0.345 0.017 0.034
1 0.599 0.335 0.017 0.033
1 0.916 0.337 0.015 0.027
1 0.889 0.336 0.015 0.025
1 0.931 0.336 0.013 0.023
1 0.151 0.145 0.009 0.013
