1 0.953 0.502 0.029 0.036
1 0.907 0.576 0.03 0.042
1 0.829 0.564 0.032 0.042
1 0.779 0.542 0.021 0.035
1 0.909 0.528 0.015 0.02
1 0.991 0.508 0.009 0.017
1 0.859 0.507 0.015 0.021
1 0.849 0.537 0.017 0.019
1 0.793 0.502 0.017 0.025
1 0.807 0.488 0.009 0.017
1 0.749 0.512 0.018 0.027
1 0.716 0.481 0.014 0.022
1 0.694 0.501 0.016 0.022
1 0.676 0.476 0.014 0.02
1 0.669 0.575 0.025 0.041
1 0.663 0.529 0.02 0.035
1 0.628 0.5 0.018 0.026
1 0.597 0.475 0.012 0.019
1 0.581 0.554 0.025 0.039
1 0.577 0.502 0.013 0.024
1 0.486 0.509 0.016 0.022
1 0.457 0.502 0.021 0.035
1 0.418 0.555 0.027 0.041
1 0.404 0.503 0.014 0.022
1 0.338 0.539 0.021 0.037
1 0.37 0.526 0.021 0.027
1 0.298 0.507 0.022 0.035
1 0.354 0.484 0.014 0.017
1 0.339 0.472 0.008 0.015
1 0.372 0.491 0.007 0.012
1 0.378 0.47 0.009 0.014
1 0.231 0.541 0.023 0.041
1 0.122 0.532 0.032 0.046
1 0.195 0.498 0.012 0.016
1 0.257 0.483 0.012 0.015
1 0.149 0.506 0.02 0.026
1 0.009 0.542 0.018 0.039
1 0.027 0.508 0.024 0.03
1 0.533 0.519 0.017 0.03
