1 0.021 0.561 0.04 0.088
1 0.024 0.662 0.034 0.088
1 0.1 0.956 0.082 0.088
1 0.307 0.669 0.06 0.102
1 0.357 0.596 0.048 0.1
1 0.42 0.734 0.057 0.122
1 0.488 0.611 0.06 0.111
1 0.451 0.905 0.091 0.146
1 0.594 0.679 0.054 0.092
1 0.633 0.71 0.052 0.1
1 0.73 0.577 0.041 0.082
1 0.76 0.741 0.051 0.12
1 0.742 0.775 0.05 0.104
1 0.812 0.485 0.038 0.079
1 0.859 0.581 0.054 0.097
1 0.494 0.936 0.036 0.079
1 0.495 0.878 0.047 0.091
1 0.093 0.813 0.049 0.075
1 0.982 0.565 0.033 0.073
1 0.932 0.619 0.041 0.082
1 0.965 0.772 0.067 0.165
1 0.85 0.958 0.077 0.083
1 0.953 0.535 0.051 0.101
