1 0.813 0.787 0.005 0.006
1 0.822 0.847 0.011 0.028
1 0.881 0.87 0.016 0.028
1 0.772 0.908 0.016 0.026
1 0.809 0.937 0.016 0.026
1 0.857 0.894 0.014 0.029
1 0.873 0.905 0.014 0.021
1 0.119 0.628 0.005 0.009
1 0.023 0.189 0.008 0.015
1 0.059 0.148 0.005 0.009
1 0.191 0.161 0.005 0.006
1 0.658 0.985 0.016 0.031
1 0.458 0.977 0.022 0.031
1 0.475 0.969 0.014 0.029
1 0.484 0.954 0.019 0.031
1 0.518 0.944 0.019 0.034
1 0.539 0.956 0.016 0.023
1 0.556 0.954 0.017 0.028
1 0.528 0.986 0.019 0.028
1 0.576 0.949 0.019 0.038
1 0.603 0.876 0.014 0.007
1 0.599 0.9 0.017 0.031
1 0.608 0.93 0.017 0.044
1 0.779 0.99 0.018 0.021
1 0.825 0.982 0.015 0.032
1 0.912 0.986 0.017 0.025
1 0.304 0.924 0.014 0.026
1 0.413 0.676 0.013 0.035
1 0.39 0.657 0.01 0.026
1 0.57 0.595 0.007 0.009
1 0.978 0.394 0.023 0.056
1 0.871 0.456 0.008 0.015
1 0.858 0.527 0.01 0.016
1 0.891 0.486 0.005 0.013
1 0.889 0.466 0.007 0.015
1 0.839 0.411 0.005 0.01
1 0.852 0.415 0.009 0.018
1 0.915 0.417 0.007 0.016
1 0.828 0.458 0.004 0.01
1 0.824 0.485 0.004 0.007
1 0.77 0.521 0.012 0.018
1 0.78 0.546 0.008 0.013
1 0.782 0.518 0.007 0.009
1 0.894 0.271 0.006 0.007
1 0.089 0.524 0.008 0.019
1 0.006 0.507 0.009 0.019
1 0.022 0.437 0.007 0.015
1 0.018 0.387 0.008 0.012
1 0.06 0.492 0.008 0.013
1 0.057 0.376 0.008 0.007
1 0.16 0.493 0.007 0.01
1 0.19 0.565 0.007 0.013
1 0.026 0.596 0.01 0.013
1 0.08 0.517 0.008 0.013
1 0.03 0.463 0.006 0.012
1 0.002 0.53 0.005 0.01
1 0.198 0.155 0.003 0.004
1 0.162 0.166 0.004 0.007
1 0.175 0.153 0.005 0.007
1 0.062 0.253 0.004 0.01
1 0.055 0.258 0.006 0.009
1 0.018 0.256 0.006 0.007
1 0.04 0.273 0.007 0.007
1 0.12 0.178 0.006 0.007
1 0.119 0.191 0.009 0.012
1 0.162 0.12 0.003 0.006
1 0.082 0.243 0.006 0.01
1 0.093 0.253 0.006 0.007
1 0.076 0.259 0.006 0.013
1 0.249 0.163 0.004 0.009
1 0.166 0.921 0.02 0.041
1 0.017 0.908 0.008 0.021
1 0.303 0.984 0.019 0.026
1 0.371 0.972 0.021 0.035
1 0.372 0.849 0.014 0.018
1 0.37 0.92 0.018 0.028
1 0.337 0.981 0.012 0.023
1 0.625 0.875 0.011 0.025
1 0.642 0.908 0.016 0.028
1 0.654 0.907 0.01 0.019
1 0.664 0.903 0.012 0.026
1 0.656 0.949 0.018 0.025
1 0.683 0.947 0.016 0.023
1 0.696 0.99 0.016 0.019
1 0.727 0.957 0.01 0.018
1 0.605 0.849 0.009 0.018
1 0.093 0.265 0.006 0.009
1 0.031 0.291 0.005 0.007
1 0.065 0.521 0.005 0.009
1 0.029 0.418 0.005 0.009
1 0.236 0.511 0.006 0.01
1 0.176 0.52 0.009 0.013
1 0.169 0.493 0.009 0.015
1 0.17 0.472 0.011 0.012
1 0.105 0.46 0.002 0.006
1 0.183 0.468 0.003 0.006
1 0.189 0.468 0.006 0.006
1 0.807 0.786 0.006 0.009
1 0.371 0.885 0.017 0.019
1 0.596 0.938 0.005 0.007
1 0.983 0.825 0.014 0.016
1 0.839 0.988 0.015 0.019
1 0.752 0.817 0.016 0.022
1 0.738 0.807 0.01 0.016
1 0.79 0.906 0.015 0.026
1 0.955 0.542 0.01 0.016
1 0.832 0.551 0.011 0.015
1 0.745 0.54 0.009 0.013
1 0.715 0.543 0.008 0.015
1 0.794 0.518 0.006 0.012
1 0.88 0.485 0.007 0.01
1 0.548 0.565 0.009 0.015
1 0.566 0.564 0.011 0.022
1 0.491 0.583 0.008 0.016
1 0.484 0.567 0.007 0.015
1 0.51 0.562 0.007 0.013
1 0.073 0.322 0.007 0.013
1 0.03 0.338 0.006 0.01
1 0.073 0.2 0.004 0.007
1 0.066 0.203 0.004 0.007
1 0.083 0.44 0.009 0.015
1 0.076 0.436 0.005 0.013
1 0.08 0.424 0.006 0.012
1 0.281 0.205 0.007 0.009
1 0.166 0.183 0.004 0.009
1 0.062 0.144 0.008 0.01
1 0.048 0.192 0.005 0.009
1 0.279 0.178 0.006 0.007
1 0.185 0.103 0.004 0.007
1 0.064 0.21 0.006 0.01
1 0.062 0.196 0.004 0.007
1 0.074 0.15 0.005 0.009
1 0.988 0.129 0.006 0.012
1 0.979 0.166 0.006 0.015
1 0.955 0.232 0.005 0.015
1 0.395 0.933 0.016 0.026
1 0.256 0.38 0.008 0.016
1 0.646 0.48 0.008 0.013
1 0.64 0.545 0.011 0.018
1 0.637 0.596 0.011 0.016
1 0.64 0.568 0.009 0.019
1 0.821 0.81 0.009 0.025
1 0.757 0.758 0.01 0.018
1 0.95 0.752 0.013 0.023
1 0.955 0.783 0.011 0.023
1 0.935 0.742 0.012 0.021
1 0.924 0.757 0.011 0.023
1 0.919 0.932 0.014 0.028
1 0.901 0.914 0.016 0.031
1 0.974 0.833 0.009 0.018
1 0.83 0.96 0.006 0.016
1 0.868 0.929 0.017 0.028
1 0.832 0.915 0.012 0.015
1 0.825 0.932 0.007 0.013
1 0.764 0.771 0.007 0.016
1 0.716 0.922 0.015 0.019
1 0.677 0.913 0.005 0.012
1 0.701 0.919 0.006 0.01
1 0.582 0.915 0.008 0.015
1 0.665 0.808 0.01 0.012
1 0.774 0.768 0.007 0.013
1 0.154 0.965 0.011 0.026
1 0.122 0.924 0.007 0.013
1 0.136 0.92 0.007 0.013
1 0.141 0.952 0.01 0.021
1 0.245 0.946 0.009 0.015
1 0.256 0.955 0.008 0.016
1 0.1 0.977 0.01 0.035
1 0.115 0.93 0.009 0.016
1 0.005 0.919 0.009 0.015
1 0.051 0.897 0.008 0.012
1 0.009 0.908 0.007 0.016
1 0.079 0.931 0.01 0.015
1 0.045 0.47 0.007 0.016
1 0.05 0.445 0.008 0.01
1 0.087 0.401 0.004 0.007
1 0.154 0.35 0.009 0.015
1 0.162 0.356 0.006 0.009
1 0.248 0.392 0.009 0.013
1 0.236 0.367 0.005 0.013
1 0.245 0.35 0.008 0.012
1 0.245 0.37 0.006 0.009
1 0.121 0.396 0.005 0.012
1 0.052 0.465 0.01 0.015
1 0.067 0.461 0.006 0.01
1 0.062 0.469 0.006 0.012
1 0.077 0.502 0.005 0.01
1 0.817 0.318 0.016 0.021
1 0.8 0.276 0.009 0.016
1 0.848 0.313 0.005 0.007
1 0.851 0.324 0.005 0.006
1 0.86 0.29 0.011 0.016
1 0.878 0.306 0.019 0.019
1 0.917 0.294 0.012 0.022
1 0.937 0.155 0.007 0.018
1 0.962 0.152 0.008 0.022
1 0.32 0.31 0.009 0.013
1 0.322 0.287 0.007 0.012
1 0.313 0.304 0.006 0.013
1 0.379 0.304 0.007 0.012
1 0.424 0.318 0.009 0.012
1 0.189 0.307 0.007 0.013
1 0.177 0.293 0.006 0.009
1 0.235 0.166 0.003 0.006
1 0.195 0.125 0.004 0.007
1 0.035 0.252 0.01 0.015
1 0.324 0.075 0.006 0.012
1 0.432 0.591 0.005 0.009
1 0.455 0.633 0.008 0.012
1 0.206 0.405 0.006 0.012
1 0.829 0.258 0.013 0.018
1 0.769 0.252 0.011 0.015
1 0.781 0.222 0.012 0.019
1 0.718 0.194 0.013 0.015
1 0.522 0.436 0.011 0.016
1 0.415 0.397 0.01 0.013
1 0.385 0.375 0.011 0.013
1 0.4 0.61 0.009 0.015
1 0.319 0.148 0.009 0.018
1 0.375 0.424 0.008 0.012
