1 0.803 0.791 0.071 0.12
1 0.975 0.707 0.045 0.092
1 0.943 0.212 0.023 0.041
1 0.886 0.157 0.016 0.031
1 0.951 0.125 0.01 0.028
1 0.882 0.129 0.01 0.02
1 0.944 0.056 0.01 0.019
1 0.738 0.092 0.009 0.018
1 0.713 0.094 0.011 0.019
1 0.718 0.296 0.025 0.042
1 0.592 0.353 0.026 0.045
1 0.634 0.093 0.01 0.019
1 0.563 0.121 0.009 0.018
1 0.55 0.169 0.012 0.025
1 0.519 0.192 0.012 0.026
1 0.537 0.185 0.009 0.019
1 0.634 0.117 0.007 0.02
1 0.602 0.11 0.013 0.022
1 0.445 0.127 0.007 0.015
1 0.421 0.162 0.009 0.02
1 0.319 0.208 0.01 0.018
1 0.308 0.181 0.009 0.018
1 0.314 0.158 0.006 0.012
1 0.017 0.283 0.013 0.022
1 0.107 0.471 0.033 0.058
1 0.175 0.412 0.024 0.047
