1 0.988 0.541 0.017 0.026
1 0.946 0.527 0.02 0.028
1 0.973 0.485 0.017 0.028
1 0.799 0.512 0.018 0.032
1 0.818 0.48 0.012 0.022
1 0.749 0.538 0.019 0.032
1 0.729 0.509 0.016 0.026
1 0.71 0.545 0.016 0.028
1 0.716 0.478 0.01 0.018
1 0.744 0.507 0.01 0.019
1 0.685 0.474 0.011 0.02
1 0.763 0.762 0.089 0.155
1 0.564 0.724 0.074 0.12
1 0.468 0.482 0.042 0.072
1 0.298 0.503 0.009 0.015
1 0.24 0.506 0.009 0.018
1 0.227 0.497 0.009 0.015
1 0.286 0.504 0.009 0.019
1 0.046 0.483 0.007 0.013
1 0.02 0.475 0.011 0.018
1 0.271 0.501 0.01 0.018
1 0.178 0.77 0.09 0.127
1 0.756 0.514 0.015 0.028
