1 0.686 0.56 0.024 0.047
1 0.081 0.716 0.028 0.041
1 0.208 0.704 0.026 0.047
1 0.32 0.716 0.03 0.045
1 0.424 0.716 0.03 0.049
1 0.54 0.731 0.027 0.049
1 0.653 0.722 0.028 0.049
1 0.77 0.401 0.024 0.047
1 0.824 0.287 0.021 0.041
1 0.86 0.393 0.026 0.042
1 0.946 0.458 0.026 0.042
1 0.861 0.556 0.026 0.045
1 0.766 0.56 0.026 0.047
1 0.771 0.71 0.027 0.05
1 0.889 0.714 0.029 0.052
1 0.08 0.436 0.024 0.05
1 0.225 0.283 0.022 0.039
1 0.293 0.28 0.021 0.039
1 0.364 0.277 0.024 0.042
1 0.433 0.262 0.022 0.044
1 0.508 0.272 0.023 0.042
1 0.586 0.277 0.02 0.039
1 0.665 0.266 0.024 0.044
1 0.745 0.281 0.021 0.041
1 0.169 0.404 0.024 0.042
1 0.255 0.401 0.025 0.044
1 0.327 0.379 0.023 0.044
1 0.414 0.412 0.023 0.044
1 0.505 0.409 0.024 0.041
1 0.591 0.42 0.022 0.041
1 0.678 0.418 0.021 0.041
1 0.134 0.556 0.024 0.047
1 0.234 0.565 0.024 0.039
1 0.327 0.556 0.025 0.047
1 0.417 0.546 0.027 0.045
1 0.501 0.55 0.023 0.047
1 0.591 0.551 0.028 0.045
