1 0.426 0.096 0.089 0.172
1 0.013 0.437 0.026 0.059
1 0.05 0.646 0.036 0.057
1 0.014 0.707 0.027 0.07
1 0.174 0.502 0.041 0.066
1 0.15 0.456 0.029 0.053
1 0.224 0.345 0.034 0.057
1 0.273 0.436 0.029 0.047
1 0.285 0.512 0.043 0.057
1 0.516 0.432 0.025 0.049
1 0.63 0.658 0.032 0.059
1 0.675 0.781 0.025 0.057
1 0.627 0.278 0.031 0.064
1 0.8 0.309 0.028 0.053
1 0.874 0.432 0.03 0.056
1 0.955 0.314 0.032 0.051
1 0.967 0.671 0.032 0.06
1 0.292 0.32 0.032 0.046
1 0.518 0.556 0.027 0.044
1 0.52 0.695 0.029 0.051
1 0.681 0.818 0.025 0.043
