1 0.298 0.745 0.058 0.091
1 0.405 0.711 0.05 0.107
1 0.459 0.524 0.073 0.149
1 0.635 0.516 0.048 0.13
1 0.713 0.861 0.028 0.067
1 0.959 0.728 0.041 0.139
1 0.806 0.939 0.029 0.048
1 0.024 0.977 0.018 0.026
1 0.042 0.92 0.019 0.037
1 0.17 0.795 0.019 0.035
1 0.177 0.728 0.016 0.029
1 0.092 0.674 0.016 0.025
1 0.145 0.654 0.015 0.029
1 0.338 0.68 0.017 0.031
1 0.335 0.555 0.015 0.026
1 0.762 0.675 0.014 0.026
1 0.809 0.684 0.013 0.023
1 0.772 0.727 0.015 0.031
1 0.808 0.728 0.013 0.023
1 0.773 0.799 0.017 0.028
1 0.832 0.794 0.017 0.031
1 0.872 0.753 0.013 0.02
1 0.892 0.731 0.012 0.028
1 0.889 0.806 0.014 0.028
1 0.919 0.805 0.017 0.032
1 0.836 0.912 0.014 0.026
1 0.848 0.873 0.011 0.018
1 0.879 0.863 0.012 0.022
1 0.093 0.547 0.016 0.028
1 0.051 0.503 0.014 0.025
1 0.143 0.531 0.013 0.025
1 0.135 0.554 0.015 0.028
1 0.102 0.457 0.014 0.026
1 0.08 0.418 0.011 0.022
1 0.043 0.408 0.012 0.026
1 0.121 0.399 0.015 0.028
1 0.189 0.509 0.014 0.028
1 0.73 0.58 0.011 0.018
1 0.751 0.534 0.013 0.023
1 0.524 0.403 0.013 0.023
1 0.58 0.429 0.011 0.02
1 0.624 0.41 0.014 0.023
1 0.593 0.455 0.013 0.023
1 0.558 0.44 0.013 0.022
1 0.566 0.488 0.013 0.023
1 0.589 0.487 0.015 0.028
1 0.034 0.548 0.02 0.034
1 0.042 0.362 0.016 0.026
1 0.049 0.307 0.015 0.029
1 0.1 0.333 0.015 0.028
1 0.14 0.326 0.014 0.025
1 0.164 0.319 0.015 0.029
1 0.248 0.337 0.014 0.022
1 0.333 0.332 0.013 0.02
1 0.348 0.316 0.012 0.022
1 0.252 0.405 0.014 0.025
