1 0.103 0.723 0.038 0.057
1 0.095 0.626 0.033 0.066
1 0.237 0.442 0.009 0.015
1 0.283 0.499 0.01 0.021
1 0.189 0.422 0.009 0.015
1 0.033 0.367 0.009 0.012
1 0.164 0.419 0.012 0.013
1 0.954 0.377 0.007 0.011
1 0.931 0.378 0.006 0.011
1 0.97 0.382 0.005 0.008
1 0.898 0.367 0.007 0.009
1 0.871 0.367 0.007 0.012
1 0.982 0.36 0.006 0.012
1 0.973 0.344 0.006 0.009
1 0.073 0.497 0.015 0.033
1 0.185 0.551 0.016 0.033
1 0.227 0.584 0.015 0.028
1 0.106 0.424 0.011 0.019
1 0.086 0.403 0.012 0.021
1 0.188 0.472 0.011 0.027
1 0.237 0.504 0.012 0.024
1 0.787 0.365 0.007 0.013
1 0.753 0.337 0.007 0.011
1 0.052 0.566 0.021 0.041
1 0.141 0.42 0.012 0.02
1 0.283 0.663 0.017 0.037
1 0.431 0.679 0.016 0.021
