1 0.902 0.306 0.045 0.038
1 0.349 0.285 0.079 0.074
1 0.113 0.278 0.062 0.056
1 0.798 0.412 0.017 0.016
1 0.814 0.42 0.015 0.016
1 0.807 0.446 0.022 0.021
1 0.83 0.446 0.017 0.015
1 0.86 0.446 0.021 0.017
1 0.747 0.447 0.019 0.016
1 0.675 0.441 0.014 0.014
1 0.633 0.46 0.02 0.017
1 0.586 0.451 0.021 0.017
1 0.611 0.454 0.019 0.017
1 0.643 0.429 0.014 0.011
1 0.696 0.418 0.011 0.012
1 0.758 0.414 0.014 0.014
1 0.707 0.439 0.01 0.008
1 0.732 0.452 0.014 0.013
1 0.587 0.425 0.011 0.011
1 0.596 0.414 0.012 0.008
1 0.639 0.411 0.01 0.01
1 0.637 0.398 0.013 0.01
1 0.754 0.4 0.011 0.01
1 0.724 0.414 0.015 0.01
1 0.705 0.4 0.011 0.009
1 0.703 0.385 0.011 0.01
1 0.74 0.374 0.009 0.008
1 0.761 0.384 0.009 0.009
1 0.812 0.373 0.012 0.009
1 0.781 0.364 0.011 0.008
1 0.861 0.4 0.02 0.014
1 0.83 0.36 0.012 0.01
1 0.579 0.39 0.011 0.01
1 0.646 0.378 0.011 0.01
1 0.597 0.37 0.01 0.009
1 0.626 0.372 0.007 0.007
1 0.572 0.371 0.011 0.01
1 0.539 0.374 0.008 0.008
1 0.553 0.404 0.011 0.009
1 0.604 0.391 0.008 0.009
1 0.615 0.38 0.009 0.01
1 0.694 0.356 0.012 0.01
1 0.735 0.352 0.011 0.009
1 0.676 0.346 0.011 0.01
1 0.624 0.341 0.009 0.008
1 0.583 0.332 0.009 0.008
1 0.524 0.335 0.01 0.009
1 0.511 0.323 0.008 0.008
1 0.658 0.32 0.01 0.01
1 0.727 0.345 0.009 0.009
1 0.564 0.358 0.011 0.01
1 0.578 0.321 0.009 0.009
1 0.634 0.32 0.01 0.009
1 0.548 0.31 0.008 0.007
1 0.558 0.296 0.007 0.005
1 0.802 0.328 0.011 0.01
1 0.773 0.328 0.011 0.009
1 0.802 0.363 0.009 0.009
1 0.834 0.316 0.009 0.009
1 0.732 0.324 0.011 0.009
1 0.697 0.326 0.007 0.006
1 0.647 0.338 0.011 0.008
1 0.703 0.289 0.01 0.008
1 0.677 0.306 0.009 0.007
1 0.656 0.284 0.01 0.007
1 0.574 0.285 0.006 0.005
1 0.614 0.328 0.009 0.007
1 0.724 0.27 0.01 0.01
1 0.784 0.25 0.009 0.006
1 0.62 0.246 0.008 0.007
1 0.76 0.286 0.007 0.007
1 0.802 0.305 0.009 0.008
1 0.775 0.301 0.01 0.008
1 0.747 0.303 0.008 0.008
1 0.633 0.262 0.007 0.008
1 0.602 0.261 0.01 0.008
1 0.847 0.271 0.01 0.007
1 0.824 0.274 0.01 0.008
1 0.798 0.271 0.01 0.007
1 0.848 0.251 0.008 0.007
1 0.979 0.302 0.01 0.008
1 0.983 0.321 0.008 0.008
1 0.913 0.262 0.009 0.008
1 0.914 0.241 0.008 0.007
1 0.965 0.257 0.007 0.006
1 0.929 0.255 0.008 0.006
1 0.991 0.256 0.008 0.007
1 0.187 0.446 0.012 0.011
1 0.187 0.473 0.015 0.012
1 0.17 0.474 0.013 0.01
1 0.277 0.466 0.014 0.014
1 0.313 0.473 0.019 0.015
1 0.308 0.462 0.018 0.015
1 0.212 0.473 0.013 0.01
1 0.197 0.349 0.009 0.008
1 0.201 0.329 0.009 0.009
1 0.224 0.332 0.009 0.008
1 0.224 0.318 0.009 0.008
1 0.266 0.327 0.01 0.009
1 0.267 0.307 0.01 0.008
1 0.282 0.309 0.006 0.005
1 0.215 0.301 0.009 0.006
1 0.193 0.303 0.009 0.008
1 0.162 0.301 0.009 0.007
1 0.242 0.288 0.008 0.007
1 0.186 0.287 0.008 0.007
1 0.282 0.271 0.01 0.008
1 0.25 0.273 0.01 0.007
1 0.296 0.306 0.008 0.007
1 0.47 0.268 0.009 0.007
1 0.505 0.267 0.01 0.007
1 0.49 0.254 0.008 0.006
1 0.488 0.23 0.007 0.007
1 0.466 0.229 0.008 0.006
1 0.44 0.228 0.006 0.006
1 0.024 0.237 0.009 0.006
1 0.056 0.226 0.008 0.006
1 0.09 0.227 0.008 0.007
1 0.113 0.236 0.009 0.007
1 0.226 0.261 0.008 0.008
1 0.279 0.234 0.009 0.008
1 0.308 0.235 0.008 0.007
1 0.33 0.233 0.008 0.007
1 0.792 0.382 0.016 0.014
1 0.604 0.286 0.009 0.008
1 0.634 0.283 0.007 0.007
