1 0.373 0.715 0.035 0.075
1 0.289 0.746 0.036 0.063
1 0.486 0.469 0.049 0.069
1 0.283 0.645 0.012 0.022
1 0.238 0.698 0.012 0.026
1 0.205 0.705 0.015 0.022
1 0.175 0.655 0.011 0.022
1 0.225 0.622 0.01 0.022
1 0.182 0.617 0.011 0.022
1 0.139 0.623 0.009 0.025
1 0.364 0.642 0.012 0.022
1 0.32 0.644 0.011 0.018
1 0.321 0.597 0.011 0.023
1 0.29 0.567 0.012 0.022
1 0.328 0.791 0.02 0.025
1 0.327 0.742 0.016 0.026
1 0.775 0.601 0.018 0.031
1 0.723 0.636 0.017 0.025
1 0.721 0.696 0.013 0.028
1 0.669 0.706 0.019 0.031
1 0.643 0.773 0.024 0.053
1 0.663 0.643 0.017 0.035
1 0.58 0.709 0.014 0.029
1 0.658 0.53 0.011 0.029
1 0.7 0.474 0.011 0.028
1 0.743 0.444 0.014 0.041
1 0.613 0.422 0.011 0.023
1 0.647 0.407 0.011 0.02
1 0.729 0.365 0.012 0.025
1 0.777 0.371 0.013 0.025
1 0.807 0.358 0.013 0.022
1 0.82 0.374 0.01 0.022
1 0.868 0.356 0.012 0.023
1 0.809 0.403 0.012 0.02
1 0.86 0.4 0.014 0.026
1 0.874 0.427 0.013 0.031
1 0.859 0.479 0.012 0.023
1 0.861 0.523 0.014 0.028
1 0.797 0.531 0.015 0.041
1 0.761 0.554 0.015 0.025
1 0.843 0.579 0.018 0.04
1 0.994 0.542 0.011 0.038
1 0.948 0.526 0.015 0.034
1 0.917 0.579 0.018 0.04
1 0.92 0.648 0.021 0.034
1 0.989 0.653 0.018 0.041
1 0.989 0.738 0.02 0.038
1 0.903 0.234 0.01 0.018
1 0.98 0.272 0.011 0.022
1 0.96 0.253 0.012 0.02
1 0.933 0.279 0.012 0.022
1 0.891 0.293 0.013 0.02
1 0.941 0.328 0.011 0.02
1 0.984 0.319 0.014 0.026
1 0.976 0.366 0.015 0.029
1 0.985 0.416 0.015 0.029
1 0.928 0.418 0.015 0.031
1 0.912 0.394 0.014 0.029
1 0.9 0.513 0.015 0.028
1 0.857 0.265 0.01 0.02
1 0.846 0.298 0.013 0.022
1 0.819 0.28 0.013 0.026
