1 0.727 0.195 0.057 0.079
1 0.733 0.105 0.036 0.06
1 0.665 0.147 0.032 0.057
1 0.582 0.238 0.042 0.078
1 0.549 0.194 0.033 0.057
1 0.54 0.121 0.035 0.063
1 0.509 0.16 0.031 0.061
1 0.467 0.173 0.028 0.051
1 0.462 0.501 0.048 0.083
1 0.406 0.165 0.038 0.072
1 0.337 0.179 0.037 0.067
1 0.285 0.196 0.038 0.064
1 0.28 0.151 0.036 0.053
1 0.403 0.348 0.047 0.083
1 0.311 0.182 0.023 0.048
1 0.024 0.39 0.019 0.028
1 0.11 0.375 0.009 0.02
1 0.139 0.333 0.011 0.022
1 0.091 0.337 0.01 0.019
1 0.046 0.313 0.011 0.02
1 0.043 0.259 0.014 0.018
1 0.088 0.258 0.009 0.015
1 0.08 0.239 0.008 0.013
1 0.098 0.223 0.008 0.015
1 0.097 0.203 0.008 0.013
1 0.139 0.228 0.008 0.015
1 0.029 0.223 0.008 0.013
1 0.068 0.21 0.007 0.013
1 0.083 0.193 0.006 0.013
1 0.093 0.192 0.006 0.012
1 0.09 0.168 0.006 0.012
1 0.045 0.195 0.008 0.015
1 0.023 0.188 0.007 0.013
1 0.006 0.378 0.012 0.02
1 0.008 0.359 0.011 0.02
1 0.13 0.377 0.016 0.028
1 0.125 0.239 0.009 0.016
1 0.192 0.22 0.007 0.015
1 0.986 0.341 0.009 0.018
1 0.967 0.346 0.008 0.012
1 0.885 0.338 0.008 0.015
1 0.927 0.357 0.007 0.013
1 0.936 0.351 0.006 0.012
1 0.906 0.348 0.007 0.012
