1 0.042 0.525 0.031 0.092
1 0.101 0.418 0.052 0.095
1 0.136 0.337 0.026 0.04
1 0.244 0.4 0.065 0.148
1 0.267 0.397 0.068 0.155
1 0.382 0.362 0.022 0.044
1 0.515 0.463 0.037 0.073
1 0.447 0.395 0.053 0.105
1 0.547 0.391 0.021 0.038
1 0.581 0.437 0.023 0.04
1 0.677 0.381 0.07 0.122
1 0.792 0.454 0.043 0.076
1 0.856 0.366 0.068 0.129
1 0.919 0.469 0.054 0.089
1 0.955 0.438 0.034 0.061
1 0.952 0.408 0.036 0.051
1 0.727 0.366 0.025 0.038
1 0.357 0.357 0.015 0.037
1 0.384 0.291 0.012 0.028
1 0.421 0.267 0.011 0.028
1 0.367 0.228 0.012 0.023
1 0.339 0.266 0.013 0.025
1 0.313 0.233 0.01 0.023
1 0.396 0.211 0.012 0.026
1 0.192 0.311 0.019 0.031
1 0.137 0.282 0.016 0.028
1 0.169 0.37 0.011 0.019
1 0.164 0.247 0.014 0.026
1 0.141 0.218 0.012 0.02
1 0.218 0.214 0.009 0.023
1 0.21 0.251 0.013 0.028
1 0.486 0.34 0.021 0.038
1 0.517 0.296 0.017 0.028
1 0.573 0.288 0.013 0.026
1 0.566 0.243 0.015 0.035
1 0.496 0.266 0.015 0.025
1 0.446 0.277 0.021 0.031
1 0.478 0.415 0.019 0.042
1 0.604 0.245 0.011 0.025
1 0.654 0.287 0.015 0.023
1 0.764 0.337 0.013 0.023
1 0.714 0.296 0.016 0.031
1 0.708 0.253 0.013 0.023
1 0.698 0.278 0.012 0.023
1 0.67 0.23 0.014 0.023
1 0.644 0.209 0.011 0.025
1 0.632 0.226 0.016 0.022
1 0.756 0.243 0.011 0.02
1 0.74 0.216 0.009 0.019
1 0.778 0.28 0.014 0.032
1 0.955 0.355 0.017 0.025
1 0.924 0.374 0.015 0.025
1 0.962 0.332 0.015 0.031
1 0.978 0.297 0.01 0.023
1 0.936 0.307 0.012 0.022
1 0.908 0.282 0.016 0.025
1 0.872 0.28 0.012 0.023
1 0.86 0.231 0.01 0.022
1 0.888 0.216 0.012 0.025
1 0.971 0.248 0.011 0.022
1 0.964 0.22 0.009 0.022
1 0.928 0.225 0.01 0.022
1 0.906 0.221 0.009 0.023
1 0.935 0.206 0.011 0.019
1 0.723 0.422 0.02 0.04
1 0.74 0.425 0.019 0.035
