1 0.785 0.139 0.073 0.078
1 0.934 0.354 0.03 0.033
1 0.905 0.356 0.022 0.028
1 0.933 0.317 0.019 0.025
1 0.909 0.326 0.018 0.02
1 0.653 0.373 0.017 0.021
1 0.569 0.344 0.011 0.013
1 0.596 0.371 0.015 0.016
1 0.531 0.372 0.015 0.017
1 0.657 0.348 0.012 0.013
1 0.883 0.337 0.018 0.021
1 0.621 0.344 0.015 0.015
1 0.198 0.387 0.013 0.013
1 0.639 0.364 0.015 0.021
1 0.953 0.304 0.015 0.02
1 0.576 0.377 0.015 0.019
1 0.547 0.374 0.014 0.016
1 0.524 0.346 0.012 0.012
1 0.608 0.341 0.013 0.014
1 0.586 0.352 0.015 0.013
1 0.647 0.328 0.014 0.015
1 0.577 0.331 0.012 0.013
1 0.908 0.303 0.012 0.013
1 0.922 0.303 0.012 0.013
1 0.915 0.29 0.013 0.013
1 0.876 0.282 0.011 0.013
1 0.957 0.289 0.014 0.013
1 0.94 0.297 0.014 0.015
1 0.895 0.32 0.013 0.014
1 0.046 0.311 0.008 0.01
1 0.126 0.356 0.008 0.008
1 0.305 0.259 0.09 0.097
1 0.249 0.386 0.01 0.011
1 0.232 0.384 0.009 0.01
1 0.25 0.366 0.009 0.01
1 0.641 0.343 0.013 0.011
1 0.673 0.327 0.012 0.012
1 0.494 0.352 0.012 0.011
1 0.495 0.337 0.01 0.011
1 0.514 0.326 0.011 0.011
1 0.54 0.345 0.009 0.01
1 0.606 0.328 0.012 0.012
1 0.509 0.373 0.015 0.017
1 0.563 0.337 0.012 0.015
1 0.856 0.306 0.013 0.016
1 0.989 0.304 0.013 0.02
1 0.9 0.25 0.013 0.012
1 0.87 0.271 0.01 0.01
1 0.873 0.255 0.008 0.01
1 0.98 0.269 0.011 0.011
1 0.936 0.236 0.01 0.01
1 0.888 0.231 0.008 0.007
1 0.875 0.235 0.009 0.009
1 0.905 0.217 0.01 0.01
1 0.981 0.24 0.01 0.011
1 0.992 0.238 0.008 0.01
1 0.963 0.224 0.011 0.009
1 0.949 0.259 0.012 0.012
1 0.943 0.222 0.009 0.01
1 0.957 0.207 0.01 0.01
1 0.935 0.215 0.011 0.01
1 0.931 0.199 0.009 0.01
1 0.907 0.198 0.008 0.009
1 0.612 0.316 0.01 0.009
1 0.628 0.314 0.009 0.008
1 0.661 0.263 0.008 0.009
1 0.712 0.31 0.009 0.01
1 0.705 0.292 0.009 0.007
1 0.551 0.325 0.009 0.009
1 0.64 0.318 0.009 0.01
1 0.659 0.312 0.009 0.009
1 0.646 0.311 0.008 0.007
1 0.636 0.306 0.007 0.007
1 0.601 0.314 0.008 0.008
1 0.594 0.327 0.009 0.009
1 0.553 0.342 0.01 0.01
1 0.896 0.301 0.016 0.013
1 0.169 0.347 0.012 0.011
