1 0.5 0.065 0.009 0.026
1 0.569 0.084 0.01 0.024
1 0.612 0.081 0.009 0.023
1 0.654 0.079 0.011 0.021
1 0.674 0.207 0.013 0.026
1 0.665 0.146 0.01 0.021
1 0.775 0.14 0.01 0.029
1 0.82 0.159 0.013 0.028
1 0.905 0.157 0.012 0.021
1 0.936 0.229 0.01 0.023
1 0.953 0.167 0.009 0.024
1 0.85 0.281 0.014 0.023
1 0.905 0.281 0.013 0.026
1 0.93 0.293 0.012 0.026
1 0.899 0.408 0.016 0.029
1 0.84 0.409 0.014 0.028
1 0.737 0.541 0.016 0.033
1 0.679 0.461 0.015 0.034
1 0.63 0.437 0.015 0.044
1 0.547 0.433 0.014 0.028
1 0.513 0.488 0.016 0.033
1 0.503 0.42 0.014 0.031
1 0.466 0.238 0.011 0.028
1 0.415 0.406 0.011 0.028
1 0.526 0.25 0.01 0.021
1 0.292 0.463 0.012 0.028
1 0.337 0.462 0.011 0.033
1 0.325 0.515 0.014 0.044
1 0.486 0.602 0.014 0.036
1 0.543 0.601 0.015 0.041
1 0.388 0.68 0.02 0.046
1 0.643 0.63 0.015 0.034
1 0.688 0.623 0.015 0.039
1 0.736 0.628 0.015 0.034
1 0.798 0.628 0.015 0.037
1 0.853 0.647 0.014 0.036
1 0.912 0.661 0.014 0.034
1 0.085 0.684 0.016 0.044
1 0.975 0.227 0.01 0.024
1 0.698 0.15 0.011 0.024
1 0.829 0.024 0.011 0.028
1 0.87 0.013 0.013 0.026
1 0.74 0.018 0.013 0.026
1 0.738 0.159 0.011 0.024
1 0.577 0.545 0.014 0.036
