1 0.23 0.243 0.04 0.065
1 0.526 0.076 0.048 0.044
1 0.237 0.539 0.02 0.031
1 0.58 0.439 0.031 0.052
1 0.021 0.74 0.006 0.012
1 0.025 0.749 0.006 0.008
1 0.031 0.734 0.005 0.008
1 0.039 0.742 0.005 0.008
1 0.041 0.755 0.006 0.009
1 0.062 0.746 0.009 0.016
1 0.035 0.775 0.007 0.013
1 0.05 0.786 0.008 0.012
1 0.041 0.802 0.008 0.013
1 0.028 0.809 0.008 0.012
1 0.022 0.801 0.007 0.013
1 0.094 0.807 0.008 0.012
1 0.059 0.786 0.007 0.014
1 0.115 0.779 0.007 0.012
1 0.111 0.833 0.009 0.013
1 0.133 0.837 0.007 0.012
1 0.138 0.82 0.006 0.012
1 0.113 0.812 0.006 0.01
1 0.105 0.808 0.007 0.012
1 0.126 0.781 0.005 0.009
1 0.137 0.785 0.007 0.009
1 0.137 0.776 0.006 0.008
1 0.146 0.788 0.005 0.009
1 0.106 0.766 0.006 0.008
1 0.132 0.805 0.006 0.008
1 0.072 0.732 0.01 0.012
1 0.109 0.797 0.008 0.01
1 0.195 0.831 0.008 0.013
1 0.209 0.835 0.007 0.013
1 0.233 0.839 0.007 0.012
1 0.242 0.832 0.009 0.016
1 0.247 0.816 0.007 0.012
1 0.257 0.832 0.007 0.013
1 0.296 0.827 0.006 0.01
1 0.293 0.818 0.005 0.007
1 0.289 0.845 0.006 0.01
1 0.312 0.846 0.007 0.01
1 0.33 0.838 0.006 0.009
1 0.321 0.824 0.007 0.008
1 0.317 0.835 0.007 0.009
1 0.306 0.839 0.006 0.009
1 0.337 0.81 0.005 0.008
1 0.345 0.826 0.008 0.009
1 0.333 0.829 0.005 0.008
1 0.342 0.845 0.007 0.01
1 0.363 0.827 0.008 0.01
1 0.363 0.854 0.006 0.012
1 0.378 0.859 0.009 0.014
1 0.381 0.848 0.007 0.012
1 0.378 0.827 0.007 0.01
1 0.396 0.849 0.006 0.01
1 0.403 0.849 0.006 0.013
1 0.396 0.866 0.007 0.01
1 0.371 0.871 0.007 0.01
1 0.382 0.88 0.007 0.009
1 0.393 0.883 0.006 0.009
1 0.408 0.822 0.005 0.01
1 0.409 0.839 0.006 0.01
1 0.427 0.842 0.006 0.01
1 0.427 0.857 0.007 0.013
1 0.419 0.848 0.007 0.012
1 0.422 0.878 0.007 0.012
1 0.432 0.879 0.007 0.01
1 0.463 0.861 0.006 0.012
1 0.441 0.862 0.008 0.016
1 0.464 0.842 0.007 0.012
1 0.478 0.865 0.007 0.014
1 0.487 0.875 0.007 0.013
1 0.491 0.861 0.006 0.012
1 0.495 0.836 0.006 0.01
1 0.484 0.838 0.007 0.012
1 0.47 0.836 0.007 0.013
1 0.474 0.847 0.005 0.009
1 0.458 0.836 0.005 0.008
1 0.445 0.835 0.006 0.008
1 0.549 0.853 0.007 0.01
1 0.561 0.851 0.007 0.009
1 0.558 0.876 0.007 0.012
1 0.573 0.859 0.008 0.013
1 0.626 0.872 0.007 0.012
1 0.626 0.855 0.007 0.008
1 0.64 0.854 0.006 0.009
1 0.643 0.864 0.005 0.007
1 0.645 0.87 0.005 0.008
1 0.645 0.881 0.006 0.009
1 0.65 0.896 0.006 0.01
1 0.654 0.871 0.005 0.01
1 0.662 0.874 0.005 0.01
1 0.649 0.859 0.005 0.007
1 0.628 0.835 0.005 0.007
1 0.612 0.836 0.006 0.008
1 0.61 0.872 0.006 0.01
1 0.689 0.906 0.006 0.01
1 0.669 0.886 0.006 0.009
1 0.681 0.879 0.007 0.013
1 0.694 0.887 0.007 0.013
1 0.7 0.872 0.006 0.008
1 0.707 0.872 0.006 0.008
1 0.709 0.89 0.007 0.012
1 0.723 0.909 0.007 0.01
1 0.727 0.876 0.006 0.008
1 0.72 0.866 0.005 0.008
1 0.729 0.861 0.006 0.008
1 0.726 0.854 0.005 0.007
1 0.698 0.854 0.005 0.008
1 0.689 0.865 0.006 0.008
1 0.738 0.875 0.006 0.008
1 0.74 0.861 0.005 0.009
1 0.745 0.871 0.005 0.008
1 0.75 0.88 0.005 0.008
1 0.744 0.891 0.008 0.01
1 0.75 0.916 0.007 0.012
1 0.771 0.895 0.006 0.013
1 0.769 0.878 0.006 0.009
1 0.772 0.86 0.006 0.009
1 0.763 0.869 0.005 0.009
1 0.781 0.869 0.005 0.009
1 0.785 0.888 0.006 0.01
1 0.777 0.878 0.005 0.008
1 0.789 0.877 0.006 0.009
1 0.861 0.878 0.006 0.012
1 0.87 0.868 0.007 0.013
1 0.877 0.876 0.005 0.009
1 0.884 0.9 0.007 0.012
1 0.894 0.924 0.006 0.01
1 0.912 0.926 0.005 0.01
1 0.917 0.932 0.006 0.012
1 0.935 0.928 0.008 0.014
1 0.958 0.929 0.007 0.012
1 0.963 0.906 0.006 0.009
1 0.938 0.906 0.006 0.01
1 0.943 0.901 0.006 0.01
1 0.964 0.885 0.006 0.01
1 0.953 0.882 0.006 0.01
1 0.961 0.87 0.006 0.009
1 0.921 0.882 0.006 0.01
1 0.896 0.876 0.006 0.009
1 0.971 0.872 0.009 0.013
1 0.008 0.796 0.007 0.013
1 0.007 0.763 0.008 0.013
1 0.005 0.736 0.009 0.012
1 0.012 0.689 0.006 0.01
1 0.019 0.729 0.006 0.009
1 0.014 0.749 0.007 0.013
1 0.052 0.715 0.005 0.009
1 0.083 0.71 0.006 0.009
1 0.148 0.727 0.008 0.013
1 0.137 0.725 0.008 0.012
1 0.224 0.801 0.005 0.008
1 0.285 0.829 0.008 0.013
1 0.356 0.827 0.005 0.007
1 0.363 0.842 0.005 0.009
1 0.355 0.848 0.006 0.008
1 0.371 0.836 0.005 0.008
1 0.395 0.816 0.005 0.008
1 0.377 0.815 0.005 0.008
1 0.388 0.831 0.005 0.008
1 0.409 0.86 0.005 0.009
1 0.341 0.862 0.006 0.01
