1 0.266 0.217 0.025 0.029
1 0.439 0.343 0.033 0.042
1 0.478 0.362 0.044 0.045
1 0.175 0.135 0.018 0.024
1 0.285 0.109 0.016 0.017
1 0.333 0.104 0.019 0.015
1 0.378 0.122 0.019 0.022
1 0.435 0.118 0.019 0.022
1 0.518 0.112 0.019 0.027
1 0.573 0.108 0.02 0.029
1 0.663 0.102 0.018 0.02
1 0.712 0.121 0.018 0.024
1 0.79 0.1 0.023 0.029
1 0.772 0.069 0.021 0.027
1 0.945 0.106 0.019 0.026
1 0.437 0.513 0.047 0.049
1 0.872 0.303 0.036 0.043
1 0.05 0.173 0.016 0.02
1 0.068 0.104 0.014 0.017
1 0.423 0.714 0.041 0.037
1 0.989 0.112 0.011 0.023
1 0.929 0.1 0.019 0.019
