1 0.493 0.161 0.029 0.06
1 0.482 0.223 0.037 0.071
1 0.437 0.149 0.037 0.088
1 0.185 0.16 0.042 0.094
1 0.243 0.132 0.035 0.087
1 0.278 0.192 0.036 0.08
1 0.307 0.159 0.029 0.064
1 0.359 0.188 0.033 0.085
1 0.378 0.3 0.041 0.094
1 0.066 0.138 0.042 0.113
1 0.09 0.312 0.063 0.126
1 0.24 0.507 0.053 0.119
1 0.764 0.127 0.038 0.08
1 0.806 0.146 0.048 0.083
1 0.903 0.127 0.043 0.088
1 0.675 0.159 0.043 0.096
1 0.642 0.187 0.039 0.09
1 0.393 0.173 0.029 0.076
1 0.567 0.181 0.039 0.097
1 0.538 0.165 0.03 0.078
