1 0.813 0.163 0.018 0.035
1 0.86 0.168 0.017 0.036
1 0.719 0.167 0.017 0.03
1 0.685 0.178 0.014 0.025
1 0.717 0.136 0.016 0.027
1 0.643 0.163 0.015 0.03
1 0.674 0.131 0.012 0.026
1 0.633 0.111 0.011 0.022
1 0.712 0.091 0.014 0.026
1 0.762 0.096 0.017 0.029
1 0.802 0.109 0.014 0.025
1 0.847 0.101 0.018 0.029
1 0.948 0.114 0.019 0.036
1 0.66 0.062 0.014 0.022
1 0.699 0.056 0.011 0.018
1 0.556 0.158 0.014 0.027
1 0.602 0.164 0.013 0.027
1 0.6 0.117 0.01 0.018
1 0.524 0.119 0.014 0.027
1 0.485 0.112 0.011 0.02
1 0.441 0.126 0.014 0.026
1 0.432 0.161 0.015 0.022
1 0.393 0.141 0.011 0.017
1 0.381 0.163 0.013 0.018
1 0.126 0.124 0.012 0.018
1 0.077 0.124 0.014 0.02
1 0.108 0.077 0.013 0.026
1 0.966 0.178 0.02 0.035
1 0.907 0.179 0.018 0.036
