1 0.072 0.514 0.012 0.014
1 0.101 0.562 0.024 0.04
1 0.021 0.525 0.021 0.029
1 0.313 0.533 0.015 0.022
1 0.246 0.53 0.008 0.016
1 0.134 0.546 0.015 0.023
1 0.168 0.538 0.015 0.02
1 0.113 0.527 0.007 0.009
1 0.155 0.568 0.014 0.022
1 0.227 0.544 0.016 0.025
1 0.135 0.524 0.007 0.012
1 0.059 0.518 0.005 0.012
1 0.039 0.518 0.005 0.012
1 0.095 0.533 0.013 0.021
1 0.518 0.578 0.019 0.026
1 0.552 0.549 0.015 0.023
1 0.58 0.551 0.015 0.02
1 0.603 0.559 0.018 0.027
1 0.638 0.538 0.005 0.012
1 0.597 0.539 0.009 0.013
1 0.926 0.555 0.008 0.013
1 0.947 0.564 0.007 0.013
1 0.875 0.568 0.013 0.018
