1 0.157 0.166 0.043 0.082
1 0.289 0.251 0.033 0.061
1 0.378 0.306 0.029 0.064
1 0.439 0.359 0.028 0.05
1 0.483 0.386 0.02 0.044
1 0.527 0.417 0.021 0.038
1 0.548 0.432 0.02 0.034
1 0.573 0.442 0.019 0.034
1 0.593 0.451 0.017 0.029
1 0.608 0.464 0.013 0.026
1 0.614 0.479 0.011 0.02
1 0.63 0.485 0.016 0.026
1 0.649 0.494 0.013 0.023
1 0.666 0.494 0.014 0.023
1 0.694 0.508 0.013 0.022
1 0.714 0.509 0.011 0.022
1 0.739 0.52 0.012 0.02
1 0.761 0.525 0.013 0.021
1 0.786 0.531 0.011 0.021
1 0.809 0.531 0.012 0.02
1 0.837 0.534 0.011 0.017
1 0.86 0.53 0.012 0.017
1 0.878 0.546 0.01 0.017
1 0.896 0.545 0.01 0.016
1 0.931 0.554 0.012 0.018
