1 0.645 0.103 0.029 0.05
1 0.757 0.144 0.039 0.07
1 0.555 0.137 0.031 0.057
1 0.491 0.113 0.021 0.027
1 0.702 0.332 0.04 0.046
1 0.715 0.083 0.015 0.027
1 0.74 0.055 0.014 0.024
1 0.766 0.053 0.01 0.015
1 0.595 0.05 0.013 0.019
1 0.554 0.072 0.01 0.015
1 0.511 0.075 0.017 0.024
1 0.512 0.402 0.037 0.057
1 0.21 0.352 0.052 0.045
1 0.027 0.243 0.042 0.12
1 0.085 0.188 0.048 0.079
1 0.219 0.191 0.043 0.06
1 0.303 0.131 0.027 0.043
1 0.834 0.167 0.053 0.086
1 0.943 0.109 0.032 0.046
1 0.234 0.105 0.02 0.027
1 0.13 0.117 0.022 0.029
1 0.11 0.129 0.013 0.019
1 0.19 0.106 0.018 0.031
1 0.19 0.182 0.028 0.043
1 0.225 0.058 0.015 0.02
1 0.267 0.109 0.016 0.027
1 0.371 0.07 0.016 0.029
1 0.419 0.107 0.016 0.03
1 0.455 0.125 0.026 0.05
1 0.693 0.069 0.013 0.015
1 0.677 0.088 0.016 0.025
1 0.659 0.055 0.013 0.023
1 0.79 0.035 0.016 0.024
1 0.757 0.036 0.009 0.018
1 0.729 0.042 0.012 0.019
1 0.835 0.032 0.015 0.023
1 0.806 0.052 0.013 0.021
1 0.881 0.019 0.018 0.024
1 0.934 0.056 0.019 0.029
1 0.992 0.044 0.012 0.027
1 0.985 0.024 0.012 0.019
1 0.946 0.029 0.011 0.019
1 0.625 0.051 0.011 0.02
1 0.464 0.08 0.013 0.02
1 0.438 0.097 0.016 0.03
1 0.484 0.082 0.01 0.018
1 0.574 0.056 0.013 0.024
1 0.39 0.074 0.017 0.019
1 0.684 0.05 0.012 0.019
1 0.694 0.049 0.014 0.02
1 0.923 0.039 0.015 0.032
