1 0.622 0.594 0.041 0.074
1 0.814 0.51 0.038 0.09
1 0.348 0.942 0.033 0.069
1 0.422 0.897 0.029 0.068
1 0.514 0.894 0.033 0.062
1 0.458 0.92 0.031 0.059
1 0.437 0.975 0.028 0.05
1 0.194 0.964 0.032 0.066
1 0.266 0.962 0.028 0.056
1 0.968 0.874 0.043 0.096
1 0.766 0.755 0.035 0.077
1 0.689 0.92 0.031 0.069
1 0.723 0.962 0.048 0.075
1 0.79 0.622 0.015 0.032
1 0.996 0.67 0.008 0.058
1 0.996 0.6 0.006 0.055
1 0.555 0.877 0.019 0.058
1 0.262 0.897 0.017 0.038
1 0.421 0.761 0.019 0.038
1 0.312 0.855 0.014 0.035
1 0.747 0.708 0.026 0.062
