1 0.951 0.288 0.014 0.02
1 0.892 0.223 0.014 0.025
1 0.779 0.209 0.011 0.02
1 0.765 0.208 0.014 0.021
1 0.565 0.229 0.014 0.027
1 0.538 0.161 0.011 0.018
1 0.484 0.158 0.01 0.021
1 0.435 0.296 0.017 0.021
1 0.668 0.169 0.01 0.012
1 0.682 0.137 0.008 0.013
1 0.415 0.235 0.011 0.02
1 0.34 0.296 0.012 0.022
1 0.297 0.226 0.011 0.02
1 0.262 0.238 0.011 0.023
1 0.176 0.305 0.014 0.022
1 0.159 0.174 0.011 0.02
1 0.067 0.288 0.011 0.018
1 0.102 0.239 0.013 0.025
1 0.047 0.212 0.014 0.023
1 0.021 0.306 0.014 0.021
1 0.035 0.296 0.012 0.017
1 0.386 0.252 0.011 0.02
1 0.361 0.251 0.007 0.016
