1 0.965 0.434 0.015 0.036
1 0.991 0.417 0.015 0.035
1 0.905 0.423 0.02 0.038
1 0.89 0.453 0.014 0.029
1 0.894 0.147 0.015 0.036
1 0.943 0.042 0.018 0.036
1 0.903 0.054 0.015 0.027
1 0.806 0.183 0.012 0.024
1 0.924 0.126 0.014 0.029
1 0.803 0.089 0.014 0.032
1 0.792 0.33 0.016 0.03
1 0.728 0.255 0.014 0.029
1 0.756 0.173 0.014 0.029
1 0.781 0.169 0.013 0.027
1 0.66 0.138 0.015 0.027
1 0.677 0.148 0.015 0.027
1 0.691 0.144 0.015 0.033
1 0.48 0.113 0.039 0.086
1 0.386 0.075 0.015 0.032
1 0.343 0.021 0.014 0.03
1 0.241 0.314 0.018 0.035
1 0.281 0.34 0.018 0.038
1 0.166 0.254 0.016 0.033
1 0.271 0.188 0.015 0.036
1 0.258 0.125 0.012 0.035
1 0.24 0.086 0.009 0.018
1 0.211 0.266 0.015 0.029
1 0.172 0.357 0.018 0.042
1 0.307 0.12 0.013 0.026
1 0.267 0.089 0.012 0.023
1 0.156 0.132 0.012 0.03
1 0.079 0.375 0.021 0.033
1 0.069 0.241 0.019 0.036
1 0.052 0.12 0.016 0.029
1 0.1 0.125 0.015 0.035
1 0.029 0.054 0.013 0.024
1 0.062 0.085 0.013 0.03
1 0.12 0.033 0.01 0.021
1 0.176 0.082 0.012 0.021
1 0.063 0.019 0.013 0.029
1 0.276 0.036 0.014 0.029
