1 0.305 0.278 0.071 0.078
1 0.085 0.081 0.021 0.05
1 0.157 0.088 0.022 0.059
1 0.107 0.061 0.021 0.052
1 0.13 0.057 0.021 0.045
1 0.23 0.08 0.02 0.049
1 0.306 0.093 0.022 0.057
1 0.433 0.134 0.017 0.043
1 0.374 0.111 0.018 0.045
1 0.65 0.185 0.021 0.059
1 0.702 0.137 0.022 0.045
1 0.746 0.179 0.019 0.04
1 0.753 0.201 0.02 0.031
1 0.722 0.174 0.018 0.047
1 0.81 0.192 0.018 0.045
1 0.851 0.168 0.018 0.052
1 0.898 0.172 0.022 0.057
1 0.949 0.199 0.017 0.042
1 0.968 0.142 0.021 0.042
1 0.842 0.036 0.018 0.033
1 0.926 0.168 0.018 0.049
