1 0.959 0.286 0.022 0.035
1 0.879 0.294 0.021 0.034
1 0.827 0.297 0.021 0.034
1 0.845 0.242 0.021 0.029
1 0.813 0.253 0.014 0.017
1 0.763 0.29 0.027 0.04
1 0.712 0.287 0.025 0.033
1 0.748 0.293 0.009 0.013
1 0.787 0.244 0.021 0.03
1 0.662 0.298 0.022 0.033
1 0.661 0.257 0.022 0.035
1 0.588 0.249 0.022 0.029
1 0.552 0.268 0.023 0.034
1 0.588 0.322 0.045 0.056
1 0.458 0.298 0.021 0.03
1 0.501 0.251 0.02 0.03
1 0.464 0.25 0.021 0.031
1 0.419 0.253 0.022 0.036
1 0.386 0.29 0.023 0.042
1 0.362 0.253 0.021 0.036
1 0.326 0.273 0.025 0.056
1 0.307 0.24 0.021 0.036
1 0.186 0.239 0.023 0.035
1 0.046 0.237 0.029 0.047
1 0.225 0.248 0.019 0.025
