1 0.911 0.541 0.038 0.085
1 0.84 0.611 0.032 0.073
1 0.706 0.584 0.044 0.083
1 0.366 0.442 0.097 0.182
1 0.501 0.615 0.038 0.076
1 0.579 0.614 0.038 0.083
1 0.153 0.601 0.042 0.086
1 0.046 0.599 0.041 0.085
1 0.979 0.149 0.041 0.105
1 0.953 0.033 0.031 0.057
1 0.884 0.151 0.046 0.089
1 0.773 0.136 0.033 0.079
1 0.711 0.152 0.038 0.076
1 0.782 0.029 0.04 0.058
1 0.687 0.022 0.038 0.044
1 0.587 0.024 0.035 0.048
1 0.529 0.019 0.034 0.038
1 0.458 0.046 0.033 0.063
1 0.368 0.112 0.044 0.08
1 0.291 0.133 0.042 0.086
1 0.165 0.127 0.046 0.105
1 0.101 0.123 0.039 0.077
1 0.021 0.125 0.031 0.089
