1 0.956 0.159 0.019 0.031
1 0.906 0.167 0.015 0.029
1 0.822 0.175 0.019 0.038
1 0.826 0.05 0.013 0.025
1 0.715 0.155 0.019 0.041
1 0.764 0.094 0.015 0.032
1 0.733 0.128 0.011 0.022
1 0.706 0.09 0.018 0.039
1 0.645 0.174 0.02 0.038
1 0.592 0.187 0.019 0.041
1 0.509 0.434 0.024 0.053
1 0.5 0.219 0.019 0.035
1 0.451 0.219 0.02 0.038
1 0.398 0.22 0.017 0.034
1 0.447 0.114 0.02 0.032
1 0.51 0.034 0.014 0.026
1 0.438 0.042 0.016 0.032
1 0.397 0.031 0.021 0.034
1 0.388 0.093 0.02 0.039
1 0.414 0.129 0.014 0.026
1 0.372 0.18 0.021 0.041
1 0.339 0.021 0.025 0.042
1 0.32 0.2 0.023 0.044
1 0.276 0.205 0.026 0.047
1 0.303 0.094 0.02 0.037
1 0.229 0.025 0.018 0.029
1 0.223 0.172 0.02 0.039
1 0.215 0.197 0.02 0.035
1 0.146 0.112 0.02 0.037
1 0.147 0.034 0.02 0.037
1 0.125 0.037 0.021 0.042
1 0.065 0.175 0.018 0.038
1 0.048 0.249 0.012 0.032
1 0.02 0.031 0.021 0.038
