1 0.22 0.509 0.022 0.038
1 0.373 0.599 0.011 0.018
1 0.354 0.596 0.009 0.017
1 0.605 0.624 0.025 0.046
1 0.568 0.586 0.009 0.02
1 0.589 0.594 0.01 0.018
1 0.6 0.578 0.009 0.017
1 0.665 0.58 0.011 0.018
1 0.688 0.576 0.01 0.021
1 0.698 0.594 0.01 0.02
1 0.714 0.581 0.011 0.018
1 0.801 0.588 0.011 0.018
1 0.807 0.606 0.01 0.018
1 0.854 0.592 0.01 0.02
1 0.917 0.597 0.011 0.021
1 0.938 0.579 0.012 0.021
1 0.991 0.595 0.009 0.017
1 0.902 0.591 0.01 0.02
1 0.147 0.536 0.021 0.031
1 0.146 0.637 0.025 0.047
1 0.401 0.555 0.024 0.039
1 0.66 0.616 0.021 0.055
1 0.757 0.577 0.02 0.035
1 0.878 0.583 0.019 0.026
1 0.956 0.584 0.016 0.029
1 0.628 0.553 0.021 0.026
