1 0.489 0.477 0.049 0.046
1 0.731 0.671 0.02 0.036
1 0.961 0.674 0.021 0.034
1 0.782 0.667 0.017 0.029
1 0.832 0.684 0.016 0.03
1 0.888 0.697 0.018 0.031
1 0.678 0.674 0.017 0.031
1 0.632 0.681 0.016 0.029
1 0.583 0.674 0.014 0.029
1 0.546 0.684 0.013 0.025
1 0.496 0.669 0.015 0.027
1 0.239 0.667 0.013 0.023
1 0.282 0.682 0.012 0.025
1 0.321 0.668 0.013 0.025
1 0.343 0.673 0.012 0.023
1 0.359 0.676 0.014 0.029
1 0.202 0.66 0.015 0.027
1 0.164 0.664 0.013 0.025
1 0.082 0.663 0.014 0.029
1 0.04 0.657 0.013 0.025
1 0.576 0.262 0.031 0.049
