0 0.442500 0.333959 0.080000 0.135084
0 0.659375 0.368668 0.056250 0.076923
0 0.536250 0.342402 0.052500 0.084428
0 0.795000 0.395872 0.035000 0.071295
0 0.863125 0.378987 0.038750 0.097561
0 0.963125 0.415572 0.058750 0.076923
0 0.026875 0.320826 0.046250 0.067542
0 0.124375 0.404315 0.056250 0.091932
0 0.172500 0.377111 0.045000 0.086304
0 0.210000 0.352720 0.035000 0.075047
0 0.265625 0.409944 0.046250 0.114447
0 0.271250 0.338649 0.027500 0.061914
0 0.388750 0.404315 0.062500 0.106942
0 0.597500 0.408068 0.035000 0.084428
0 0.722500 0.405253 0.050000 0.090056
