1 0.125 0.091 0.039 0.032
1 0.028 0.101 0.026 0.025
1 0.27 0.041 0.047 0.039
1 0.414 0.123 0.039 0.027
1 0.292 0.357 0.031 0.023
1 0.194 0.284 0.026 0.022
1 0.179 0.384 0.03 0.021
1 0.095 0.403 0.014 0.01
1 0.103 0.395 0.014 0.015
1 0.414 0.315 0.019 0.014
1 0.331 0.323 0.011 0.009
1 0.267 0.347 0.015 0.012
1 0.301 0.336 0.011 0.01
1 0.329 0.314 0.009 0.006
1 0.394 0.313 0.013 0.01
1 0.23 0.1 0.021 0.02
1 0.091 0.115 0.015 0.013
1 0.352 0.33 0.012 0.011
1 0.111 0.379 0.012 0.01
1 0.081 0.374 0.009 0.008
1 0.434 0.338 0.016 0.016
1 0.602 0.884 0.015 0.008
