1 0.035 0.554 0.004 0.007
1 0.006 0.558 0.006 0.01
1 0.122 0.525 0.009 0.018
1 0.158 0.558 0.007 0.013
1 0.149 0.56 0.003 0.01
1 0.173 0.543 0.008 0.015
1 0.191 0.52 0.009 0.019
1 0.166 0.544 0.003 0.009
1 0.138 0.554 0.004 0.009
1 0.168 0.534 0.004 0.009
1 0.183 0.532 0.005 0.012
1 0.211 0.511 0.007 0.013
1 0.237 0.507 0.007 0.021
1 0.261 0.491 0.01 0.021
1 0.283 0.482 0.009 0.028
1 0.313 0.5 0.011 0.024
1 0.353 0.485 0.009 0.026
1 0.391 0.483 0.01 0.025
1 0.422 0.45 0.016 0.032
1 0.493 0.471 0.017 0.035
1 0.531 0.487 0.016 0.026
1 0.581 0.476 0.016 0.034
1 0.621 0.475 0.014 0.032
1 0.679 0.485 0.016 0.031
1 0.726 0.436 0.019 0.037
1 0.837 0.438 0.019 0.031
1 0.777 0.475 0.017 0.026
1 0.971 0.471 0.02 0.032
1 0.928 0.46 0.019 0.032
1 0.883 0.464 0.016 0.025
1 0.197 0.536 0.005 0.013
