1 0.782 0.052 0.019 0.017
1 0.113 0.742 0.019 0.029
1 0.069 0.763 0.022 0.018
1 0.144 0.875 0.023 0.019
1 0.365 0.764 0.012 0.016
1 0.535 0.782 0.022 0.022
1 0.667 0.777 0.013 0.011
1 0.677 0.775 0.016 0.014
1 0.767 0.773 0.017 0.017
1 0.875 0.77 0.016 0.019
1 0.828 0.747 0.009 0.008
1 0.821 0.748 0.01 0.007
1 0.556 0.108 0.013 0.014
1 0.354 0.666 0.025 0.022
1 0.629 0.65 0.023 0.019
1 0.377 0.486 0.022 0.019
1 0.559 0.633 0.014 0.019
1 0.275 0.699 0.021 0.015
1 0.067 0.078 0.022 0.018
1 0.113 0.742 0.019 0.029
1 0.365 0.767 0.012 0.021
1 0.666 0.777 0.015 0.011
1 0.767 0.773 0.018 0.017
1 0.467 0.064 0.02 0.019
1 0.9 0.102 0.013 0.012
1 0.163 0.078 0.019 0.015
1 0.34 0.509 0.025 0.02
1 0.374 0.51 0.022 0.019
1 0.466 0.526 0.023 0.012
1 0.446 0.527 0.023 0.017
1 0.322 0.506 0.023 0.018
1 0.284 0.517 0.026 0.02
1 0.305 0.56 0.027 0.02
1 0.201 0.531 0.023 0.014
1 0.251 0.53 0.023 0.013
1 0.333 0.566 0.027 0.014
1 0.368 0.644 0.019 0.016
