1 0.6 0.604 0.008 0.014
1 0.61 0.601 0.01 0.013
1 0.633 0.601 0.009 0.012
1 0.615 0.596 0.01 0.013
1 0.638 0.586 0.009 0.012
1 0.646 0.597 0.01 0.013
1 0.625 0.621 0.008 0.012
1 0.234 0.902 0.018 0.027
1 0.314 0.868 0.014 0.025
1 0.438 0.707 0.014 0.016
1 0.472 0.719 0.014 0.021
1 0.393 0.687 0.01 0.023
1 0.375 0.692 0.011 0.018
1 0.426 0.71 0.011 0.018
1 0.271 0.692 0.01 0.013
1 0.305 0.689 0.007 0.012
1 0.289 0.689 0.008 0.012
1 0.054 0.618 0.01 0.018
1 0.157 0.61 0.01 0.013
1 0.172 0.629 0.006 0.012
1 0.145 0.615 0.005 0.013
1 0.129 0.646 0.007 0.014
1 0.722 0.705 0.013 0.017
1 0.731 0.748 0.01 0.02
1 0.762 0.671 0.013 0.018
1 0.741 0.659 0.015 0.021
1 0.765 0.651 0.011 0.016
1 0.777 0.656 0.013 0.022
1 0.793 0.659 0.011 0.021
1 0.83 0.655 0.013 0.022
1 0.857 0.67 0.014 0.023
1 0.901 0.651 0.015 0.021
1 0.948 0.662 0.012 0.021
1 0.967 0.701 0.011 0.018
1 0.938 0.654 0.011 0.016
1 0.919 0.646 0.009 0.022
1 0.859 0.645 0.013 0.021
1 0.847 0.646 0.009 0.018
1 0.827 0.642 0.013 0.014
1 0.822 0.662 0.01 0.018
1 0.812 0.659 0.01 0.02
1 0.531 0.621 0.008 0.014
1 0.541 0.657 0.009 0.016
1 0.555 0.601 0.008 0.013
1 0.573 0.599 0.009 0.012
1 0.587 0.596 0.01 0.014
1 0.886 0.658 0.011 0.016
1 0.87 0.655 0.009 0.016
1 0.672 0.616 0.007 0.009
1 0.656 0.607 0.005 0.009
1 0.619 0.607 0.006 0.008
1 0.564 0.595 0.005 0.009
1 0.546 0.599 0.005 0.01
1 0.611 0.627 0.008 0.009
1 0.329 0.719 0.011 0.016
