1 0.371 0.165 0.02 0.041
1 0.351 0.183 0.02 0.028
1 0.421 0.176 0.019 0.034
1 0.452 0.172 0.02 0.035
1 0.49 0.165 0.022 0.042
1 0.547 0.167 0.02 0.035
1 0.536 0.157 0.02 0.036
1 0.589 0.167 0.019 0.034
1 0.598 0.133 0.016 0.028
1 0.575 0.167 0.015 0.031
1 0.746 0.109 0.032 0.076
1 0.726 0.091 0.022 0.056
1 0.622 0.123 0.022 0.045
1 0.758 0.02 0.01 0.017
1 0.778 0.008 0.013 0.017
1 0.704 0.038 0.012 0.017
1 0.684 0.043 0.01 0.017
1 0.843 0.082 0.035 0.06
1 0.037 0.087 0.013 0.031
1 0.516 0.356 0.073 0.106
1 0.657 0.333 0.107 0.165
1 0.805 0.188 0.067 0.129
1 0.934 0.227 0.055 0.081
1 0.926 0.109 0.04 0.062
1 0.969 0.141 0.033 0.052
1 0.577 0.271 0.064 0.111
1 0.036 0.153 0.035 0.071
1 0.093 0.071 0.016 0.041
1 0.165 0.11 0.037 0.06
1 0.214 0.09 0.021 0.038
1 0.234 0.185 0.019 0.031
1 0.251 0.146 0.019 0.029
1 0.315 0.16 0.016 0.041
