1 0.149 0.479 0.012 0.035
1 0.176 0.48 0.012 0.035
1 0.206 0.476 0.014 0.041
1 0.222 0.502 0.018 0.043
1 0.236 0.458 0.014 0.033
1 0.266 0.459 0.014 0.031
1 0.276 0.479 0.014 0.023
1 0.309 0.455 0.01 0.023
1 0.317 0.467 0.015 0.031
1 0.337 0.472 0.013 0.029
1 0.364 0.461 0.011 0.031
1 0.385 0.457 0.009 0.023
1 0.4 0.46 0.01 0.021
1 0.411 0.456 0.011 0.025
1 0.446 0.507 0.019 0.045
1 0.437 0.468 0.014 0.033
1 0.452 0.455 0.012 0.027
1 0.484 0.431 0.009 0.021
1 0.535 0.489 0.018 0.049
1 0.543 0.429 0.007 0.021
1 0.569 0.369 0.006 0.016
1 0.605 0.371 0.008 0.02
1 0.642 0.361 0.007 0.016
1 0.707 0.386 0.009 0.021
1 0.556 0.456 0.008 0.021
1 0.572 0.49 0.016 0.043
1 0.572 0.443 0.008 0.02
1 0.6 0.443 0.01 0.023
1 0.608 0.465 0.014 0.039
1 0.618 0.469 0.018 0.039
1 0.656 0.515 0.023 0.064
1 0.72 0.512 0.025 0.07
1 0.69 0.458 0.016 0.049
1 0.682 0.382 0.007 0.018
1 0.809 0.509 0.028 0.08
1 0.807 0.434 0.011 0.027
1 0.851 0.493 0.016 0.041
1 0.839 0.443 0.01 0.027
1 0.872 0.445 0.008 0.027
1 0.882 0.442 0.013 0.029
1 0.915 0.458 0.024 0.049
1 0.955 0.456 0.016 0.037
1 0.979 0.438 0.012 0.031
1 0.992 0.435 0.01 0.025
1 0.984 0.372 0.01 0.021
1 0.743 0.449 0.01 0.027
1 0.938 0.438 0.012 0.027
1 0.789 0.461 0.015 0.031
1 0.856 0.443 0.015 0.031
1 0.636 0.443 0.007 0.016
