1 0.107 0.498 0.045 0.253
1 0.011 0.414 0.022 0.167
1 0.172 0.355 0.021 0.158
1 0.218 0.412 0.018 0.109
1 0.261 0.387 0.018 0.104
1 0.319 0.527 0.026 0.176
1 0.297 0.31 0.014 0.095
1 0.143 0.285 0.014 0.081
1 0.192 0.278 0.01 0.077
1 0.201 0.192 0.013 0.077
1 0.241 0.301 0.013 0.068
1 0.255 0.224 0.013 0.077
1 0.269 0.213 0.009 0.063
1 0.314 0.26 0.013 0.095
1 0.249 0.887 0.057 0.226
1 0.383 0.622 0.032 0.195
1 0.443 0.538 0.026 0.163
1 0.395 0.195 0.013 0.063
1 0.43 0.233 0.012 0.077
1 0.403 0.314 0.018 0.104
1 0.459 0.294 0.017 0.1
1 0.47 0.373 0.014 0.095
1 0.476 0.281 0.017 0.1
1 0.501 0.523 0.031 0.176
1 0.556 0.817 0.049 0.285
1 0.593 0.394 0.017 0.118
1 0.567 0.339 0.013 0.081
1 0.604 0.382 0.018 0.113
1 0.673 0.319 0.016 0.104
1 0.782 0.333 0.024 0.131
1 0.731 0.633 0.059 0.362
1 0.814 0.495 0.012 0.113
1 0.846 0.523 0.014 0.113
1 0.866 0.335 0.012 0.136
1 0.646 0.278 0.018 0.095
