1 0.506 0.759 0.022 0.036
1 0.615 0.75 0.022 0.043
1 0.447 0.451 0.019 0.026
1 0.229 0.506 0.024 0.04
1 0.106 0.564 0.026 0.039
1 0.058 0.438 0.015 0.027
1 0.704 0.333 0.021 0.04
1 0.644 0.236 0.019 0.026
1 0.773 0.208 0.012 0.024
1 0.836 0.201 0.014 0.024
1 0.861 0.32 0.01 0.024
1 0.403 0.109 0.011 0.02
1 0.38 0.171 0.01 0.021
1 0.483 0.115 0.012 0.021
1 0.442 0.228 0.011 0.021
1 0.034 0.308 0.011 0.019
1 0.05 0.599 0.021 0.036
1 0.042 0.663 0.019 0.033
1 0.181 0.423 0.019 0.026
1 0.167 0.454 0.007 0.02
