1 0.876 0.881 0.06 0.023
1 0.684 0.627 0.04 0.046
1 0.132 0.086 0.086 0.084
1 0.218 0.21 0.029 0.025
1 0.351 0.21 0.037 0.032
1 0.351 0.059 0.025 0.026
1 0.271 0.266 0.042 0.046
1 0.117 0.274 0.038 0.036
1 0.378 0.296 0.039 0.036
1 0.394 0.404 0.037 0.029
1 0.408 0.449 0.038 0.039
1 0.37 0.461 0.026 0.036
1 0.126 0.34 0.037 0.031
1 0.089 0.515 0.021 0.029
1 0.706 0.22 0.032 0.033
1 0.829 0.203 0.034 0.027
1 0.727 0.272 0.039 0.033
1 0.617 0.318 0.03 0.026
1 0.861 0.274 0.041 0.035
1 0.953 0.205 0.036 0.03
1 0.929 0.371 0.034 0.033
1 0.774 0.381 0.034 0.032
1 0.631 0.377 0.035 0.032
1 0.535 0.378 0.036 0.029
1 0.548 0.275 0.02 0.017
1 0.919 0.347 0.02 0.022
1 0.982 0.355 0.02 0.026
1 0.426 0.198 0.028 0.023
1 0.45 0.052 0.029 0.024
