1 0.815 0.506 0.021 0.032
1 0.724 0.508 0.02 0.039
1 0.641 0.509 0.021 0.032
1 0.572 0.499 0.021 0.038
1 0.783 0.383 0.021 0.038
1 0.744 0.327 0.018 0.023
1 0.696 0.386 0.017 0.022
1 0.685 0.311 0.017 0.025
1 0.622 0.302 0.018 0.026
1 0.622 0.372 0.02 0.034
1 0.562 0.351 0.018 0.034
1 0.559 0.297 0.018 0.025
1 0.508 0.292 0.018 0.031
1 0.5 0.364 0.018 0.034
1 0.49 0.478 0.024 0.044
1 0.445 0.303 0.017 0.026
1 0.408 0.493 0.02 0.041
1 0.413 0.36 0.018 0.032
1 0.387 0.308 0.018 0.031
1 0.337 0.378 0.019 0.029
1 0.332 0.313 0.019 0.031
1 0.274 0.321 0.016 0.028
1 0.223 0.356 0.021 0.038
1 0.284 0.496 0.023 0.041
1 0.346 0.483 0.021 0.041
1 0.176 0.497 0.024 0.035
