1 0.887 0.43 0.037 0.075
1 0.754 0.422 0.036 0.075
1 0.642 0.422 0.036 0.072
1 0.519 0.425 0.035 0.072
1 0.8 0.272 0.035 0.066
1 0.695 0.281 0.034 0.059
1 0.579 0.277 0.037 0.067
1 0.472 0.269 0.037 0.064
1 0.372 0.254 0.032 0.066
1 0.288 0.282 0.031 0.063
1 0.367 0.439 0.038 0.082
1 0.24 0.437 0.034 0.072
1 0.194 0.296 0.035 0.069
1 0.144 0.44 0.039 0.075
1 0.586 0.093 0.017 0.037
1 0.56 0.09 0.013 0.031
1 0.617 0.108 0.011 0.02
1 0.6 0.094 0.01 0.023
1 0.647 0.117 0.015 0.023
1 0.717 0.134 0.014 0.019
1 0.871 0.103 0.014 0.022
1 0.782 0.108 0.008 0.012
1 0.162 0.127 0.012 0.018
1 0.166 0.189 0.009 0.015
1 0.167 0.07 0.009 0.013
1 0.143 0.07 0.008 0.013
1 0.119 0.069 0.007 0.012
1 0.092 0.07 0.008 0.013
1 0.068 0.071 0.008 0.013
1 0.073 0.13 0.011 0.018
1 0.068 0.19 0.006 0.012
1 0.067 0.239 0.007 0.01
1 0.093 0.239 0.007 0.013
1 0.116 0.24 0.01 0.012
1 0.142 0.239 0.008 0.012
1 0.166 0.238 0.008 0.013
1 0.066 0.29 0.009 0.009
1 0.091 0.291 0.007 0.01
1 0.116 0.288 0.008 0.012
1 0.142 0.288 0.007 0.01
1 0.165 0.288 0.008 0.012
1 0.245 0.07 0.009 0.015
1 0.276 0.071 0.009 0.013
1 0.244 0.125 0.008 0.016
1 0.277 0.124 0.008 0.015
1 0.244 0.181 0.008 0.013
1 0.275 0.182 0.008 0.016
1 0.245 0.238 0.009 0.016
1 0.34 0.182 0.008 0.013
1 0.307 0.18 0.008 0.015
1 0.307 0.124 0.009 0.015
1 0.339 0.124 0.008 0.013
1 0.339 0.07 0.009 0.015
1 0.308 0.068 0.009 0.016
1 0.339 0.239 0.01 0.015
