1 0.102 0.526 0.012 0.017
1 0.143 0.499 0.011 0.02
1 0.187 0.554 0.011 0.025
1 0.238 0.586 0.013 0.023
1 0.09 0.523 0.011 0.02
1 0.53 0.574 0.013 0.023
1 0.555 0.536 0.014 0.022
1 0.855 0.373 0.006 0.012
1 0.874 0.38 0.006 0.009
1 0.891 0.377 0.007 0.012
1 0.938 0.386 0.008 0.014
1 0.967 0.397 0.007 0.014
1 0.959 0.397 0.007 0.014
1 0.995 0.393 0.007 0.016
1 0.915 0.46 0.011 0.017
1 0.792 0.62 0.016 0.03
1 0.962 0.502 0.009 0.017
1 0.827 0.651 0.012 0.03
1 0.381 0.526 0.011 0.02
1 0.382 0.462 0.01 0.02
1 0.423 0.448 0.01 0.017
1 0.384 0.45 0.009 0.017
1 0.543 0.37 0.006 0.012
1 0.529 0.367 0.005 0.011
1 0.449 0.405 0.008 0.016
1 0.438 0.395 0.006 0.011
1 0.451 0.35 0.006 0.011
1 0.984 0.43 0.011 0.019
1 0.914 0.384 0.008 0.014
1 0.506 0.367 0.005 0.011
1 0.512 0.371 0.005 0.009
1 0.473 0.374 0.007 0.012
1 0.843 0.528 0.01 0.022
