1 0.613 0.286 0.042 0.078
1 0.941 0.523 0.022 0.042
1 0.879 0.597 0.023 0.044
1 0.692 0.673 0.017 0.038
1 0.55 0.63 0.016 0.026
1 0.512 0.616 0.021 0.037
1 0.489 0.51 0.014 0.029
1 0.403 0.485 0.018 0.034
1 0.332 0.646 0.019 0.037
1 0.289 0.518 0.018 0.034
1 0.335 0.561 0.027 0.051
1 0.083 0.522 0.021 0.04
1 0.034 0.5 0.019 0.037
1 0.938 0.445 0.02 0.029
1 0.903 0.46 0.017 0.034
1 0.935 0.405 0.016 0.031
1 0.891 0.411 0.02 0.034
1 0.829 0.432 0.019 0.035
1 0.8 0.439 0.015 0.032
1 0.75 0.437 0.015 0.031
1 0.703 0.46 0.015 0.032
1 0.5 0.409 0.019 0.031
1 0.481 0.46 0.021 0.032
1 0.363 0.454 0.012 0.026
1 0.259 0.465 0.017 0.031
1 0.359 0.408 0.017 0.037
1 0.188 0.432 0.012 0.026
1 0.206 0.404 0.014 0.029
1 0.137 0.444 0.017 0.031
1 0.097 0.431 0.016 0.028
1 0.037 0.428 0.018 0.034
1 0.21 0.458 0.017 0.025
1 0.782 0.319 0.019 0.035
1 0.809 0.312 0.016 0.032
1 0.72 0.329 0.019 0.041
1 0.792 0.36 0.015 0.032
1 0.754 0.339 0.016 0.031
1 0.761 0.255 0.017 0.029
1 0.726 0.272 0.02 0.034
1 0.873 0.31 0.019 0.035
1 0.872 0.263 0.014 0.028
1 0.962 0.367 0.017 0.029
1 0.914 0.354 0.016 0.034
1 0.875 0.373 0.018 0.035
1 0.847 0.34 0.018 0.035
1 0.849 0.367 0.014 0.028
1 0.901 0.287 0.016 0.032
1 0.777 0.408 0.017 0.032
1 0.942 0.201 0.014 0.026
1 0.44 0.305 0.021 0.04
1 0.472 0.28 0.016 0.028
1 0.509 0.247 0.016 0.029
1 0.071 0.4 0.014 0.026
1 0.178 0.367 0.015 0.029
1 0.245 0.296 0.017 0.023
1 0.209 0.295 0.015 0.022
1 0.302 0.255 0.014 0.026
1 0.227 0.379 0.015 0.026
1 0.163 0.324 0.02 0.037
1 0.256 0.363 0.015 0.026
1 0.685 0.205 0.013 0.026
1 0.68 0.274 0.018 0.029
1 0.328 0.31 0.013 0.023
1 0.329 0.376 0.015 0.028
1 0.353 0.351 0.013 0.026
1 0.449 0.376 0.014 0.026
1 0.423 0.37 0.017 0.028
1 0.404 0.381 0.017 0.031
1 0.522 0.327 0.016 0.032
1 0.509 0.305 0.017 0.032
1 0.493 0.356 0.017 0.029
1 0.562 0.334 0.016 0.035
1 0.81 0.235 0.019 0.037
1 0.893 0.154 0.013 0.029
1 0.861 0.169 0.015 0.034
1 0.808 0.28 0.015 0.034
1 0.115 0.405 0.013 0.031
1 0.162 0.421 0.018 0.034
1 0.047 0.296 0.013 0.025
1 0.089 0.342 0.014 0.028
1 0.069 0.381 0.015 0.032
1 0.021 0.342 0.011 0.019
1 0.111 0.359 0.014 0.025
1 0.108 0.3 0.013 0.026
1 0.367 0.255 0.017 0.031
1 0.395 0.246 0.014 0.029
1 0.421 0.225 0.013 0.028
1 0.221 0.236 0.016 0.034
1 0.255 0.242 0.015 0.035
1 0.28 0.305 0.015 0.026
1 0.328 0.245 0.012 0.031
1 0.285 0.248 0.013 0.031
1 0.281 0.352 0.012 0.025
1 0.368 0.351 0.011 0.023
1 0.497 0.163 0.012 0.023
1 0.512 0.193 0.014 0.029
1 0.46 0.227 0.015 0.029
1 0.538 0.162 0.015 0.031
1 0.561 0.228 0.01 0.023
1 0.44 0.272 0.016 0.032
1 0.134 0.315 0.013 0.023
1 0.168 0.288 0.013 0.028
1 0.178 0.247 0.013 0.022
1 0.147 0.296 0.013 0.028
1 0.202 0.341 0.013 0.029
1 0.761 0.156 0.016 0.031
1 0.802 0.145 0.01 0.02
1 0.75 0.196 0.012 0.023
1 0.777 0.202 0.013 0.026
1 0.544 0.26 0.013 0.028
1 0.982 0.406 0.023 0.032
1 0.698 0.247 0.015 0.028
1 0.4 0.433 0.016 0.031
1 0.321 0.499 0.023 0.04
1 0.234 0.424 0.014 0.022
1 0.104 0.476 0.015 0.026
1 0.152 0.473 0.016 0.026
1 0.962 0.279 0.016 0.025
1 0.278 0.405 0.016 0.031
