1 0.826 0.096 0.006 0.008
1 0.811 0.113 0.007 0.01
1 0.93 0.127 0.02 0.031
1 0.818 0.244 0.021 0.029
1 0.798 0.242 0.015 0.024
1 0.925 0.311 0.008 0.011
1 0.807 0.37 0.01 0.015
1 0.889 0.425 0.007 0.012
1 0.904 0.427 0.007 0.009
1 0.917 0.454 0.008 0.012
1 0.936 0.46 0.007 0.01
1 0.945 0.439 0.007 0.012
1 0.625 0.286 0.01 0.015
1 0.599 0.295 0.009 0.015
1 0.919 0.583 0.005 0.008
1 0.897 0.583 0.005 0.008
1 0.834 0.498 0.008 0.011
1 0.776 0.487 0.008 0.013
1 0.379 0.318 0.018 0.025
1 0.348 0.321 0.016 0.02
1 0.261 0.115 0.033 0.04
1 0.073 0.117 0.02 0.029
1 0.172 0.296 0.008 0.015
1 0.062 0.424 0.011 0.018
1 0.202 0.47 0.021 0.037
1 0.145 0.493 0.018 0.025
1 0.187 0.612 0.021 0.034
1 0.09 0.615 0.009 0.013
1 0.335 0.546 0.042 0.056
1 0.4 0.524 0.046 0.061
1 0.58 0.576 0.007 0.009
1 0.573 0.562 0.007 0.009
1 0.562 0.582 0.006 0.007
1 0.541 0.566 0.006 0.007
1 0.542 0.552 0.007 0.008
1 0.53 0.56 0.008 0.009
1 0.66 0.587 0.007 0.009
1 0.681 0.59 0.008 0.009
1 0.677 0.603 0.006 0.007
1 0.639 0.61 0.005 0.007
1 0.877 0.711 0.008 0.013
1 0.784 0.615 0.006 0.008
1 0.771 0.719 0.01 0.013
1 0.813 0.737 0.008 0.012
1 0.906 0.743 0.009 0.013
1 0.337 0.786 0.025 0.03
1 0.288 0.762 0.026 0.036
1 0.427 0.733 0.013 0.015
1 0.451 0.751 0.011 0.012
1 0.692 0.758 0.012 0.018
1 0.676 0.772 0.01 0.015
1 0.647 0.752 0.014 0.018
1 0.605 0.758 0.011 0.019
1 0.59 0.763 0.013 0.017
1 0.568 0.776 0.016 0.02
1 0.56 0.758 0.014 0.019
1 0.545 0.779 0.012 0.015
1 0.533 0.757 0.015 0.02
1 0.512 0.761 0.013 0.017
1 0.66 0.816 0.011 0.015
1 0.628 0.793 0.012 0.017
1 0.645 0.78 0.012 0.016
1 0.892 0.911 0.008 0.011
1 0.773 0.865 0.005 0.007
1 0.765 0.849 0.004 0.007
