1 0.02 0.134 0.029 0.051
1 0.041 0.177 0.034 0.067
1 0.077 0.193 0.03 0.051
1 0.079 0.234 0.036 0.06
1 0.127 0.222 0.032 0.063
1 0.138 0.182 0.026 0.05
1 0.174 0.234 0.027 0.05
1 0.171 0.179 0.019 0.028
1 0.156 0.143 0.029 0.05
1 0.252 0.162 0.031 0.051
1 0.298 0.213 0.028 0.06
1 0.207 0.226 0.028 0.054
1 0.238 0.243 0.022 0.05
1 0.145 0.327 0.038 0.083
1 0.231 0.323 0.036 0.078
1 0.409 0.428 0.04 0.057
1 0.393 0.262 0.029 0.053
1 0.393 0.228 0.024 0.044
1 0.457 0.293 0.026 0.056
1 0.446 0.255 0.029 0.051
1 0.483 0.286 0.046 0.124
1 0.572 0.261 0.019 0.057
1 0.665 0.288 0.068 0.123
1 0.748 0.353 0.028 0.059
1 0.727 0.263 0.018 0.045
1 0.804 0.284 0.034 0.056
1 0.859 0.264 0.033 0.059
1 0.822 0.362 0.031 0.048
1 0.867 0.381 0.03 0.051
1 0.885 0.321 0.021 0.047
1 0.914 0.317 0.033 0.063
1 0.945 0.368 0.027 0.06
1 0.983 0.285 0.028 0.054
