1 0.139 0.016 0.023 0.032
1 0.157 0.062 0.024 0.051
1 0.137 0.135 0.026 0.049
1 0.083 0.209 0.024 0.046
1 0.146 0.266 0.024 0.054
1 0.166 0.345 0.026 0.043
1 0.055 0.34 0.024 0.044
1 0.103 0.406 0.028 0.049
1 0.112 0.465 0.023 0.046
1 0.158 0.425 0.026 0.051
1 0.197 0.408 0.028 0.049
1 0.238 0.071 0.024 0.043
1 0.229 0.164 0.023 0.044
1 0.229 0.266 0.027 0.051
1 0.243 0.342 0.024 0.046
1 0.275 0.453 0.027 0.057
1 0.302 0.413 0.026 0.057
1 0.286 0.025 0.026 0.05
1 0.266 0.137 0.024 0.053
1 0.31 0.074 0.025 0.049
1 0.348 0.121 0.024 0.051
1 0.374 0.089 0.026 0.05
1 0.374 0.019 0.024 0.039
1 0.47 0.023 0.024 0.046
1 0.463 0.074 0.023 0.049
1 0.407 0.119 0.023 0.05
1 0.373 0.179 0.024 0.05
1 0.463 0.181 0.025 0.043
1 0.484 0.145 0.025 0.043
1 0.518 0.102 0.02 0.049
1 0.542 0.015 0.026 0.029
1 0.572 0.068 0.024 0.055
1 0.561 0.157 0.024 0.051
1 0.549 0.282 0.023 0.047
1 0.333 0.34 0.026 0.05
1 0.383 0.383 0.026 0.043
1 0.46 0.445 0.023 0.057
1 0.463 0.368 0.016 0.046
1 0.479 0.397 0.024 0.05
1 0.56 0.357 0.026 0.049
1 0.551 0.423 0.018 0.05
1 0.56 0.426 0.017 0.039
1 0.547 0.483 0.022 0.049
1 0.498 0.456 0.023 0.043
1 0.661 0.017 0.027 0.035
1 0.618 0.092 0.02 0.046
1 0.652 0.128 0.026 0.057
1 0.735 0.087 0.025 0.046
1 0.771 0.12 0.027 0.054
1 0.838 0.087 0.024 0.054
1 0.895 0.058 0.024 0.049
1 0.863 0.094 0.017 0.036
1 0.821 0.16 0.027 0.05
1 0.727 0.175 0.024 0.044
1 0.653 0.252 0.029 0.046
1 0.612 0.381 0.027 0.05
1 0.635 0.364 0.021 0.046
1 0.691 0.406 0.026 0.046
1 0.675 0.436 0.026 0.051
1 0.563 0.509 0.026 0.053
1 0.64 0.52 0.027 0.053
1 0.739 0.501 0.024 0.054
1 0.754 0.426 0.027 0.049
1 0.761 0.225 0.026 0.047
1 0.792 0.289 0.025 0.057
1 0.794 0.367 0.029 0.049
1 0.906 0.16 0.025 0.044
1 0.864 0.242 0.029 0.054
1 0.894 0.275 0.01 0.055
1 0.889 0.365 0.026 0.051
1 0.874 0.42 0.026 0.057
1 0.964 0.461 0.026 0.046
1 0.957 0.108 0.029 0.058
1 0.985 0.036 0.023 0.044
1 0.993 0.318 0.014 0.047
1 0.986 0.37 0.023 0.058
1 0.931 0.53 0.021 0.053
1 0.938 0.598 0.026 0.05
1 0.946 0.694 0.025 0.049
1 0.933 0.886 0.023 0.054
1 0.877 0.888 0.029 0.057
1 0.876 0.969 0.025 0.043
1 0.819 0.891 0.021 0.062
1 0.746 0.895 0.025 0.054
1 0.731 0.806 0.027 0.058
1 0.757 0.782 0.025 0.047
1 0.782 0.762 0.016 0.054
1 0.803 0.678 0.029 0.051
1 0.851 0.628 0.021 0.053
1 0.839 0.564 0.024 0.055
1 0.777 0.621 0.014 0.055
1 0.71 0.675 0.027 0.054
1 0.651 0.576 0.01 0.04
1 0.681 0.737 0.021 0.051
1 0.669 0.8 0.027 0.054
1 0.678 0.934 0.023 0.062
1 0.579 0.709 0.027 0.062
1 0.59 0.628 0.027 0.053
1 0.031 0.42 0.027 0.044
1 0.024 0.487 0.021 0.042
1 0.042 0.516 0.027 0.05
1 0.049 0.589 0.031 0.049
1 0.009 0.75 0.018 0.067
1 0.093 0.684 0.026 0.046
1 0.119 0.723 0.031 0.05
1 0.026 0.893 0.023 0.046
1 0.017 0.933 0.024 0.055
1 0.085 0.954 0.027 0.047
1 0.132 0.979 0.028 0.043
1 0.097 0.868 0.023 0.035
1 0.14 0.811 0.027 0.053
1 0.214 0.805 0.028 0.043
1 0.204 0.899 0.025 0.042
1 0.204 0.938 0.027 0.057
1 0.208 0.986 0.026 0.028
1 0.285 0.944 0.028 0.051
1 0.297 0.883 0.025 0.05
1 0.156 0.606 0.026 0.055
1 0.218 0.665 0.028 0.054
1 0.228 0.555 0.025 0.046
1 0.271 0.625 0.025 0.054
1 0.295 0.538 0.025 0.044
1 0.406 0.53 0.025 0.053
1 0.375 0.615 0.028 0.051
1 0.345 0.689 0.025 0.05
1 0.361 0.749 0.012 0.061
1 0.376 0.978 0.029 0.044
1 0.387 0.947 0.026 0.049
1 0.416 0.681 0.028 0.047
1 0.447 0.61 0.023 0.051
1 0.483 0.534 0.024 0.055
1 0.475 0.676 0.015 0.057
1 0.482 0.945 0.031 0.06
1 0.704 0.989 0.026 0.022
1 0.036 0.017 0.021 0.033
1 0.011 0.368 0.021 0.044
1 0.962 0.711 0.027 0.051
