1 0.075 0.194 0.036 0.076
1 0.079 0.296 0.043 0.122
1 0.116 0.261 0.038 0.087
1 0.179 0.18 0.022 0.081
1 0.191 0.328 0.064 0.119
1 0.222 0.235 0.018 0.035
1 0.287 0.188 0.015 0.029
1 0.321 0.248 0.062 0.117
1 0.302 0.401 0.047 0.097
1 0.406 0.273 0.029 0.088
1 0.358 0.217 0.023 0.041
1 0.481 0.336 0.033 0.084
1 0.438 0.474 0.039 0.076
1 0.574 0.442 0.046 0.079
1 0.562 0.2 0.018 0.051
1 0.626 0.207 0.02 0.044
1 0.614 0.331 0.05 0.084
1 0.678 0.306 0.031 0.069
1 0.747 0.303 0.039 0.087
1 0.803 0.211 0.012 0.05
1 0.823 0.218 0.028 0.051
1 0.838 0.322 0.035 0.07
1 0.778 0.412 0.041 0.078
1 0.881 0.272 0.044 0.082
1 0.936 0.211 0.017 0.062
1 0.975 0.251 0.021 0.056
1 0.995 0.257 0.01 0.05
1 0.803 0.423 0.022 0.062
