1 0.011 0.066 0.021 0.085
1 0.04 0.329 0.045 0.078
1 0.036 0.5 0.049 0.081
1 0.156 0.539 0.045 0.076
1 0.207 0.24 0.05 0.067
1 0.304 0.374 0.055 0.113
1 0.329 0.282 0.036 0.066
1 0.433 0.296 0.041 0.064
1 0.51 0.39 0.049 0.115
1 0.565 0.287 0.049 0.076
1 0.773 0.031 0.041 0.056
1 0.895 0.019 0.041 0.038
1 0.742 0.299 0.048 0.067
1 0.934 0.298 0.046 0.069
1 0.881 0.459 0.052 0.127
1 0.789 0.474 0.049 0.099
1 0.687 0.421 0.056 0.102
1 0.995 0.466 0.011 0.052
1 0.94 0.944 0.048 0.079
1 0.037 0.751 0.035 0.07
1 0.198 0.951 0.043 0.085
1 0.3 0.954 0.04 0.089
1 0.485 0.922 0.045 0.064
