1 0.971 0.009 0.014 0.015
1 0.959 0.073 0.013 0.022
1 0.923 0.072 0.014 0.03
1 0.934 0.041 0.018 0.026
1 0.898 0.049 0.02 0.029
1 0.861 0.048 0.018 0.024
1 0.93 0.118 0.022 0.037
1 0.868 0.135 0.021 0.03
1 0.871 0.1 0.016 0.033
1 0.839 0.122 0.017 0.029
1 0.927 0.278 0.02 0.038
1 0.885 0.256 0.024 0.038
1 0.81 0.038 0.018 0.03
1 0.784 0.054 0.011 0.02
1 0.773 0.092 0.02 0.029
1 0.777 0.159 0.018 0.028
1 0.772 0.188 0.02 0.033
1 0.812 0.241 0.022 0.038
1 0.84 0.254 0.026 0.032
1 0.737 0.02 0.018 0.029
1 0.723 0.087 0.019 0.028
1 0.726 0.134 0.017 0.03
1 0.723 0.162 0.011 0.03
1 0.705 0.164 0.018 0.03
1 0.693 0.068 0.018 0.028
1 0.698 0.037 0.015 0.029
1 0.653 0.053 0.017 0.029
1 0.673 0.094 0.018 0.032
1 0.682 0.161 0.017 0.033
1 0.659 0.151 0.014 0.03
1 0.648 0.166 0.018 0.026
1 0.644 0.209 0.02 0.032
1 0.666 0.253 0.022 0.036
1 0.731 0.235 0.02 0.04
1 0.632 0.275 0.026 0.036
1 0.632 0.168 0.017 0.028
1 0.599 0.192 0.018 0.032
1 0.603 0.17 0.024 0.03
1 0.607 0.012 0.023 0.018
1 0.569 0.112 0.017 0.03
1 0.577 0.159 0.018 0.03
1 0.537 0.073 0.02 0.033
1 0.504 0.02 0.017 0.028
1 0.502 0.096 0.015 0.032
1 0.505 0.166 0.016 0.026
1 0.525 0.183 0.014 0.03
1 0.454 0.176 0.02 0.033
1 0.447 0.089 0.017 0.032
1 0.418 0.03 0.013 0.025
1 0.432 0.213 0.021 0.037
1 0.505 0.232 0.017 0.029
1 0.354 0.012 0.016 0.013
1 0.385 0.169 0.018 0.029
1 0.449 0.287 0.019 0.036
1 0.451 0.259 0.017 0.029
1 0.367 0.303 0.017 0.029
1 0.363 0.326 0.022 0.029
1 0.244 0.024 0.014 0.024
1 0.273 0.036 0.016 0.026
1 0.25 0.047 0.018 0.028
1 0.233 0.075 0.014 0.022
1 0.265 0.12 0.016 0.029
1 0.311 0.134 0.012 0.025
1 0.24 0.148 0.015 0.026
1 0.374 0.201 0.017 0.026
1 0.361 0.229 0.018 0.032
1 0.24 0.252 0.019 0.03
1 0.245 0.273 0.019 0.028
1 0.272 0.219 0.013 0.024
1 0.128 0.051 0.014 0.025
1 0.162 0.083 0.013 0.02
1 0.141 0.112 0.018 0.026
1 0.131 0.1 0.012 0.021
1 0.117 0.127 0.015 0.029
1 0.083 0.082 0.013 0.026
1 0.066 0.073 0.011 0.021
1 0.012 0.07 0.012 0.021
1 0.007 0.103 0.012 0.026
1 0.029 0.114 0.014 0.024
1 0.064 0.122 0.021 0.029
1 0.082 0.133 0.013 0.033
1 0.051 0.169 0.016 0.026
1 0.019 0.168 0.017 0.017
1 0.064 0.224 0.015 0.03
1 0.075 0.231 0.012 0.028
1 0.029 0.285 0.016 0.025
1 0.042 0.32 0.022 0.028
1 0.117 0.318 0.019 0.028
1 0.158 0.312 0.017 0.029
1 0.208 0.289 0.017 0.033
1 0.158 0.255 0.013 0.024
1 0.131 0.236 0.015 0.024
1 0.15 0.297 0.014 0.029
1 0.02 0.39 0.015 0.028
1 0.059 0.396 0.018 0.026
1 0.044 0.419 0.012 0.029
1 0.028 0.435 0.017 0.041
1 0.121 0.415 0.02 0.036
1 0.165 0.393 0.017 0.025
1 0.11 0.528 0.021 0.03
1 0.145 0.518 0.022 0.033
1 0.207 0.344 0.016 0.028
1 0.238 0.402 0.018 0.034
1 0.315 0.392 0.013 0.03
1 0.285 0.475 0.024 0.033
1 0.235 0.528 0.018 0.03
1 0.255 0.525 0.018 0.033
1 0.187 0.536 0.016 0.03
1 0.165 0.574 0.017 0.033
1 0.224 0.613 0.024 0.04
1 0.253 0.612 0.023 0.041
1 0.248 0.585 0.019 0.036
1 0.284 0.61 0.017 0.03
1 0.01 0.55 0.014 0.036
1 0.038 0.651 0.02 0.034
1 0.005 0.704 0.01 0.037
1 0.103 0.777 0.021 0.046
1 0.131 0.775 0.024 0.05
1 0.155 0.632 0.021 0.033
1 0.123 0.768 0.018 0.044
1 0.46 0.38 0.021 0.034
1 0.436 0.391 0.021 0.032
1 0.38 0.41 0.021 0.034
1 0.334 0.435 0.02 0.037
1 0.389 0.39 0.021 0.036
1 0.349 0.481 0.016 0.037
1 0.38 0.482 0.015 0.032
1 0.418 0.507 0.021 0.038
1 0.498 0.529 0.021 0.044
1 0.522 0.452 0.021 0.036
1 0.404 0.551 0.022 0.037
1 0.343 0.555 0.021 0.037
1 0.777 0.398 0.022 0.046
1 0.779 0.469 0.022 0.042
1 0.72 0.499 0.024 0.034
1 0.719 0.47 0.024 0.042
1 0.792 0.577 0.022 0.04
1 0.736 0.546 0.021 0.041
1 0.78 0.627 0.02 0.041
1 0.733 0.608 0.025 0.044
1 0.645 0.562 0.026 0.049
1 0.726 0.697 0.025 0.042
1 0.712 0.684 0.022 0.052
1 0.623 0.678 0.023 0.046
1 0.63 0.651 0.022 0.045
1 0.553 0.618 0.023 0.04
1 0.565 0.708 0.022 0.042
1 0.566 0.433 0.015 0.041
1 0.548 0.563 0.021 0.04
1 0.603 0.55 0.026 0.045
1 0.624 0.489 0.028 0.032
1 0.75 0.456 0.024 0.032
1 0.894 0.306 0.019 0.034
1 0.819 0.335 0.02 0.033
1 0.957 0.46 0.023 0.05
1 0.854 0.479 0.021 0.038
1 0.828 0.585 0.021 0.042
1 0.919 0.627 0.024 0.041
1 0.801 0.295 0.02 0.034
1 0.06 0.838 0.027 0.038
1 0.135 0.852 0.029 0.048
1 0.185 0.897 0.027 0.021
1 0.238 0.773 0.025 0.042
1 0.215 0.647 0.021 0.034
1 0.312 0.655 0.019 0.037
1 0.289 0.701 0.021 0.042
1 0.274 0.692 0.03 0.034
1 0.378 0.813 0.025 0.052
1 0.356 0.841 0.022 0.05
1 0.315 0.857 0.027 0.057
1 0.747 0.777 0.025 0.055
1 0.802 0.768 0.028 0.058
1 0.836 0.676 0.028 0.053
1 0.821 0.464 0.021 0.033
1 0.697 0.592 0.016 0.038
1 0.826 0.411 0.021 0.032
1 0.78 0.131 0.022 0.032
1 0.342 0.587 0.023 0.037
1 0.414 0.604 0.026 0.036
1 0.433 0.563 0.021 0.022
1 0.437 0.588 0.021 0.034
1 0.479 0.656 0.025 0.041
1 0.381 0.646 0.019 0.042
1 0.473 0.731 0.021 0.045
1 0.468 0.801 0.032 0.049
1 0.395 0.706 0.025 0.046
1 0.418 0.814 0.025 0.05
1 0.135 0.378 0.016 0.028
1 0.22 0.042 0.014 0.02
1 0.404 0.272 0.02 0.034
1 0.968 0.056 0.016 0.028
1 0.987 0.095 0.017 0.029
1 0.639 0.392 0.025 0.036
1 0.007 0.832 0.015 0.044
1 0.425 0.894 0.031 0.033
1 0.576 0.88 0.029 0.042
1 0.638 0.769 0.033 0.049
1 0.647 0.752 0.021 0.041
1 0.69 0.808 0.026 0.03
1 0.751 0.869 0.028 0.052
1 0.981 0.442 0.025 0.054
1 0.984 0.621 0.027 0.042
1 0.982 0.511 0.028 0.044
1 0.974 0.883 0.037 0.049
1 0.266 0.373 0.017 0.03
