1 0.112 0.129 0.045 0.097
1 0.196 0.162 0.041 0.046
1 0.204 0.252 0.052 0.11
1 0.122 0.451 0.056 0.107
1 0.256 0.462 0.053 0.102
1 0.291 0.202 0.036 0.072
1 0.909 0.234 0.041 0.088
1 0.898 0.439 0.054 0.102
1 0.333 0.28 0.05 0.099
1 0.399 0.163 0.034 0.067
1 0.458 0.328 0.044 0.094
1 0.399 0.468 0.056 0.109
1 0.729 0.099 0.034 0.077
1 0.716 0.259 0.042 0.083
1 0.8 0.238 0.042 0.08
1 0.807 0.479 0.05 0.102
1 0.504 0.118 0.036 0.077
1 0.61 0.147 0.035 0.077
1 0.625 0.288 0.047 0.105
1 0.675 0.455 0.047 0.102
1 0.54 0.447 0.05 0.105
1 0.513 0.242 0.045 0.097
