1 0.679 0.119 0.041 0.092
1 0.606 0.119 0.038 0.075
1 0.542 0.102 0.034 0.067
1 0.472 0.102 0.05 0.085
1 0.401 0.097 0.037 0.07
1 0.341 0.09 0.036 0.072
1 0.278 0.089 0.037 0.072
1 0.211 0.098 0.048 0.088
1 0.138 0.101 0.041 0.067
1 0.069 0.096 0.036 0.072
1 0.01 0.076 0.02 0.076
1 0.968 0.398 0.034 0.067
1 0.925 0.411 0.036 0.06
1 0.863 0.413 0.036 0.056
1 0.761 0.374 0.038 0.063
1 0.687 0.386 0.039 0.057
1 0.566 0.597 0.037 0.061
1 0.569 0.469 0.029 0.061
1 0.526 0.422 0.034 0.064
1 0.454 0.431 0.03 0.063
1 0.429 0.423 0.03 0.047
1 0.344 0.387 0.038 0.069
1 0.264 0.376 0.04 0.069
1 0.292 0.408 0.028 0.054
1 0.177 0.377 0.039 0.069
1 0.199 0.39 0.033 0.054
1 0.063 0.325 0.046 0.067
1 0.824 0.373 0.227 0.461
