1 0.518 0.337 0.031 0.064
1 0.635 0.326 0.04 0.077
1 0.827 0.373 0.023 0.056
1 0.311 0.314 0.021 0.039
1 0.102 0.392 0.005 0.008
1 0.109 0.392 0.005 0.008
1 0.116 0.393 0.004 0.008
1 0.123 0.393 0.006 0.008
1 0.131 0.394 0.004 0.007
1 0.139 0.395 0.005 0.008
1 0.147 0.395 0.005 0.008
1 0.154 0.396 0.005 0.008
1 0.161 0.396 0.004 0.008
1 0.169 0.396 0.004 0.007
1 0.177 0.397 0.004 0.008
1 0.186 0.398 0.006 0.009
1 0.101 0.408 0.004 0.007
1 0.108 0.409 0.005 0.008
1 0.117 0.409 0.005 0.008
1 0.123 0.41 0.005 0.008
1 0.131 0.411 0.004 0.009
1 0.138 0.412 0.005 0.009
1 0.146 0.411 0.005 0.008
1 0.154 0.411 0.006 0.008
1 0.161 0.413 0.005 0.008
1 0.169 0.412 0.005 0.009
1 0.177 0.413 0.006 0.009
1 0.185 0.414 0.005 0.008
1 0.101 0.426 0.004 0.008
1 0.109 0.426 0.005 0.009
1 0.115 0.426 0.006 0.009
1 0.123 0.429 0.006 0.009
1 0.13 0.427 0.005 0.008
1 0.139 0.428 0.006 0.008
1 0.146 0.428 0.006 0.008
1 0.153 0.43 0.005 0.008
1 0.16 0.43 0.005 0.008
1 0.168 0.431 0.005 0.008
1 0.176 0.43 0.005 0.009
1 0.184 0.432 0.005 0.008
1 0.099 0.447 0.006 0.01
1 0.123 0.445 0.006 0.009
1 0.13 0.445 0.004 0.008
1 0.138 0.447 0.007 0.008
1 0.145 0.447 0.005 0.009
1 0.152 0.447 0.006 0.009
1 0.161 0.449 0.005 0.01
1 0.168 0.448 0.005 0.008
1 0.175 0.448 0.005 0.008
1 0.183 0.449 0.005 0.008
1 0.122 0.462 0.006 0.009
1 0.13 0.463 0.006 0.009
1 0.137 0.462 0.005 0.008
1 0.144 0.464 0.005 0.01
1 0.152 0.464 0.006 0.009
1 0.16 0.465 0.005 0.01
1 0.167 0.465 0.005 0.008
1 0.176 0.465 0.004 0.009
1 0.182 0.467 0.005 0.009
1 0.111 0.477 0.005 0.009
1 0.12 0.479 0.006 0.012
1 0.129 0.48 0.006 0.012
1 0.135 0.48 0.004 0.012
1 0.143 0.481 0.008 0.012
1 0.15 0.48 0.006 0.013
1 0.158 0.482 0.006 0.013
1 0.166 0.482 0.006 0.012
1 0.173 0.484 0.005 0.012
1 0.182 0.484 0.006 0.012
1 0.094 0.495 0.005 0.013
1 0.104 0.494 0.006 0.012
1 0.11 0.497 0.005 0.01
1 0.118 0.495 0.006 0.009
1 0.126 0.496 0.005 0.01
1 0.133 0.495 0.005 0.009
1 0.142 0.497 0.005 0.009
1 0.148 0.498 0.006 0.009
1 0.156 0.499 0.006 0.01
1 0.165 0.501 0.006 0.009
1 0.172 0.501 0.005 0.01
1 0.181 0.502 0.005 0.009
1 0.093 0.511 0.006 0.009
1 0.1 0.512 0.007 0.01
1 0.108 0.512 0.005 0.009
1 0.116 0.514 0.005 0.009
1 0.124 0.514 0.005 0.01
1 0.13 0.514 0.007 0.01
1 0.138 0.516 0.004 0.01
1 0.146 0.515 0.006 0.009
1 0.154 0.516 0.005 0.01
1 0.162 0.517 0.006 0.01
1 0.169 0.518 0.005 0.009
1 0.178 0.518 0.006 0.01
1 0.089 0.527 0.005 0.009
1 0.097 0.528 0.004 0.009
1 0.103 0.529 0.004 0.01
1 0.113 0.529 0.007 0.01
1 0.12 0.529 0.003 0.009
1 0.127 0.531 0.005 0.009
1 0.134 0.53 0.005 0.008
1 0.143 0.531 0.006 0.009
1 0.15 0.533 0.006 0.01
1 0.158 0.533 0.006 0.009
1 0.167 0.534 0.006 0.008
1 0.176 0.534 0.006 0.008
1 0.086 0.542 0.005 0.008
1 0.093 0.545 0.005 0.009
1 0.102 0.544 0.007 0.008
1 0.109 0.544 0.005 0.008
1 0.116 0.545 0.004 0.009
1 0.124 0.546 0.006 0.008
1 0.132 0.547 0.005 0.008
1 0.14 0.548 0.006 0.008
1 0.148 0.549 0.005 0.009
1 0.155 0.549 0.006 0.008
1 0.163 0.549 0.005 0.008
1 0.17 0.551 0.005 0.009
1 0.089 0.561 0.006 0.009
1 0.097 0.56 0.005 0.008
1 0.105 0.562 0.005 0.008
1 0.112 0.562 0.004 0.008
1 0.119 0.562 0.006 0.008
1 0.128 0.565 0.004 0.008
1 0.138 0.566 0.007 0.008
