1 0.197 0.223 0.023 0.05
1 0.248 0.364 0.007 0.01
1 0.233 0.387 0.008 0.012
1 0.155 0.352 0.013 0.025
1 0.293 0.361 0.007 0.01
1 0.279 0.403 0.007 0.01
1 0.34 0.395 0.008 0.013
1 0.355 0.364 0.005 0.013
1 0.349 0.445 0.009 0.018
1 0.378 0.393 0.006 0.01
1 0.412 0.403 0.01 0.016
1 0.394 0.36 0.005 0.009
1 0.424 0.39 0.005 0.01
1 0.388 0.389 0.007 0.018
1 0.531 0.403 0.009 0.019
1 0.5 0.4 0.01 0.019
1 0.565 0.402 0.011 0.016
1 0.552 0.398 0.01 0.015
1 0.535 0.352 0.008 0.013
1 0.5 0.355 0.007 0.013
1 0.458 0.351 0.005 0.01
1 0.581 0.362 0.006 0.009
1 0.536 0.389 0.008 0.016
1 0.402 0.38 0.006 0.013
1 0.593 0.362 0.006 0.012
1 0.643 0.417 0.012 0.02
1 0.65 0.351 0.006 0.015
1 0.61 0.398 0.007 0.012
1 0.682 0.4 0.011 0.02
1 0.685 0.433 0.02 0.056
1 0.728 0.612 0.018 0.047
1 0.784 0.499 0.023 0.028
1 0.81 0.431 0.018 0.025
1 0.767 0.409 0.012 0.028
1 0.712 0.4 0.015 0.025
1 0.791 0.402 0.01 0.022
1 0.78 0.395 0.009 0.015
1 0.847 0.4 0.011 0.02
1 0.888 0.424 0.019 0.031
1 0.886 0.399 0.013 0.025
1 0.925 0.419 0.013 0.02
1 0.903 0.343 0.01 0.016
1 0.831 0.316 0.013 0.015
1 0.922 0.294 0.011 0.019
1 0.969 0.337 0.01 0.022
1 0.982 0.428 0.017 0.032
1 0.693 0.353 0.006 0.012
1 0.738 0.346 0.008 0.016
1 0.015 0.361 0.009 0.013
